24.66227149963379 -94.09333038330078 55.61271286010742
-45.91156005859375 -219.11831665039062 445.6946716308594
19.142074584960938 -22.124343872070312 103.69209289550781
128.56886291503906 -289.1221923828125 300.2165222167969
-36.549407958984375 -403.9662170410156 455.0602111816406
60.2775764465332 -48.31656265258789 383.2978210449219
-254.69322204589844 200.7465057373047 72.81587982177734
-110.04531860351562 -297.13818359375 419.650146484375
51.01522445678711 -78.50074768066406 190.1962432861328
100.40605926513672 -261.2745056152344 449.67718505859375
221.92874145507812 188.17283630371094 73.82051086425781
-40.83531188964844 -55.83263397216797 63.25127410888672
-324.0219421386719 -228.03106689453125 44.42105484008789
-38.36247253417969 357.8343811035156 130.58042907714844
31.502016067504883 -23.347089767456055 331.6144104003906
42.46859359741211 -321.3138427734375 297.8733215332031
-129.59646606445312 -196.11000061035156 415.7264709472656
-170.8769073486328 168.76443481445312 102.82752990722656
-175.0702362060547 -13.631420135498047 110.71011352539062
-9.61878776550293 -393.46221923828125 325.81878662109375
21.42722511291504 183.6268310546875 66.24853515625
-44.29303741455078 -77.09014129638672 192.8766632080078
46.46915054321289 3.6651158332824707 335.80126953125
31.372821807861328 -136.0996551513672 359.5972595214844
-134.77456665039062 -12.254807472229004 141.5291748046875
136.3287811279297 -171.0264129638672 105.70366668701172
-24.492464065551758 -114.16914367675781 451.6455993652344
-80.47471618652344 83.45010375976562 141.35147094726562
58.366790771484375 67.56117248535156 191.38536071777344
57.21160125732422 -405.33441162109375 379.8973693847656
122.98512268066406 -76.43085479736328 94.3568344116211
-185.38821411132812 138.75856018066406 77.1983871459961
-11.307400703430176 -102.84800720214844 26.570066452026367
354.7309265136719 61.42692565917969 165.81651306152344
-122.1251449584961 -270.39093017578125 307.6180725097656
123.83979034423828 -249.73171997070312 337.35040283203125
4.795076370239258 81.91348266601562 171.8333740234375
21.971668243408203 -186.44937133789062 465.0500183105469
30.72925567626953 -64.2808837890625 284.8135681152344
62.33598327636719 -111.24858856201172 123.1656265258789
-47.66360855102539 -188.9306640625 32.8435173034668
-96.21576690673828 -151.6992950439453 42.386959075927734
179.83282470703125 -32.1567497253418 18.865137100219727
15.392352104187012 -368.7828063964844 437.00616455078125
-27.316354751586914 350.1842346191406 100.06275177001953
300.2408142089844 27.79092025756836 83.62834930419922
-99.13727569580078 -91.60887908935547 293.6578369140625
-23.61368179321289 -403.66094970703125 291.505859375
-28.374134063720703 297.2334899902344 48.27800369262695
-67.74602508544922 -29.466108322143555 271.53948974609375
248.27725219726562 -227.56866455078125 145.70321655273438
-15.842337608337402 -33.5228157043457 381.0919494628906
-118.22395324707031 17.278244018554688 111.14582824707031
96.47972106933594 -138.79185485839844 71.24600219726562
-51.9151496887207 -143.48292541503906 89.76107788085938
130.5562286376953 -182.22506713867188 316.62481689453125
-50.5067253112793 37.40142059326172 228.29055786132812
42.45034408569336 -36.8123779296875 393.605712890625
-30.674137115478516 99.49717712402344 88.91730499267578
325.8468933105469 24.749040603637695 72.60100555419922
-309.082275390625 222.21910095214844 45.0843391418457
96.35340881347656 -52.08872985839844 293.64593505859375
61.50357437133789 -354.0711364746094 466.947509765625
-34.91755676269531 252.97967529296875 24.466196060180664
-127.68621063232422 111.6055679321289 35.129371643066406
-20.763946533203125 178.60137939453125 30.756282806396484
134.9921112060547 35.89273452758789 77.82496643066406
112.26582336425781 -242.9782257080078 293.5709228515625
186.5133056640625 268.4842834472656 18.83395767211914
149.3079376220703 112.79443359375 67.02676391601562
-214.35667419433594 -35.39948272705078 28.664630889892578
-154.20921325683594 -117.20462036132812 28.674659729003906
-383.6322937011719 -235.51321411132812 67.44891357421875
-219.6043701171875 -202.76077270507812 73.28030395507812
-91.54314422607422 -230.89698791503906 403.9324035644531
85.3414535522461 -332.9312438964844 118.66693878173828
84.72039794921875 -301.04541015625 135.66551208496094
-218.5509033203125 14.060492515563965 31.57560920715332
-101.70232391357422 -158.7266387939453 408.62225341796875
77.15335083007812 -73.01567077636719 259.4315490722656
88.61668395996094 -1.8376721143722534 207.24966430664062
4.822476863861084 -179.8366241455078 225.65335083007812
-12.958795547485352 -248.41140747070312 37.17514419555664
104.10990905761719 -122.75483703613281 351.2911071777344
-254.2460479736328 -207.57582092285156 37.7149543762207
35.7703742980957 -89.3958511352539 411.1980285644531
-356.2789001464844 116.92839050292969 75.51648712158203
188.20143127441406 -201.13343811035156 141.8351593017578
-273.7598876953125 -192.51248168945312 60.6301383972168
-0.5183259844779968 -327.49517822265625 248.02188110351562
106.95194244384766 -306.9571533203125 306.4621276855469
-7.004286289215088 -259.856689453125 341.9449157714844
90.88249969482422 -294.69207763671875 454.3872375488281
304.2327880859375 77.57862854003906 66.31758880615234
-37.484092712402344 -34.148643493652344 328.6592102050781
96.55601501464844 -209.9281463623047 417.10992431640625
-9.56978702545166 -267.04229736328125 228.8877716064453
-49.899635314941406 -300.1297302246094 271.548583984375
-320.4945373535156 27.16733169555664 86.90351867675781
-48.47255325317383 -82.10149383544922 383.6968688964844
123.36752319335938 -35.28717041015625 79.55339813232422
83.9962387084961 -324.67413330078125 368.36566162109375
60.635650634765625 -75.43985748291016 52.450653076171875
-395.11175537109375 -248.61880493164062 56.82645034790039
223.72760009765625 276.9821472167969 39.99197769165039
239.21766662597656 -30.07221794128418 29.887290954589844
100.86665344238281 -316.75946044921875 140.0252685546875
99.6089096069336 -353.59417724609375 329.0792541503906
-94.32073211669922 -337.7056884765625 361.1377868652344
71.69251251220703 -153.61428833007812 424.8987731933594
37.85367202758789 114.72052764892578 51.83573913574219
4.137901306152344 19.272380828857422 303.8951110839844
214.93251037597656 -1.998281478881836 59.61476516723633
-412.9431457519531 147.40478515625 57.53422927856445
-20.76563262939453 -104.059814453125 139.6131134033203
21.27367401123047 -131.8914337158203 223.4671630859375
21.999752044677734 -228.5905303955078 217.5386505126953
-280.9648742675781 259.4967956542969 28.464527130126953
137.40574645996094 -122.9449462890625 140.64369201660156
144.3982391357422 -25.513032913208008 129.8791961669922
99.40547943115234 -314.34112548828125 98.01216125488281
-172.7234649658203 127.93997955322266 53.41474533081055
-217.29815673828125 41.32036590576172 61.57936477661133
-15.043966293334961 170.185791015625 100.64728546142578
-126.9789047241211 -231.28285217285156 377.2214660644531
-3.1340720653533936 -311.889404296875 50.27808380126953
14.413175582885742 -301.81585693359375 82.65538787841797
99.78250122070312 -317.4573669433594 426.90130615234375
-12.51711654663086 134.9639129638672 11.993260383605957
355.43011474609375 75.92068481445312 174.06517028808594
340.8807678222656 69.87702941894531 124.40131378173828
169.38180541992188 -30.9263858795166 116.66238403320312
162.66265869140625 281.63726806640625 37.75910186767578
-54.163970947265625 -388.0686950683594 295.8414611816406
-125.05274963378906 -345.5322265625 327.5977783203125
-85.09123229980469 -346.2696533203125 292.8234558105469
-77.38134765625 -400.43994140625 356.49029541015625
5.390871524810791 2.958709716796875 356.15185546875
-290.7425231933594 61.6663703918457 62.760520935058594
99.75385284423828 -124.1659164428711 290.4183044433594
116.06136322021484 -137.3367156982422 185.22579956054688
-344.7064514160156 75.32601165771484 85.1162338256836
-162.43661499023438 -168.90989685058594 39.499202728271484
-119.15824127197266 137.69581604003906 57.93255615234375
28.27274513244629 -279.4393005371094 456.2317199707031
40.666011810302734 -55.48090744018555 26.153642654418945
-10.454590797424316 403.7294921875 97.26985168457031
130.11705017089844 -13.650350570678711 149.5395965576172
131.33126831054688 150.9661865234375 53.32533264160156
39.4533576965332 222.1828155517578 66.71133422851562
25.997039794921875 356.79681396484375 50.5572624206543
-0.13550984859466553 -166.63954162597656 60.75414276123047
-69.3226318359375 -233.4021453857422 290.7359619140625
-326.46563720703125 -229.96331787109375 65.99003601074219
-118.44952392578125 -69.74108123779297 90.36320495605469
-116.28296661376953 -24.415660858154297 42.91411209106445
-298.1124267578125 253.35049438476562 46.71287536621094
112.08470916748047 267.099853515625 26.458839416503906
-10.96643352508545 275.1955261230469 82.70955657958984
-40.80168914794922 325.10284423828125 117.84100341796875
168.18467712402344 -11.736438751220703 107.84232330322266
77.86267852783203 6.08651876449585 27.503448486328125
30.534664154052734 -139.39736938476562 462.7127380371094
-275.250732421875 178.9409942626953 100.71894836425781
182.67013549804688 -48.6961555480957 80.546142578125
161.78396606445312 -121.68281555175781 95.77848815917969
-158.66481018066406 170.76197814941406 63.85478210449219
198.9238739013672 184.66592407226562 31.959733963012695
46.71177673339844 -346.9778137207031 249.16517639160156
-46.487060546875 24.186845779418945 307.075927734375
98.07987976074219 40.88307571411133 156.64437866210938
10.685286521911621 270.5393981933594 44.72468948364258
-423.0712585449219 123.06202697753906 51.168495178222656
131.84986877441406 -251.1013946533203 408.8359680175781
66.04222869873047 -329.5036926269531 82.24445343017578
-184.7071075439453 -34.74735641479492 65.39569854736328
-149.94383239746094 -96.99468231201172 47.378150939941406
-371.0565490722656 108.45100402832031 46.070621490478516
-43.177852630615234 -231.66725158691406 229.27053833007812
-460.1438293457031 162.1739959716797 36.656280517578125
37.47051239013672 -381.68804931640625 294.4267883300781
196.6421356201172 118.78692626953125 49.98054885864258
1.6406148672103882 -8.077856063842773 17.88376808166504
-436.13079833984375 142.74148559570312 61.29678726196289
-479.26861572265625 165.17764282226562 28.49835205078125
-35.39654541015625 -164.73660278320312 239.8362274169922
-24.799671173095703 -151.11940002441406 407.47564697265625
-140.38772583007812 118.44815063476562 101.7617416381836
-33.2711181640625 273.06707763671875 65.01303100585938
29.596939086914062 -332.2498779296875 55.92315673828125
244.3441162109375 -220.82180786132812 124.22249603271484
275.2242126464844 28.96839141845703 47.69536590576172
207.1177215576172 250.6832733154297 59.06596374511719
72.40154266357422 -315.2488708496094 284.9083557128906
-177.1400604248047 200.73214721679688 76.77107238769531
133.6666717529297 -314.12176513671875 317.4133605957031
286.2935485839844 -9.480058670043945 59.768898010253906
-88.34012603759766 95.83396911621094 57.09022903442383
190.21795654296875 -58.38908386230469 35.20945358276367
-32.527984619140625 406.3656311035156 76.12849426269531
-104.05947875976562 146.22581481933594 101.33179473876953
53.505496978759766 109.10401916503906 127.59087371826172
242.15623474121094 -260.8487243652344 123.04571533203125
216.92196655273438 -24.165006637573242 91.76274871826172
342.5891418457031 68.21990203857422 85.38993072509766
295.3876953125 -291.6091613769531 39.56560516357422
23.715373992919922 -277.7185363769531 223.96905517578125
-48.67728805541992 -199.67001342773438 81.60711669921875
-197.3306121826172 -148.9200897216797 66.48233032226562
-10.358654975891113 38.7336311340332 264.3408508300781
324.7955322265625 58.7119140625 54.93534851074219
-127.37506866455078 -306.9441223144531 334.25482177734375
-124.5332260131836 -333.7559509277344 316.9587097167969
193.12388610839844 -248.23602294921875 136.0840606689453
282.22418212890625 -281.63226318359375 79.61885070800781
-98.99919128417969 -150.375732421875 327.4573669433594
45.4204216003418 -159.16542053222656 226.3359832763672
105.5599136352539 -161.0889129638672 150.6741180419922
-51.373714447021484 -359.21173095703125 432.06427001953125
-69.17642211914062 28.78510856628418 46.394405364990234
105.48653411865234 -66.65679931640625 322.5289001464844
55.66322708129883 -397.19476318359375 306.5921325683594
122.6246566772461 -149.02001953125 74.415771484375
-61.90243911743164 -1.938757061958313 160.93707275390625
44.68213653564453 -298.57415771484375 60.61801528930664
-439.4309387207031 145.12796020507812 34.52625274658203
250.1273956298828 -257.7317199707031 85.99168395996094
-279.66357421875 232.09637451171875 94.12825012207031
-267.82977294921875 17.132617950439453 71.64684295654297
-95.70136260986328 1.2495192289352417 158.50209045410156
1.2213565111160278 373.4232482910156 91.24806213378906
-105.00886535644531 116.09391784667969 137.623046875
183.3919219970703 175.61944580078125 71.16564178466797
157.82943725585938 -30.508337020874023 40.29084777832031
-226.05638122558594 -35.95429611206055 37.98612594604492
-212.00595092773438 -149.5519561767578 32.48181915283203
55.51089096069336 80.50120544433594 20.56084442138672
10.938621520996094 -132.87747192382812 288.9734191894531
-19.38692283630371 233.4529571533203 71.96125030517578
-63.53651428222656 -82.13153076171875 30.414575576782227
3.6567206382751465 323.5491638183594 37.20029830932617
-398.05657958984375 112.90766906738281 68.07413482666016
-81.38675689697266 -12.71033763885498 203.90809631347656
81.94647216796875 28.833951950073242 115.57363891601562
-9.890772819519043 -99.62804412841797 235.5014190673828
-8.456790924072266 -254.63528442382812 75.02008819580078
-110.60023498535156 -61.67916488647461 313.1294860839844
74.78040313720703 -235.43673706054688 362.6905822753906
40.25581359863281 -231.03077697753906 269.3998107910156
41.326473236083984 17.64928436279297 213.93209838867188
-99.8561019897461 -74.59138488769531 344.1531677246094
273.8343811035156 18.21200942993164 25.441699981689453
54.42053985595703 -273.64312744140625 240.2723846435547
85.45661926269531 -288.97119140625 194.46212768554688
-28.07053565979004 385.9117736816406 75.22244262695312
-175.0389404296875 8.563212394714355 55.303466796875
