-205.65736389160156 -179.33299255371094 83.97080993652344
-62.580413818359375 150.04965209960938 447.7767028808594
-81.61988830566406 8.543669700622559 245.5696563720703
-268.831298828125 -29.64422607421875 34.41194152832031
-59.37405776977539 -60.67124557495117 462.2494812011719
24.40668487548828 -186.3955841064453 258.6140441894531
-55.5330696105957 191.63058471679688 55.093746185302734
190.76556396484375 -27.782608032226562 109.13702392578125
147.05755615234375 4.732872009277344 105.36663055419922
-5.679000377655029 3.044116735458374 274.7065124511719
-176.11886596679688 -200.94500732421875 89.71190643310547
-267.3503723144531 9.115047454833984 50.878028869628906
-198.90321350097656 -147.3127899169922 116.084716796875
-295.5390930175781 -267.1705322265625 52.65062713623047
72.83084106445312 151.7738037109375 451.7085876464844
57.7324333190918 -98.78199768066406 346.4694519042969
-202.3982391357422 -7.108205795288086 64.8536148071289
-109.36797332763672 -349.66259765625 112.12599182128906
23.3310604095459 161.76626586914062 561.8244018554688
49.35542678833008 62.5406608581543 191.0762176513672
89.02727508544922 15.754281044006348 174.33790588378906
-163.93736267089844 -161.9053955078125 137.35731506347656
130.2131805419922 -221.7779083251953 180.00167846679688
92.80097961425781 -266.220703125 160.0993194580078
258.9880676269531 -330.82098388671875 77.24066925048828
25.275310516357422 -135.55271911621094 390.0370178222656
49.74039077758789 -170.08963012695312 325.47015380859375
-107.67652893066406 26.544137954711914 199.82508850097656
-14.774879455566406 -149.2158203125 359.30242919921875
84.74307250976562 38.445777893066406 504.23272705078125
-159.55010986328125 30.477144241333008 97.71173095703125
-63.36281967163086 251.1951904296875 81.14643096923828
74.24862670898438 -373.1249084472656 127.90672302246094
-141.93783569335938 -96.30216979980469 201.5195770263672
69.8595962524414 42.44356918334961 406.223388671875
37.9612922668457 199.44163513183594 458.1831359863281
221.21763610839844 -233.09136962890625 84.17494201660156
127.13777160644531 267.848388671875 82.92835998535156
120.35482025146484 365.0925598144531 40.05550003051758
-83.78279876708984 -98.34264373779297 362.6353759765625
-14.53773307800293 -23.31061363220215 379.6333312988281
49.48720932006836 -197.09768676757812 206.49545288085938
15.277406692504883 -223.41197204589844 221.0659942626953
-34.079185485839844 -222.32241821289062 232.25827026367188
132.02713012695312 -31.1726016998291 124.72868347167969
-318.97100830078125 -25.587263107299805 14.316228866577148
30.278406143188477 163.10508728027344 415.7703857421875
-78.41366577148438 73.3408432006836 413.260986328125
20.75078010559082 210.6588897705078 525.6181640625
-91.51239776611328 -98.6353530883789 237.20230102539062
41.6092414855957 -51.23569107055664 506.1944274902344
46.84074020385742 -8.636157989501953 215.31832885742188
29.573881149291992 -0.41037195920944214 356.812255859375
-250.00454711914062 -18.499130249023438 53.81794357299805
-308.5551452636719 -274.16595458984375 65.88003540039062
-97.24945068359375 -110.54906463623047 324.7440185546875
-179.06350708007812 -161.67190551757812 198.4152374267578
49.87335968017578 -296.17138671875 135.07699584960938
125.01033020019531 -85.10749816894531 200.6149139404297
-87.72615814208984 -236.81185913085938 182.25006103515625
-105.32620239257812 -206.23727416992188 197.88926696777344
155.6349334716797 -45.312416076660156 154.37091064453125
-98.2950439453125 23.054685592651367 210.57066345214844
-285.6746826171875 -231.69993591308594 56.24397659301758
-190.93975830078125 -42.398948669433594 90.97660827636719
-207.9557342529297 -10.62771987915039 105.76316833496094
73.17032623291016 -379.1924133300781 95.98198699951172
104.07821655273438 147.5096435546875 105.44392395019531
-183.64129638671875 83.22541046142578 102.337646484375
186.74205017089844 10.650909423828125 153.18374633789062
-149.0792999267578 -142.761962890625 244.92257690429688
-119.00973510742188 -33.502197265625 174.00863647460938
-66.06128692626953 14.42080307006836 532.0177001953125
-101.1400375366211 -284.340576171875 164.17080688476562
45.649078369140625 83.53536987304688 428.4785461425781
-24.28407859802246 56.097293853759766 198.99473571777344
27.443523406982422 -88.5936279296875 358.254150390625
214.73037719726562 -36.09355926513672 71.26121520996094
-54.279293060302734 -48.663692474365234 209.16683959960938
-135.1726837158203 -212.0425262451172 110.71609497070312
-21.575624465942383 208.6331024169922 502.0423889160156
28.83909797668457 -322.81884765625 151.3032989501953
-54.48896408081055 -310.4037170410156 150.39236450195312
93.61137390136719 136.51654052734375 528.3250732421875
-85.1346435546875 211.08651733398438 109.15778350830078
27.860124588012695 42.32646560668945 229.88832092285156
-84.59044647216797 -21.89640235900879 213.23406982421875
110.86389923095703 316.7937927246094 40.9136848449707
-151.21331787109375 -323.1399841308594 126.02969360351562
72.12225341796875 -310.0143737792969 91.49897003173828
-293.19757080078125 -29.618473052978516 32.97114944458008
-61.36372756958008 160.867431640625 82.0727767944336
0.5226851105690002 -133.97537231445312 274.2749328613281
197.6153106689453 -221.39083862304688 155.59912109375
124.42247009277344 -397.46087646484375 84.206298828125
93.87680053710938 17.416303634643555 531.5208740234375
-153.29295349121094 -36.09798812866211 122.01495361328125
-164.67587280273438 -93.81755065917969 161.6345977783203
217.9378662109375 -196.404541015625 104.7003402709961
-53.645267486572266 -261.5368957519531 181.44375610351562
77.71282196044922 -97.33795928955078 273.1175537109375
-70.26744079589844 9.981269836425781 146.8814697265625
-22.513778686523438 -78.25154876708984 516.3863525390625
290.9665832519531 -26.26350212097168 57.052398681640625
-120.51585388183594 58.06388473510742 174.57542419433594
-52.714256286621094 337.0242919921875 23.72761344909668
90.95246124267578 172.49156188964844 152.86216735839844
92.25434112548828 81.9839859008789 172.28639221191406
160.3892822265625 33.580841064453125 138.10719299316406
239.16259765625 -278.4208984375 94.89002990722656
98.47587585449219 92.54466247558594 443.1237487792969
-19.709117889404297 -204.3175506591797 278.383544921875
-179.65878295898438 -35.54225158691406 131.58206176757812
-113.2926254272461 -283.58294677734375 114.84317016601562
-147.50709533691406 -226.1962890625 100.30271911621094
-229.80145263671875 -152.95391845703125 95.2933349609375
-20.199262619018555 64.5484848022461 563.8153686523438
79.74604034423828 191.78143310546875 71.60575866699219
4.940728187561035 250.34901428222656 52.647586822509766
-77.08247375488281 -158.48231506347656 283.445556640625
-162.34500122070312 -119.66421508789062 156.52191162109375
-63.51660919189453 -91.8974838256836 402.3150329589844
137.59378051757812 -247.8556671142578 127.41337585449219
99.36942291259766 -296.97296142578125 146.00071716308594
-148.3684539794922 -392.49798583984375 83.24119567871094
-234.05862426757812 13.858739852905273 89.41963958740234
18.174161911010742 -53.76810073852539 268.9208984375
240.62791442871094 -11.672355651855469 90.88937377929688
-197.6199493408203 -195.18760681152344 159.1783905029297
171.32183837890625 -170.49057006835938 168.61094665527344
-276.7895202636719 -268.6723327636719 83.6687240600586
20.95439338684082 151.04556274414062 158.61695861816406
-28.892436981201172 119.53192901611328 408.0360412597656
-89.66947174072266 198.10073852539062 106.47908020019531
-207.24195861816406 -239.7831573486328 91.64070892333984
-163.95343017578125 -294.9025573730469 105.22506713867188
-31.958171844482422 376.8223876953125 35.16484832763672
-135.63356018066406 22.319746017456055 159.84120178222656
98.39405822753906 115.849365234375 497.04693603515625
-29.06049156188965 51.39583969116211 258.7119445800781
68.47881317138672 179.5016326904297 500.35845947265625
141.44503784179688 192.0228271484375 106.0407943725586
224.52610778808594 -249.26512145996094 145.2640838623047
-46.57196807861328 174.18975830078125 525.3323364257812
64.88301086425781 -117.17733001708984 223.0654296875
-76.42726135253906 40.6295280456543 464.6925964355469
-148.65478515625 75.4260482788086 131.1693115234375
-37.161956787109375 284.404052734375 38.8604736328125
118.20663452148438 255.70248413085938 48.94939422607422
65.68460845947266 174.16770935058594 551.5550537109375
186.78555297851562 -263.850830078125 126.11751556396484
-67.0945053100586 -251.90045166015625 138.96437072753906
18.316787719726562 100.79106140136719 123.59880828857422
46.295562744140625 -308.0921936035156 185.62782287597656
207.57582092285156 -189.21571350097656 108.85826110839844
-34.9672737121582 141.7892608642578 71.54527282714844
115.436767578125 -184.20289611816406 251.48768615722656
221.72776794433594 45.21800231933594 104.62895202636719
-155.55320739746094 -341.08880615234375 94.28976440429688
-62.114479064941406 -193.47084045410156 220.708984375
180.3368377685547 -212.1383056640625 115.4619369506836
135.25421142578125 -407.0314025878906 96.58635711669922
-106.82827758789062 -308.0777587890625 147.60792541503906
285.9646911621094 -307.36297607421875 70.87171173095703
131.4685821533203 -151.5717315673828 180.17123413085938
230.81735229492188 21.157621383666992 97.48438262939453
114.29509735107422 57.35469436645508 448.75665283203125
-52.2377815246582 -26.923112869262695 461.195556640625
-29.813644409179688 171.19996643066406 422.9538269042969
-64.18008422851562 -60.24931716918945 353.772705078125
70.7169189453125 -20.43665885925293 453.9237060546875
114.77772521972656 -6.278830528259277 139.80690002441406
-87.2774887084961 101.63346862792969 536.596435546875
86.07548522949219 -143.7383270263672 303.4534606933594
-33.82319641113281 184.9600067138672 167.33804321289062
64.57679748535156 42.746009826660156 560.2730712890625
265.2239990234375 -62.95682144165039 67.41650390625
55.301727294921875 205.15048217773438 102.78079223632812
-29.149446487426758 210.56129455566406 97.29938507080078
7.295340538024902 130.4883270263672 385.21435546875
-340.570556640625 -303.8501892089844 51.238685607910156
69.41413879394531 -105.6972885131836 326.88641357421875
86.81544494628906 -4.916717052459717 498.2149963378906
70.11600494384766 -50.2999382019043 470.2828369140625
-13.112560272216797 -86.4344711303711 302.9257507324219
282.19091796875 12.697155952453613 70.75849914550781
42.388671875 -156.83018493652344 353.9771423339844
74.10115814208984 -159.44017028808594 323.8692626953125
-215.52359008789062 44.52212142944336 68.08999633789062
77.84564971923828 -329.3536071777344 162.9765167236328
50.699867248535156 110.12968444824219 400.5727233886719
-146.31517028808594 -174.93092346191406 213.49554443359375
-131.21896362304688 -204.13623046875 149.8520965576172
-43.82975769042969 143.5282745361328 564.3108520507812
-55.744991302490234 134.79214477539062 139.49632263183594
-302.1573181152344 -243.7237091064453 49.869171142578125
247.6464385986328 -322.7953796386719 64.60206604003906
-165.4131317138672 -398.2361755371094 104.01024627685547
-27.161542892456055 194.14195251464844 50.41567611694336
-102.72137451171875 35.18052291870117 133.0357208251953
-88.69271850585938 68.22383880615234 538.3609619140625
299.7194519042969 -349.73046875 73.36534881591797
1.1171247959136963 -18.53744888305664 540.8345947265625
-220.1397247314453 -228.8516387939453 127.53282165527344
130.91673278808594 205.68516540527344 76.5588150024414
-60.94312286376953 313.8846130371094 31.776283264160156
-12.247251510620117 181.06015014648438 425.0743408203125
229.9840545654297 -218.43789672851562 99.65593719482422
318.30096435546875 -83.25004577636719 43.32792282104492
7.57703971862793 177.8909454345703 468.82086181640625
131.39663696289062 292.3907470703125 41.13630294799805
96.3310546875 -3.774984359741211 237.62429809570312
-194.6474609375 -434.0824279785156 119.35472106933594
203.25523376464844 -268.2010192871094 152.70774841308594
-189.73890686035156 -435.2381896972656 107.32112884521484
115.6837158203125 -128.9865264892578 230.31654357910156
-59.88883590698242 -287.9148254394531 129.94717407226562
117.73824310302734 229.48081970214844 114.15177917480469
-299.3128967285156 -5.67000675201416 29.00661277770996
89.27628326416016 229.75897216796875 78.65010070800781
-97.60614776611328 93.70799255371094 500.9326171875
125.65502166748047 -443.20654296875 121.64159393310547
-10.149142265319824 148.00857543945312 95.7397689819336
53.52241897583008 153.68008422851562 93.79197692871094
52.8274040222168 -37.98405838012695 398.986083984375
-66.35130310058594 117.7822036743164 482.9786682128906
74.6649169921875 -230.05886840820312 199.7980499267578
179.52304077148438 23.8415470123291 95.57234191894531
66.6927719116211 -369.7833557128906 93.86927032470703
-108.16851043701172 62.389530181884766 164.5977325439453
-49.783973693847656 105.00923919677734 181.3533172607422
-92.52965545654297 97.51657104492188 436.26361083984375
-71.72623443603516 -131.1585693359375 346.11566162109375
-323.22003173828125 -50.160011291503906 14.882681846618652
-41.42631149291992 -111.21540832519531 425.18218994140625
88.86872100830078 85.86786651611328 541.5679321289062
-191.50233459472656 -444.096923828125 122.5267333984375
98.55091094970703 -56.348480224609375 171.8455352783203
-65.51040649414062 65.19636535644531 194.79873657226562
-83.00306701660156 -320.4933776855469 105.58268737792969
48.32059860229492 -327.438232421875 92.2997817993164
-216.51336669921875 -33.11256790161133 66.41436004638672
-246.7880096435547 -206.0557861328125 89.67013549804688
47.927127838134766 -360.3279113769531 114.59233856201172
102.66984558105469 -408.9362487792969 99.08535766601562
63.25190353393555 117.08002471923828 204.8064422607422
-32.46529006958008 185.584716796875 461.4756774902344
-30.051389694213867 41.03113555908203 395.3538818359375
-50.52861404418945 -20.836191177368164 310.7091369628906
9.393773078918457 52.94059371948242 462.4130554199219
99.30863952636719 270.4359130859375 72.50688934326172
266.4981994628906 -308.5347900390625 60.60275650024414
-31.902517318725586 329.6795349121094 39.33978271484375
-26.27064323425293 417.09600830078125 67.25592803955078
99.7344741821289 -361.3961181640625 104.17112731933594
30.048864364624023 -94.95043182373047 445.7046813964844
