-245.90548706054688 230.5349884033203 46.52067947387695
-321.57098388671875 207.63487243652344 -25.21358871459961
-34.12885665893555 397.99761962890625 107.15645599365234
207.69337463378906 232.49806213378906 57.20869827270508
475.0575866699219 164.2230682373047 60.522579193115234
-103.38087463378906 150.61038208007812 99.91670227050781
2.670285701751709 936.54833984375 163.1294403076172
-61.49710464477539 665.7319946289062 124.88743591308594
-16.959657669067383 135.89126586914062 0.8331308960914612
142.3196563720703 234.93701171875 39.349979400634766
35.30959701538086 -523.9765625 -12.912725448608398
-5.7911696434021 -208.8445587158203 -29.06736946105957
-22.85387420654297 661.4808349609375 49.3199348449707
10.864672660827637 487.53619384765625 144.77664184570312
-575.785888671875 333.2605895996094 53.272342681884766
577.3272094726562 218.11712646484375 62.18082809448242
-76.42715454101562 530.4729614257812 42.9606819152832
55.858036041259766 351.2609558105469 6.121960163116455
-17.067415237426758 7.307823657989502 36.055442810058594
624.1517944335938 332.2230224609375 57.90993118286133
34.044578552246094 -490.5470275878906 86.36784362792969
-354.8526306152344 164.02606201171875 -26.4676513671875
-104.73251342773438 945.4679565429688 145.3548126220703
814.1365356445312 292.6866149902344 62.36737060546875
74.69007110595703 595.1954956054688 65.14959716796875
38.45684051513672 286.6999816894531 136.21861267089844
-178.73524475097656 42.629905700683594 45.9522705078125
382.7453308105469 -25.49949836730957 -8.60333251953125
-42.22260284423828 321.362060546875 159.6702423095703
38.48874282836914 178.98092651367188 -11.147034645080566
65.94465637207031 57.78651428222656 124.99330139160156
256.5030822753906 998.9590454101562 144.4999237060547
-685.1454467773438 213.0403594970703 63.82451629638672
-36.328125 -149.66937255859375 27.591747283935547
132.81663513183594 991.5066528320312 147.1427764892578
26.963485717773438 -250.39645385742188 -20.852689743041992
-47.79216384887695 -619.2777709960938 149.00135803222656
-16.94574546813965 819.1124877929688 173.19009399414062
321.3976745605469 195.13478088378906 -31.401063919067383
313.3326721191406 259.19842529296875 48.06608963012695
-67.98797607421875 -745.87890625 51.84105682373047
15.228741645812988 -252.4713134765625 51.3808479309082
-165.40643310546875 996.51416015625 146.33804321289062
-453.5697021484375 292.71282958984375 66.77015686035156
-113.05086517333984 72.95994567871094 51.49803161621094
52.335914611816406 830.159912109375 148.25723266601562
356.37841796875 109.53189849853516 30.33015251159668
27.072458267211914 -31.011829376220703 -9.659209251403809
-35.0379524230957 -163.84503173828125 150.00379943847656
-0.012686515226960182 817.9951171875 259.2362976074219
-69.75125885009766 -458.5042419433594 10.654698371887207
125.51627349853516 886.261962890625 142.36293029785156
214.41009521484375 1049.8526611328125 149.56678771972656
0.24051132798194885 1001.9385375976562 388.529541015625
-72.93424224853516 508.5685119628906 37.80201721191406
12.618929862976074 347.7469482421875 -8.559090614318848
83.12510681152344 837.9267578125 138.70053100585938
54.29332733154297 768.4096069335938 127.16932678222656
608.9605712890625 246.62814331054688 60.78913497924805
-618.9532470703125 245.06178283691406 61.77543258666992
322.36566162109375 222.1183319091797 68.18316650390625
-136.9309539794922 887.0740356445312 140.0723876953125
54.42898941040039 745.2142944335938 134.96307373046875
621.7113037109375 200.5399169921875 61.3874626159668
709.9523315429688 258.061767578125 62.51396560668945
335.6986389160156 284.1365661621094 51.12594223022461
144.30055236816406 949.9481201171875 145.70689392089844
12.859487533569336 819.7169799804688 110.21566772460938
60.14073181152344 899.7447509765625 141.6570587158203
0.6283053159713745 751.1744995117188 168.8371124267578
222.586669921875 200.1558074951172 44.00421905517578
310.1485290527344 143.96096801757812 -21.925344467163086
66.58667755126953 220.71385192871094 5.971500873565674
-300.88238525390625 153.2589111328125 48.1521110534668
-316.6485900878906 158.69960021972656 -29.265695571899414
-29.1264705657959 -649.9493408203125 35.35862350463867
7.717652320861816 -380.48040771484375 143.13845825195312
-318.6392517089844 202.9582977294922 64.98338317871094
45.70750427246094 -805.22021484375 94.01201629638672
16.955127716064453 -679.5775146484375 136.97427368164062
774.1859741210938 352.5137023925781 61.765254974365234
50.234779357910156 -655.532470703125 -6.692498207092285
2.185037851333618 406.7962646484375 156.1142120361328
459.4355163574219 89.10900115966797 58.96541976928711
845.957275390625 397.9333801269531 68.50586700439453
-55.39105224609375 -307.2572021484375 -6.690480709075928
-389.21832275390625 -16.147512435913086 -25.89908218383789
-93.69569396972656 265.3640441894531 86.0395278930664
524.414794921875 157.50537109375 61.40705490112305
228.46463012695312 48.113037109375 51.46651077270508
-60.988868713378906 -64.35507202148438 0.2559587061405182
6.507322311401367 352.2608337402344 168.393310546875
-368.8267822265625 191.94546508789062 -26.196237564086914
-379.9607849121094 198.77923583984375 46.94858932495117
14.813514709472656 248.43370056152344 -5.193719863891602
74.35691833496094 -526.5421142578125 139.8009796142578
347.0303955078125 28.361629486083984 -25.00743865966797
349.2359924316406 -14.024163246154785 -32.71623611450195
-51.38028335571289 583.136962890625 149.83203125
-845.615234375 393.3058776855469 75.54653930664062
75.42383575439453 456.4534912109375 132.94351196289062
-709.7955932617188 235.05206298828125 62.888938903808594
394.1123046875 94.93376159667969 -26.43169403076172
448.46636962890625 113.44473266601562 48.41925811767578
79.2304458618164 -377.4962158203125 101.22681427001953
-199.65353393554688 205.7553253173828 44.514156341552734
-792.7218017578125 329.5666809082031 62.64483642578125
-69.4128189086914 -545.7583618164062 19.106409072875977
-62.67268753051758 698.9227294921875 96.83275604248047
-37.71723937988281 542.9764404296875 13.730406761169434
-341.06390380859375 103.86036682128906 40.812713623046875
-294.8518371582031 160.12802124023438 67.72588348388672
-527.0435791015625 204.5841827392578 60.23241424560547
61.985530853271484 405.4747009277344 141.6158447265625
92.18397521972656 -334.551025390625 72.93406677246094
-194.82066345214844 124.94304656982422 46.764564514160156
-204.20758056640625 942.392578125 142.79339599609375
0.360645055770874 927.4295654296875 277.6493835449219
-749.3905639648438 387.6043701171875 58.55025863647461
76.71659088134766 1012.1209716796875 151.55856323242188
30.92520523071289 -417.70660400390625 14.542253494262695
-70.59078979492188 -103.57423400878906 120.57351684570312
-307.4414367675781 51.089725494384766 -39.35029602050781
-253.37991333007812 47.553985595703125 49.664093017578125
421.80401611328125 292.66888427734375 56.58403396606445
3.178382396697998 -865.8885498046875 50.95785140991211
113.3144760131836 146.9436798095703 51.23257064819336
-24.876453399658203 144.30453491210938 120.17977905273438
-45.40387725830078 674.1786499023438 153.91610717773438
-51.42305374145508 -724.6701049804688 12.26712417602539
-83.54328155517578 -636.7725219726562 92.16089630126953
-462.9950866699219 305.0185852050781 50.23431396484375
-16.280271530151367 -469.9078369140625 137.08876037597656
1.3767809867858887 1057.158203125 234.31468200683594
42.15061569213867 -600.8790893554688 114.50894165039062
7.714277267456055 211.9241180419922 65.434326171875
25.893056869506836 -606.5599975585938 -5.94767427444458
67.69707489013672 559.9310913085938 41.38380813598633
-70.662109375 -322.0244140625 34.02288055419922
547.0813598632812 180.8081512451172 53.640892028808594
-9.911699295043945 -469.3929138183594 -3.720878839492798
-15.734208106994629 884.6592407226562 133.3802490234375
82.31311798095703 -659.1663208007812 27.47563934326172
64.06494140625 589.038818359375 139.2838134765625
-74.10030364990234 -189.09280395507812 134.75526428222656
-262.34381103515625 976.415771484375 142.6923065185547
0.061805784702301025 1105.9423828125 317.8605651855469
-93.03878021240234 -425.4949035644531 76.19788360595703
-697.0734252929688 274.62664794921875 62.785545349121094
60.232574462890625 -118.86132049560547 -0.6361404657363892
17.053442001342773 980.1199340820312 136.6968231201172
150.14956665039062 22.410350799560547 30.098011016845703
-372.4185791015625 263.4540100097656 50.87602996826172
-66.18697357177734 578.460205078125 73.52845001220703
-389.0843811035156 242.94493103027344 42.73311996459961
-355.8278503417969 207.0055694580078 -34.679203033447266
-349.3678894042969 210.8007049560547 -32.512081146240234
-69.62447357177734 -560.8738403320312 100.00040435791016
-70.9627685546875 -393.31817626953125 82.81175231933594
60.23457717895508 -755.7875366210938 103.38555145263672
-363.9317932128906 -15.0721435546875 -65.19066619873047
-248.24661254882812 1012.6036987304688 144.45103454589844
476.69097900390625 311.96148681640625 57.7814826965332
-5.670442581176758 -317.04290771484375 137.08511352539062
185.94508361816406 99.7310562133789 43.904335021972656
-102.43284606933594 315.8081359863281 48.81585693359375
15.186052322387695 -757.1512451171875 36.605899810791016
66.77742767333984 564.2800903320312 109.42790985107422
1.8647217750549316 -39.30570602416992 140.807861328125
-469.371337890625 127.63085174560547 60.061588287353516
-8.731588363647461 554.4060668945312 7.630681037902832
37.01020812988281 -132.4840545654297 124.6793441772461
-10.600470542907715 353.8771057128906 12.541797637939453
2.607506513595581 -574.906494140625 142.8231201171875
354.58721923828125 198.98464965820312 -4.792237758636475
-9.955439567565918 1030.935791015625 153.39877319335938
-79.23948669433594 -226.2724151611328 22.41936683654785
-37.03644943237305 -697.6941528320312 132.9807586669922
-508.3529052734375 312.01708984375 58.831932067871094
-26.121479034423828 540.1801147460938 117.9056167602539
87.1333999633789 -576.7523803710938 51.03141403198242
-90.16717529296875 444.1746520996094 75.69255828857422
-59.52401351928711 -257.9692687988281 127.75933837890625
92.08142852783203 223.45059204101562 107.25574493408203
148.80023193359375 270.0801696777344 60.22676086425781
76.46041870117188 -185.60731506347656 49.77200698852539
74.69911193847656 360.8739013671875 55.9555778503418
-269.36846923828125 -34.681488037109375 66.06373596191406
79.82460021972656 -236.37884521484375 23.87039566040039
-8.50933837890625 299.7906494140625 -13.251216888427734
-270.5473327636719 985.4039916992188 139.4418487548828
660.5203247070312 307.5708312988281 61.70265197753906
-85.2492446899414 -470.20306396484375 71.66017150878906
0.022402670234441757 1061.290771484375 427.0389404296875
23.065683364868164 757.5269775390625 75.8012924194336
-289.43536376953125 1033.0120849609375 142.8368682861328
201.33157348632812 941.50927734375 142.96487426757812
354.4479675292969 173.2025909423828 -29.980802536010742
2.412832260131836 1023.41015625 186.55560302734375
45.22193145751953 489.01007080078125 46.801841735839844
-868.6953735351562 347.5517578125 74.3321533203125
568.648681640625 306.08294677734375 60.27482986450195
70.72651672363281 -671.378662109375 17.792789459228516
597.8442993164062 339.34716796875 58.50693130493164
94.23235321044922 -118.91300964355469 54.87194061279297
-110.35314178466797 864.6805419921875 140.59286499023438
94.9867172241211 -34.67396545410156 83.20797729492188
144.5493927001953 920.8320922851562 142.64942932128906
-329.44268798828125 250.31439208984375 49.73201370239258
20.238792419433594 576.9525756835938 27.81830406188965
13.177610397338867 615.734619140625 166.4906768798828
-168.00502014160156 294.9377746582031 54.38056564331055
-26.84853744506836 -795.8893432617188 76.9245834350586
146.1028594970703 -78.84332275390625 52.33368682861328
-25.744388580322266 73.93759155273438 130.96363830566406
510.93023681640625 261.6542663574219 60.21193313598633
21.786754608154297 -338.511474609375 13.727705955505371
-676.8252563476562 334.8876647949219 59.99166488647461
545.0527954101562 213.61334228515625 61.101226806640625
68.29312896728516 159.52737426757812 118.8943099975586
-16.173364639282227 451.0146179199219 19.565345764160156
-13.5314302444458 235.0126495361328 149.30735778808594
-29.314958572387695 -251.80267333984375 -14.25972843170166
80.03547668457031 -660.597900390625 74.75677490234375
-79.68436431884766 -153.08627319335938 128.86386108398438
-83.61378479003906 -17.599090576171875 109.74954986572266
-12.343708992004395 60.54425048828125 -18.127079010009766
-31.49213981628418 753.2266235351562 91.81027221679688
78.29714965820312 -445.558349609375 110.93717193603516
-98.10753631591797 -438.7606201171875 83.11820220947266
191.21253967285156 -8.401074409484863 43.26078414916992
-434.5019226074219 63.49338912963867 66.02845764160156
34.60165786743164 110.465576171875 -13.968622207641602
214.5165557861328 994.9049072265625 144.16403198242188
-274.81829833984375 -3.3569395542144775 55.52846145629883
-336.3763427734375 -10.364752769470215 -31.8075008392334
-12.472765922546387 -562.2383422851562 9.72873592376709
856.0244140625 349.6427001953125 70.90229034423828
-13.911054611206055 285.07623291015625 13.993968963623047
-181.28541564941406 -14.622775077819824 46.3875732421875
1.521315097808838 -764.0086669921875 118.94467163085938
-127.67842102050781 214.09298706054688 45.918209075927734
-36.12360382080078 391.5455322265625 41.90716552734375
20.01024627685547 1012.61181640625 146.53030395507812
-96.1221694946289 -244.50479125976562 70.87288665771484
-0.003641865449026227 1055.1156005859375 358.0031433105469
70.79821014404297 -269.3843688964844 109.83273315429688
-283.3733825683594 998.61572265625 142.76748657226562
-0.022141847759485245 1116.977783203125 385.3486022949219
4.297211647033691 -181.8877410888672 156.6123504638672
-358.9270935058594 8.021939277648926 -25.027761459350586
-420.1206359863281 68.21237182617188 52.19566345214844
480.43896484375 208.88314819335938 49.111175537109375
-0.39650413393974304 322.2705078125 87.14608764648438
18.207748413085938 672.149169921875 113.06719207763672
248.43930053710938 951.7322998046875 141.8940887451172
