-40.16826629638672 -122.37337493896484 51.300350189208984
142.10140991210938 306.39947509765625 10.810195922851562
436.8564453125 158.73033142089844 10.632874488830566
127.3265380859375 178.8401641845703 1.2381147146224976
-332.418701171875 179.38941955566406 -1.1160249710083008
25.380388259887695 10.021042823791504 15.205974578857422
-186.26373291015625 299.1971740722656 10.700262069702148
111.56639862060547 -313.19488525390625 62.85626983642578
-423.4131164550781 66.52262115478516 3.241339683532715
-177.87550354003906 -367.86956787109375 106.94132232666016
-142.89366149902344 249.28143310546875 -49.15183639526367
184.61328125 54.59634017944336 -24.0594539642334
359.7651672363281 156.1617889404297 2.6383073329925537
-174.7113494873047 -352.8355407714844 87.24311828613281
-154.41693115234375 -359.1580810546875 63.164493560791016
113.24886322021484 272.90533447265625 -23.333005905151367
-192.88275146484375 91.66584777832031 -19.082807540893555
-12.621294975280762 -106.19998931884766 -7.683722972869873
-151.4990692138672 159.1863555908203 -2.0607638359069824
184.7346649169922 276.01593017578125 13.402923583984375
58.06437301635742 36.64999771118164 -28.59224510192871
-518.2850341796875 136.12789916992188 17.707460403442383
44.425315856933594 90.50004577636719 -28.28955841064453
-149.96949768066406 300.7772521972656 11.35417652130127
-110.50596618652344 -316.64837646484375 65.19680786132812
248.9557342529297 67.88343048095703 -17.247337341308594
-32.899169921875 170.20004272460938 65.05169677734375
-134.2255859375 -321.326904296875 62.8592414855957
32.11664581298828 -109.93366241455078 -12.458874702453613
177.43359375 -310.3548889160156 96.20177459716797
529.6299438476562 122.55290985107422 18.249452590942383
-16.254150390625 144.54576110839844 70.99495697021484
194.26344299316406 189.2967529296875 -10.57828140258789
163.4358673095703 -306.4195556640625 62.769813537597656
-15.90434455871582 -281.9232177734375 52.42060089111328
176.79183959960938 -319.0649719238281 69.87250518798828
46.72290802001953 -89.61590576171875 27.091474533081055
-47.2278938293457 -8.954080581665039 -34.63057327270508
-343.89898681640625 188.40147399902344 1.2872509956359863
24.632429122924805 -128.59909057617188 30.69812774658203
149.25961303710938 -337.3170166015625 66.49195861816406
-33.32688522338867 28.802934646606445 72.1025161743164
23.7572021484375 275.7109069824219 -28.396493911743164
51.1874885559082 241.3809814453125 -37.8313102722168
-84.41267395019531 -309.7184143066406 62.616573333740234
16.462203979492188 -260.42156982421875 42.748165130615234
-162.10806274414062 -305.8407287597656 62.8924674987793
-444.258056640625 84.46553039550781 5.197269439697266
0.8185074925422668 220.16055297851562 63.46031188964844
1.2419532537460327 -36.1037712097168 78.22567749023438
-546.572509765625 141.36111450195312 22.68991470336914
-199.14439392089844 213.4241943359375 -24.312135696411133
41.612327575683594 284.0940856933594 -11.678998947143555
55.57038497924805 247.1407928466797 -25.925729751586914
134.40985107421875 220.19468688964844 -11.601485252380371
-176.5852508544922 -367.5540771484375 56.791629791259766
400.4925231933594 167.92080688476562 10.67841625213623
19.250139236450195 -80.49730682373047 -20.684127807617188
-49.24599075317383 235.5052490234375 5.644571781158447
-33.75525665283203 -402.67303466796875 63.13409423828125
-127.84437561035156 306.2070617675781 -30.56434440612793
40.298954010009766 54.199485778808594 62.99448013305664
48.9176139831543 -55.85285186767578 38.595462799072266
-481.9505615234375 119.8924789428711 7.983309268951416
-424.0237121582031 174.95558166503906 9.261637687683105
-177.81326293945312 -349.7861328125 128.8818359375
74.11097717285156 -392.5640869140625 63.12529373168945
-114.77455139160156 -361.1646423339844 63.337650299072266
-367.85833740234375 157.37698364257812 8.006416320800781
-119.6373291015625 -391.2290954589844 63.20814514160156
151.42994689941406 270.7900695800781 7.553669452667236
442.31396484375 134.9235076904297 2.768967628479004
176.88128662109375 -339.715576171875 114.45877838134766
167.35552978515625 291.03173828125 20.111772537231445
-29.05120277404785 -136.147216796875 68.00514221191406
-132.38182067871094 106.92227172851562 -24.288061141967773
-299.76983642578125 195.7857208251953 -2.52828049659729
-510.5873718261719 83.8028564453125 14.220466613769531
253.90708923339844 118.5954360961914 -8.09014892578125
-23.41349983215332 252.09091186523438 -19.64244842529297
-53.610076904296875 243.5492401123047 -22.27241325378418
131.0813446044922 318.0967712402344 -16.119916915893555
-50.17744445800781 48.02326583862305 -21.614599227905273
-17.206787109375 -9.679742813110352 69.61373138427734
51.671783447265625 -15.91215991973877 30.27037811279297
28.952083587646484 -298.6817626953125 59.63654708862305
-26.348339080810547 252.8136444091797 35.21708297729492
226.5037841796875 32.484230041503906 -21.18271255493164
24.149538040161133 43.6455078125 4.295345306396484
53.494895935058594 65.65099334716797 4.509029865264893
99.19656372070312 63.29175567626953 -23.22892189025879
21.52619171142578 242.5284881591797 72.19640350341797
-178.29002380371094 -319.2713623046875 48.56072235107422
65.29119110107422 140.1236114501953 -25.789304733276367
173.16671752929688 -365.05621337890625 74.51425170898438
426.28143310546875 120.24760437011719 7.745124340057373
-374.2625427246094 86.03621673583984 -0.4033406376838684
40.33575439453125 -33.253623962402344 67.33949279785156
6.12386417388916 -11.088645935058594 -31.269485473632812
-1.1573638916015625 -177.71029663085938 52.36259078979492
127.33364868164062 102.10151672363281 -32.78913879394531
-264.86004638671875 194.8529815673828 -7.762897968292236
-131.75804138183594 -301.2465515136719 62.94821548461914
329.49090576171875 127.88436126708984 -5.277952194213867
-6.180653095245361 284.0744323730469 49.84858703613281
-27.26515769958496 195.21791076660156 42.141239166259766
-40.76667785644531 -110.23180389404297 62.01569366455078
-177.7452850341797 205.28048706054688 -11.385512351989746
-317.1467590332031 125.40985870361328 -1.2720160484313965
287.90692138671875 128.91000366210938 -2.108710765838623
178.51443481445312 203.81390380859375 -12.951507568359375
-281.91973876953125 176.72731018066406 -2.7015738487243652
25.856355667114258 112.12068939208984 40.87187194824219
198.5270233154297 95.94651794433594 -11.652099609375
-526.6923828125 109.9095687866211 18.73253059387207
179.29844665527344 -332.2480773925781 98.01665496826172
2.1326465606689453 -377.93902587890625 58.06327438354492
172.85968017578125 125.56542205810547 -23.80434799194336
14.462105751037598 184.03807067871094 70.55421447753906
-21.28247833251953 48.71778869628906 48.980003356933594
185.6636962890625 240.03683471679688 -19.559144973754883
-350.5169982910156 132.1367950439453 -1.7480062246322632
-22.886178970336914 -66.15605163574219 -18.46607780456543
-38.8930778503418 4.5574212074279785 41.45718765258789
-20.252744674682617 -309.264404296875 39.84872817993164
-148.7918701171875 -386.379638671875 63.0819206237793
-178.3132781982422 -388.1496276855469 74.92195892333984
374.1409606933594 106.96997833251953 3.319321632385254
24.349889755249023 250.43406677246094 53.25510025024414
-127.85646057128906 255.5774688720703 12.19493579864502
103.62869262695312 229.97901916503906 -32.7779541015625
-7.297678470611572 -218.63363647460938 63.53092575073242
23.37295913696289 331.4456481933594 -25.601970672607422
-19.989700317382812 -108.40986633300781 66.08537292480469
-145.44647216796875 107.07747650146484 -44.11392593383789
450.1940612792969 84.85344696044922 6.3255438804626465
363.1473388671875 128.33547973632812 -9.655843734741211
-179.727294921875 156.07644653320312 -23.474037170410156
244.73780822753906 197.31199645996094 -7.106842041015625
-166.9207305908203 51.988189697265625 -25.316316604614258
-12.479608535766602 -220.21963500976562 19.37742805480957
-292.9939270019531 69.77068328857422 -11.080047607421875
-356.3192138671875 169.69920349121094 -6.388726234436035
-23.74939727783203 299.266357421875 28.497333526611328
-0.019962191581726074 41.46443557739258 -31.929351806640625
34.804588317871094 -50.19907760620117 1.0554389953613281
308.3564147949219 72.81514739990234 -5.363028049468994
131.97547912597656 38.97631072998047 -28.84634780883789
-251.47467041015625 171.0869598388672 -7.315924167633057
149.67312622070312 316.13629150390625 -2.9014947414398193
-255.24961853027344 129.5624237060547 -22.875240325927734
15.456976890563965 -217.8360137939453 6.18367338180542
45.37057876586914 44.451927185058594 36.0561637878418
-3.1646993160247803 -136.12217712402344 72.3995132446289
-33.858585357666016 -77.75415802001953 33.820884704589844
-418.0327453613281 146.12918090820312 6.3051347732543945
390.2500915527344 142.6737823486328 0.9356951713562012
80.09874725341797 197.60806274414062 -15.297650337219238
481.66937255859375 146.2815399169922 13.08757495880127
-69.53868103027344 151.83091735839844 -31.804731369018555
-118.58980560302734 245.31089782714844 -40.47652053833008
-77.81781005859375 244.5972900390625 -30.07716941833496
-177.60751342773438 -344.9150390625 30.994346618652344
-449.75653076171875 159.95272827148438 10.08521842956543
193.6669158935547 169.79901123046875 -22.482580184936523
-176.23855590820312 -320.1146545410156 80.15619659423828
49.14509582519531 174.06216430664062 12.740030288696289
290.0001525878906 138.26417541503906 -19.779272079467773
505.2808532714844 157.99850463867188 16.619197845458984
269.5356750488281 163.71302795410156 -8.140218734741211
-53.475223541259766 201.0164794921875 -23.46307945251465
-83.88729858398438 181.59378051757812 -3.788170099258423
-226.6571502685547 40.166683197021484 -20.156156539916992
-176.74673461914062 -341.0966796875 63.97010040283203
510.06829833984375 78.73504638671875 13.719316482543945
49.85809326171875 218.10324096679688 5.9906086921691895
-73.05445098876953 40.60213851928711 -37.36040496826172
-253.11920166015625 48.34234619140625 -16.949949264526367
-180.69094848632812 126.14987182617188 -1.0914148092269897
4.975679397583008 56.88020706176758 74.54073333740234
5.456055641174316 -51.342411041259766 14.740659713745117
-114.83203125 133.2945556640625 -3.513089179992676
-46.05508804321289 13.737907409667969 -28.418468475341797
-4.621168613433838 245.8708953857422 -40.623714447021484
171.49554443359375 306.74114990234375 -12.800477027893066
14.612678527832031 370.4031677246094 -11.88143253326416
-5.333629608154297 258.58868408203125 63.37367248535156
4.071466445922852 -347.7500915527344 56.381446838378906
-34.3977165222168 113.14767456054688 23.95612144470215
27.220197677612305 4.899909973144531 61.91788101196289
24.38528060913086 -184.611083984375 15.65680980682373
20.547569274902344 -98.0497817993164 55.85029602050781
-77.505859375 -365.7236328125 63.27751159667969
-331.94647216796875 46.71226119995117 -8.312302589416504
134.0167236328125 170.2957000732422 -34.202842712402344
29.01340675354004 174.93963623046875 -26.951696395874023
-168.4525604248047 30.946449279785156 -27.41575813293457
362.1363220214844 105.63410186767578 -7.452532768249512
16.73977279663086 320.2417907714844 13.146105766296387
175.6737518310547 -380.66119384765625 135.77793884277344
-38.5383186340332 291.4950866699219 -3.1247241497039795
-66.83649444580078 250.34266662597656 -18.456520080566406
163.08621215820312 246.1686248779297 -44.33750915527344
-0.2428940385580063 84.78651428222656 5.234433174133301
-314.1812438964844 170.09197998046875 8.249433517456055
-126.40766906738281 278.1325378417969 -10.800694465637207
-84.6577377319336 251.8277587890625 -22.416383743286133
-45.08702850341797 152.34825134277344 50.49263000488281
-107.11771392822266 144.03968811035156 -0.6068955659866333
383.33056640625 76.92743682861328 -0.6801018714904785
-21.60306739807129 86.38213348388672 65.58428192138672
28.352432250976562 -217.4790496826172 22.031822204589844
306.4676818847656 178.1197052001953 -1.679837942123413
-52.20374298095703 113.04413604736328 -29.891307830810547
308.7850646972656 155.5093994140625 -14.943562507629395
-121.74170684814453 224.49989318847656 -18.693750381469727
64.14942932128906 -359.5117492675781 63.235740661621094
-2.801949977874756 -315.2738342285156 34.12717056274414
-221.54507446289062 143.25575256347656 -9.086393356323242
-134.60263061523438 175.0247802734375 -39.48818588256836
322.18511962890625 99.51248168945312 -7.752690315246582
110.8564682006836 -375.267578125 63.49430465698242
475.3742980957031 108.65837860107422 10.207254409790039
-158.5126190185547 255.8524932861328 13.889676094055176
-483.03411865234375 153.20977783203125 15.301926612854004
160.77284240722656 308.50958251953125 20.54193687438965
-76.81541442871094 239.85479736328125 -6.190497875213623
-117.5503921508789 257.4134216308594 3.5864341259002686
-450.54766845703125 119.97145080566406 10.864362716674805
9.730672836303711 -57.6609992980957 68.33845520019531
22.19542694091797 250.63369750976562 9.143654823303223
-264.6235656738281 36.80971145629883 -16.878894805908203
-15.56464672088623 -352.9176940917969 62.50017547607422
536.4764404296875 79.81495666503906 16.169525146484375
279.7528991699219 203.610107421875 -2.145697593688965
-11.80892562866211 311.90185546875 -31.90974235534668
-53.123069763183594 156.39501953125 -4.061939239501953
-3.376988410949707 370.7928466796875 13.90938663482666
177.25277709960938 -336.50006103515625 37.3746452331543
-172.1267852783203 287.3246765136719 -26.10603904724121
35.17612838745117 218.01312255859375 -39.115535736083984
-3.380533218383789 -310.514892578125 61.85697937011719
-306.35687255859375 163.10861206054688 -5.611732482910156
155.3807830810547 146.51870727539062 -5.337033271789551
-15.558812141418457 353.30230712890625 -10.390128135681152
-517.2890625 155.5065460205078 17.76933479309082
-9.956281661987305 -137.8714599609375 4.896003723144531
-94.58499145507812 16.531837463378906 -35.652828216552734
413.76605224609375 94.47534942626953 4.7040486335754395
203.4390106201172 210.8058624267578 -18.077552795410156
-38.4788932800293 75.361328125 -32.89946746826172
-1.0410161018371582 -287.1407165527344 63.60960388183594
-35.196842193603516 126.21159362792969 68.51628112792969
-273.2622985839844 130.6161346435547 -8.111673355102539
-153.92922973632812 123.05907440185547 -33.12339782714844
177.23423767089844 -357.40435791015625 25.655689239501953
