47.05059051513672 30.97271728515625 720.19384765625
50.14687728881836 19.97557258605957 176.4193572998047
55.7060661315918 61.523216247558594 245.7136688232422
65.83861541748047 58.725040435791016 523.9197387695312
-76.13683319091797 13.393115043640137 171.96397399902344
69.96758270263672 -96.62641143798828 165.3006134033203
94.37342071533203 -110.01225280761719 84.28933715820312
-51.503231048583984 -20.269784927368164 605.2681884765625
2.7455062866210938 -62.597900390625 146.3179168701172
37.724891662597656 -36.329254150390625 328.8585205078125
-1.9643319845199585 59.78135299682617 13.610240936279297
4.023036003112793 49.50754165649414 397.81182861328125
39.36425018310547 -58.722015380859375 523.1437377929688
36.342567443847656 -4.081381320953369 13.32274055480957
-69.3414077758789 24.789756774902344 30.37667465209961
-18.372854232788086 -77.29261016845703 238.7698211669922
70.41905212402344 -66.35809326171875 553.9510498046875
106.73526000976562 25.808258056640625 180.27587890625
28.273523330688477 -108.30986022949219 538.0044555664062
-171.45632934570312 16.474519729614258 116.77973175048828
34.159339904785156 -88.25032043457031 207.635009765625
16.177583694458008 115.35807800292969 23.293872833251953
-114.81591033935547 -149.91555786132812 9.815497398376465
5.052242755889893 155.37582397460938 40.159297943115234
78.21529388427734 -36.21065902709961 695.2689819335938
-57.65346908569336 30.307008743286133 488.8550109863281
-111.21507263183594 -102.8704605102539 97.92298889160156
-27.11153221130371 -39.86263656616211 497.6687927246094
-121.1238021850586 114.37358093261719 46.235469818115234
-122.07347106933594 40.40618896484375 733.7638549804688
-147.3499755859375 -14.683871269226074 44.078731536865234
7.459136486053467 -34.244651794433594 717.6431274414062
-104.07384490966797 72.46803283691406 23.954978942871094
117.92945098876953 -29.18791961669922 723.2357788085938
153.11483764648438 -29.022932052612305 18.711965560913086
-124.00051879882812 -113.33885955810547 46.96668243408203
-135.89234924316406 44.01133346557617 45.880435943603516
-65.55696105957031 65.32600402832031 558.3865356445312
-97.34017944335938 -57.420047760009766 41.31290054321289
-86.03252410888672 130.63938903808594 83.08756256103516
-11.96968936920166 -60.74996566772461 368.4698791503906
164.35467529296875 -36.09196090698242 42.40708541870117
100.04039764404297 7.373938083648682 121.0102310180664
-7.324366092681885 113.86885070800781 181.80555725097656
-110.66278076171875 44.33462142944336 736.0872802734375
-26.121788024902344 -82.28663635253906 38.17084503173828
-15.915570259094238 171.21014404296875 121.23767852783203
50.82328796386719 114.74198913574219 745.5446166992188
116.93838500976562 -58.87753677368164 741.0767211914062
-21.258739471435547 -7.894814968109131 93.82447052001953
-26.354446411132812 -9.09938907623291 20.39145278930664
-31.423187255859375 72.14802551269531 235.9914093017578
82.28030395507812 8.789180755615234 38.442623138427734
-126.49605560302734 29.581298828125 154.10504150390625
56.61946487426758 129.3357696533203 135.1907501220703
-101.00386047363281 -124.42039489746094 130.55580139160156
-124.28997039794922 104.0085220336914 117.78308868408203
133.89735412597656 81.95201873779297 42.63603591918945
-56.63677978515625 28.95412254333496 616.2962036132812
-63.22938537597656 81.34001922607422 112.8282241821289
60.0065803527832 -16.175817489624023 132.22750854492188
53.44947052001953 15.109115600585938 489.20684814453125
-63.13284683227539 -67.20967102050781 154.93426513671875
-99.47781372070312 6.442305564880371 549.361328125
2.6597139835357666 -101.8415298461914 718.2554321289062
-20.803529739379883 -155.7252960205078 41.857208251953125
85.85221099853516 -149.5873565673828 30.386995315551758
66.57135009765625 -148.55783081054688 99.23230743408203
125.64527893066406 -24.118398666381836 78.57861328125
86.13436889648438 4.8578386306762695 543.5240478515625
15.28126049041748 -127.6265640258789 154.13597106933594
39.39038848876953 32.88914489746094 375.8196716308594
-35.97116470336914 -43.98089599609375 367.0643615722656
34.83576202392578 41.79936218261719 220.67893981933594
-79.44375610351562 38.8223876953125 545.5206909179688
61.7803955078125 72.6703872680664 701.37939453125
-8.076560020446777 11.325674057006836 776.327880859375
124.77030944824219 -80.22654724121094 113.2362060546875
116.67841339111328 -5.841833114624023 186.28817749023438
-72.46144104003906 -38.29526138305664 535.09912109375
-39.863040924072266 -52.64005661010742 563.0502319335938
56.62889099121094 15.25599479675293 237.36981201171875
-12.459491729736328 -69.1460952758789 577.574951171875
-52.38621139526367 -104.81578826904297 82.48739624023438
50.747955322265625 -3.454594612121582 415.9645690917969
37.028324127197266 61.69510269165039 567.1746826171875
-32.88479995727539 -136.9417266845703 106.83829498291016
89.01971435546875 64.47872161865234 175.41232299804688
128.0000762939453 -15.451644897460938 124.40653991699219
-71.25081634521484 -48.95729446411133 711.0863037109375
-126.1450424194336 -15.38272476196289 133.995361328125
3.40287446975708 -63.82735824584961 467.5197448730469
-42.99726486206055 50.21294403076172 719.3236694335938
17.837749481201172 -38.05461120605469 381.96942138671875
60.92784881591797 -102.2066879272461 716.6729736328125
-121.10564422607422 -1.3872863054275513 186.02711486816406
45.46366882324219 77.26252746582031 20.743099212646484
18.575088500976562 74.7206802368164 714.2196044921875
124.76852416992188 -54.5809326171875 152.61212158203125
-65.28214263916016 12.19906997680664 93.41109466552734
-28.332700729370117 41.02940368652344 191.899658203125
35.92129135131836 85.94678497314453 523.7169189453125
113.71009063720703 -52.065677642822266 92.65121459960938
-18.046707153320312 46.7873420715332 580.399658203125
99.48933410644531 -130.4490203857422 128.8383026123047
32.50595474243164 -0.6426467895507812 364.0589294433594
-8.691747665405273 156.5207061767578 10.699840545654297
-71.0981216430664 137.35848999023438 132.69985961914062
110.75861358642578 29.055084228515625 719.5281982421875
-3.438784599304199 -101.39065551757812 533.453369140625
16.120656967163086 48.77328109741211 295.1541442871094
26.8104305267334 76.4947509765625 183.1400146484375
-11.604985237121582 41.65507888793945 364.8416442871094
-25.885892868041992 127.89900207519531 173.21510314941406
158.3673858642578 -2.1620993614196777 59.027488708496094
-23.263320922851562 -67.85511016845703 508.5218811035156
-154.50848388671875 62.73805618286133 114.56665802001953
-67.35860443115234 108.9999771118164 725.0326538085938
-106.61665344238281 37.50984191894531 192.34466552734375
-79.05872344970703 -0.8346550464630127 722.25634765625
-92.57579040527344 -31.43401527404785 732.4728393554688
-94.67847442626953 -76.62374877929688 172.0267333984375
-70.7519302368164 -73.1756820678711 527.427490234375
-54.28043746948242 98.4210205078125 704.0314331054688
36.89607238769531 -49.8474235534668 39.745399475097656
-37.35115051269531 95.87789154052734 37.87665939331055
-29.56086540222168 -96.70452880859375 542.9816284179688
65.61569213867188 15.115756034851074 131.69471740722656
-63.24993133544922 -19.04865837097168 661.8934326171875
14.140329360961914 66.6801986694336 267.5694274902344
-69.11035919189453 83.48053741455078 726.4380493164062
-3.2726078033447266 31.336936950683594 74.78339385986328
-39.9202880859375 29.622730255126953 307.1756591796875
-7.74507999420166 -150.25436401367188 148.90859985351562
30.145912170410156 86.4618148803711 75.28775024414062
-77.01688385009766 120.45545959472656 28.72866439819336
162.42398071289062 -27.869972229003906 115.11271667480469
-66.9192886352539 33.49045181274414 236.78709411621094
-103.85572052001953 139.9413604736328 27.3149356842041
35.43879318237305 -55.48902130126953 237.15467834472656
68.58966827392578 54.94585037231445 113.7848892211914
-4.148465156555176 -26.268264770507812 184.19863891601562
-19.191226959228516 -39.40996551513672 414.6427001953125
53.23576736450195 27.766462326049805 300.1102600097656
49.66365051269531 -110.23684692382812 737.0580444335938
16.869232177734375 -7.290755748748779 777.8008422851562
40.67274475097656 98.96985626220703 739.0946044921875
108.86746215820312 -92.32347106933594 156.80816650390625
103.2169418334961 142.78500366210938 30.142807006835938
81.49034881591797 -75.79163360595703 200.97828674316406
-34.04172134399414 -6.679384231567383 385.16510009765625
-156.2704620361328 89.34212493896484 22.564451217651367
-20.092708587646484 -1.8747650384902954 792.5575561523438
-109.81368255615234 -5.53352165222168 708.1397705078125
-2.77819561958313 30.515771865844727 437.462158203125
-38.961849212646484 18.905370712280273 412.47772216796875
55.580657958984375 -20.792739868164062 360.0660705566406
-22.612781524658203 61.39391326904297 285.64227294921875
5.243177890777588 148.3207550048828 122.2787094116211
-93.25884246826172 4.362390518188477 515.1917724609375
-101.282470703125 85.89556121826172 171.8771209716797
-56.276554107666016 -10.170878410339355 413.49542236328125
8.819920539855957 115.66989135742188 540.1031494140625
-55.19632339477539 -112.66940307617188 160.22906494140625
-117.57637786865234 -53.394344329833984 145.1411895751953
-88.47123718261719 -25.58743667602539 185.9921112060547
-20.90245246887207 6.472517490386963 530.6925659179688
-61.87571334838867 -65.69910430908203 215.15516662597656
-51.27668380737305 109.97869110107422 733.9208984375
-39.69208526611328 -43.53839874267578 339.8246765136719
49.23721694946289 -51.498653411865234 85.59530639648438
54.51131057739258 129.495849609375 30.96994972229004
-20.255130767822266 -19.43098258972168 766.2119750976562
-8.576449394226074 -58.96876907348633 326.5909423828125
101.42733764648438 -32.71403884887695 538.7590942382812
-0.5959683060646057 7.493193626403809 136.05587768554688
30.95004653930664 38.760921478271484 132.66427612304688
115.00863647460938 -12.526873588562012 532.297607421875
112.09900665283203 -56.28523635864258 45.03886413574219
-25.975908279418945 145.52464294433594 84.03401184082031
-50.532142639160156 56.44940185546875 257.2349548339844
85.3299331665039 87.2359848022461 31.842260360717773
-61.85924530029297 11.17039966583252 401.3172302246094
40.77415084838867 46.20564651489258 397.83673095703125
59.57298278808594 20.013919830322266 652.817138671875
-53.68133544921875 151.89370727539062 36.03273010253906
-43.28986740112305 -95.295654296875 720.4169311523438
48.32086181640625 -99.89006042480469 538.4778442382812
23.019784927368164 21.433046340942383 525.4744262695312
-71.25679016113281 50.0958137512207 173.50474548339844
125.19530487060547 -118.18074035644531 120.80960083007812
11.99937915802002 -163.59231567382812 92.47378540039062
9.983548164367676 -178.7863311767578 46.34243392944336
119.4454345703125 -136.25814819335938 114.7161865234375
-19.863908767700195 77.92616271972656 522.84423828125
27.225521087646484 -42.442081451416016 456.09912109375
-20.71124267578125 99.08338165283203 711.9766235351562
-47.241668701171875 -123.1200180053711 742.3251342773438
-52.423458099365234 -16.74838638305664 480.67681884765625
40.80375671386719 94.1131820678711 152.1334228515625
19.020597457885742 -35.958499908447266 295.2717590332031
-78.91083526611328 0.0012028217315673828 207.46438598632812
-100.5750961303711 -51.10689163208008 193.50340270996094
160.80007934570312 4.924464702606201 142.41586303710938
-154.69549560546875 -36.76464080810547 94.30574798583984
-31.675630569458008 -13.043275833129883 344.02374267578125
139.06443786621094 45.938682556152344 109.8208236694336
28.709579467773438 116.43329620361328 190.1419219970703
76.8963851928711 133.27574157714844 80.4460678100586
-141.2902374267578 66.13202667236328 75.2293930053711
-133.6437225341797 -90.72251892089844 33.9012451171875
33.80819320678711 169.14794921875 110.64759063720703
-23.228548049926758 -50.05134582519531 478.2764892578125
39.86335754394531 -133.7456512451172 47.87362289428711
58.55387878417969 -17.215654373168945 585.7275390625
87.32347106933594 27.407405853271484 732.447265625
40.72929763793945 109.94288635253906 729.0933227539062
108.41697692871094 38.8022346496582 198.0413360595703
78.4170150756836 -39.43030548095703 183.1204376220703
112.79006958007812 116.38225555419922 123.39976501464844
-37.681861877441406 -9.383478164672852 258.7252502441406
90.8840560913086 74.4661865234375 84.54536437988281
-103.53060913085938 -129.6020050048828 31.531330108642578
28.176464080810547 50.487545013427734 461.1424255371094
3.396122932434082 4.2737321853637695 458.2677001953125
-130.67483520507812 58.82304763793945 133.95535278320312
111.89630889892578 3.4902234077453613 537.5517578125
-13.90951156616211 -67.41606140136719 656.7674560546875
-58.567420959472656 -43.120887756347656 76.21798706054688
-62.51559829711914 89.07019805908203 194.5048370361328
53.00047302246094 -11.295429229736328 728.65966796875
79.73422241210938 -70.56373596191406 723.4177856445312
-32.44038391113281 -107.2989501953125 197.22036743164062
74.55500793457031 82.07591247558594 201.2043914794922
19.91510772705078 -79.2276382446289 108.91334533691406
93.49715423583984 -38.38756561279297 729.3771362304688
16.430709838867188 18.562227249145508 185.48362731933594
-125.40230560302734 2.3616461753845215 97.76238250732422
-81.44552612304688 -151.4705352783203 113.55386352539062
61.17372131347656 12.243668556213379 78.5541000366211
2.603641986846924 72.48442077636719 232.04110717773438
90.48506927490234 -45.6739387512207 112.19477844238281
28.830015182495117 44.84512710571289 630.8041381835938
-80.6589126586914 53.824405670166016 695.642822265625
-18.87741470336914 46.1585578918457 657.0533447265625
-115.88945770263672 37.904598236083984 720.3524780273438
14.382442474365234 -29.42727279663086 633.901123046875
31.45780372619629 158.8002166748047 59.03178787231445
-43.695152282714844 -41.77826690673828 440.9869689941406
-56.6038932800293 -56.2559928894043 508.2734069824219
121.48115539550781 -101.18830871582031 33.44422912597656
-77.53375244140625 -90.45409393310547 541.335205078125
-123.18949127197266 -47.01424026489258 740.0765991210938
122.42552185058594 100.2484359741211 100.90869903564453
-48.24843978881836 -36.550716400146484 317.2715759277344
-77.27558898925781 79.24203491210938 535.666015625
