-87.43189239501953 93.65991973876953 -17.13735008239746
-29.945772171020508 -43.4963493347168 85.845458984375
-4.399304389953613 44.81087875366211 14.310205459594727
42.164100646972656 -84.30663299560547 59.58480453491211
85.98572540283203 128.52928161621094 -55.08881759643555
12.782529830932617 -10.555347442626953 -30.676149368286133
-91.19941711425781 14.474456787109375 13.41916275024414
-51.95293045043945 22.516923904418945 71.1496810913086
82.23837280273438 37.561161041259766 -8.953972816467285
-56.93405532836914 -127.65522766113281 1.1466094255447388
-96.613037109375 93.253173828125 -56.19734191894531
62.53017044067383 -15.21143627166748 -4.5912675857543945
63.44833755493164 88.14026641845703 5.28873872756958
-78.3543701171875 40.18962860107422 21.695934295654297
68.41299438476562 8.631820678710938 -3.0930142402648926
-84.53754425048828 -44.321163177490234 -24.019210815429688
22.659170150756836 -29.548398971557617 53.6424674987793
48.67308044433594 -99.06312561035156 -24.437301635742188
-27.78360939025879 -99.68426513671875 -24.197690963745117
53.15938949584961 -102.09403991699219 29.850069046020508
91.51496887207031 -132.4170379638672 -42.064849853515625
-60.55010223388672 -33.05189895629883 71.573974609375
-39.41097640991211 53.22800064086914 -24.103225708007812
-6.305398941040039 164.52996826171875 -6.566466808319092
15.588783264160156 38.6360969543457 63.73535919189453
-43.91366958618164 -93.36780548095703 38.881351470947266
69.44673919677734 37.680580139160156 42.61200714111328
-56.32771682739258 -40.78205871582031 35.48501205444336
-53.2808837890625 -13.706889152526855 22.539812088012695
41.437843322753906 95.56954193115234 -0.9128410816192627
44.4757194519043 -54.77842712402344 -29.551790237426758
-19.86505699157715 175.61973571777344 -5.412343978881836
-63.308528900146484 43.876556396484375 57.71106719970703
27.423660278320312 37.4743537902832 -27.62165069580078
79.83269500732422 6.030710697174072 38.73324203491211
24.29718780517578 59.52439880371094 66.8685302734375
-81.91911315917969 -87.37834167480469 -36.6937141418457
28.760053634643555 103.78487396240234 40.42021179199219
67.41188049316406 -140.9577178955078 -27.99139404296875
20.797054290771484 -50.77629089355469 17.121400833129883
-58.50368881225586 -51.62455368041992 -0.5523391962051392
65.77689361572266 18.155302047729492 -27.076435089111328
13.08179759979248 78.57577514648438 54.30796432495117
33.616058349609375 -109.22005462646484 -19.618284225463867
71.7936782836914 -157.37322998046875 -49.753562927246094
-63.57670593261719 86.48543548583984 -28.88382339477539
-90.74604797363281 -44.65849304199219 -1.075215220451355
13.449328422546387 -84.21246337890625 1.974779725074768
-15.155808448791504 174.8939208984375 20.4926815032959
51.96381378173828 40.428096771240234 -4.586074352264404
23.420114517211914 80.79985046386719 -20.761444091796875
-66.16188049316406 38.04721450805664 57.0464973449707
0.4757942259311676 87.42081451416016 60.320980072021484
67.78805541992188 -63.979129791259766 -26.530027389526367
78.69913482666016 121.91394805908203 -30.94405746459961
-73.20091247558594 -1.7426977157592773 56.87549591064453
78.2922134399414 46.38522720336914 17.169525146484375
-65.8235855102539 4.5497965812683105 -27.632766723632812
-63.10972213745117 -94.10563659667969 25.0870304107666
-70.03765869140625 66.09822082519531 19.501922607421875
-17.42933464050293 -100.23982238769531 58.86379623413086
89.68523406982422 -49.654014587402344 8.09036636352539
34.426231384277344 -6.249661922454834 11.843753814697266
-48.48152160644531 -80.80880737304688 -24.09805679321289
-58.48125076293945 22.229576110839844 50.68767547607422
81.9715347290039 -25.935688018798828 47.69283676147461
-29.56624412536621 97.11786651611328 -1.814357876777649
72.78895568847656 128.74569702148438 -45.5177116394043
18.82481575012207 8.031254768371582 -10.071467399597168
-60.66399383544922 -66.27857971191406 55.68952560424805
-66.89527893066406 53.938255310058594 -15.983933448791504
-43.545413970947266 21.01255989074707 25.234758377075195
14.084747314453125 61.89955520629883 -28.666149139404297
84.93334197998047 97.65026092529297 -27.692289352416992
20.472078323364258 -88.09320831298828 34.000064849853516
-19.82378387451172 -26.293046951293945 26.448774337768555
-32.40153884887695 74.43207550048828 -27.64452362060547
28.329687118530273 -122.70506286621094 20.580902099609375
-14.60764217376709 -12.771800994873047 -29.54616928100586
53.58069610595703 -78.7139663696289 -20.102609634399414
-27.854598999023438 98.9000015258789 29.19267463684082
-19.028133392333984 -57.76327133178711 44.226585388183594
-12.597888946533203 85.22715759277344 -19.556673049926758
-52.55857467651367 74.27345275878906 37.351261138916016
29.783973693847656 28.689401626586914 12.916695594787598
-92.55480194091797 10.68466854095459 -10.913369178771973
-22.451892852783203 156.32496643066406 1.9140355587005615
65.75325012207031 103.99967956542969 -14.378593444824219
70.02490997314453 -80.0860595703125 39.35142135620117
56.825809478759766 44.6165657043457 18.890840530395508
13.997516632080078 -81.56700897216797 74.80750274658203
-57.39178466796875 18.590774536132812 0.2810608744621277
75.96237182617188 -83.1476058959961 -3.1998307704925537
-60.2748908996582 52.65019607543945 33.905094146728516
48.52827835083008 23.814123153686523 -5.393022060394287
96.99071502685547 -49.632232666015625 -9.20199966430664
81.85132598876953 -153.31417846679688 -26.531646728515625
-36.70193099975586 -49.87417984008789 60.18270492553711
-37.977027893066406 23.313461303710938 -32.3283576965332
2.047207832336426 -120.86775207519531 -27.731502532958984
1.5942788124084473 93.19509887695312 56.53456115722656
-9.393893241882324 -63.55512619018555 -28.273435592651367
84.8953857421875 -65.50861358642578 16.78668212890625
-25.29368782043457 -42.616703033447266 -17.357423782348633
0.002884156070649624 1.5924872159957886 88.11173248291016
48.59560775756836 -122.37818908691406 -16.11644172668457
47.49373245239258 -53.59933853149414 74.9251480102539
14.016219139099121 119.93618774414062 5.033646106719971
47.78276824951172 112.26457214355469 -5.079063892364502
-14.873997688293457 80.6358871459961 58.453773498535156
72.08900451660156 64.29866790771484 10.657689094543457
-63.731082916259766 103.30004119873047 2.652219772338867
-48.932796478271484 -116.52836608886719 -10.804715156555176
1.704586148262024 110.38810729980469 37.14572525024414
-6.823057174682617 -107.1476058959961 -22.854021072387695
59.07976531982422 27.52030372619629 21.092256546020508
-81.2979736328125 50.147071838378906 -11.693581581115723
-91.98043060302734 78.59098052978516 -35.90904998779297
52.70673751831055 8.519368171691895 27.203081130981445
49.06710433959961 66.3463134765625 -9.01075267791748
-11.686261177062988 -8.563733100891113 52.32887649536133
2.5295474529266357 -106.99491882324219 9.056015014648438
-46.30411911010742 -16.44564437866211 46.969940185546875
34.125633239746094 -17.54462242126465 21.337739944458008
-31.490034103393555 46.88121795654297 -2.78714656829834
-66.73420715332031 -87.52359771728516 3.312375783920288
-15.347248077392578 43.3195686340332 37.827205657958984
-4.598074436187744 -139.24427795410156 3.849432945251465
51.10777282714844 14.598843574523926 -31.404573440551758
0.5633991360664368 56.88615417480469 68.29940795898438
-15.401518821716309 -26.022994995117188 86.56210327148438
18.04897689819336 21.19317054748535 -31.88958168029785
-34.59568786621094 -47.1590690612793 -30.646770477294922
2.683767080307007 154.9287109375 16.39283561706543
-35.12849426269531 -74.87094116210938 69.78402709960938
-14.757079124450684 -69.61837768554688 3.6917686462402344
-87.44857025146484 -23.68744468688965 17.747949600219727
-67.81190490722656 -76.68896484375 45.13290023803711
-62.6258659362793 110.40985870361328 -14.97669506072998
44.07872009277344 11.808833122253418 -30.523681640625
77.189697265625 109.80664825439453 -47.37773132324219
71.36030578613281 -24.46949577331543 68.21776580810547
-80.27351379394531 -47.57539749145508 37.67736053466797
75.80411529541016 11.554039001464844 17.858549118041992
78.93299102783203 98.94505310058594 -11.45425796508789
-57.84314727783203 -35.54308319091797 -28.395423889160156
63.795352935791016 0.5567821264266968 69.25788879394531
93.69786834716797 -15.794742584228516 13.326685905456543
40.26058578491211 2.4452571868896484 73.46620178222656
85.50697326660156 -3.172762393951416 15.033672332763672
65.37803649902344 -35.00105667114258 25.564912796020508
-24.962196350097656 73.97801208496094 42.95145034790039
7.8064961433410645 142.23321533203125 -2.3418478965759277
46.27504348754883 -62.808834075927734 49.701053619384766
-12.691431045532227 9.761629104614258 20.811119079589844
-71.93128204345703 -68.68355560302734 29.993539810180664
-8.14874267578125 -142.26882934570312 -19.696462631225586
-17.61079216003418 -125.80384826660156 -24.3309383392334
-85.35836791992188 -6.535874843597412 38.520530700683594
66.67626953125 63.62777328491211 -18.72136688232422
1.0342010259628296 -53.285831451416016 85.28376770019531
-45.96221923828125 -101.86949157714844 7.054214000701904
-5.980072975158691 15.278059005737305 56.58074188232422
-7.323694705963135 128.23789978027344 15.42093563079834
-22.554258346557617 121.92118072509766 36.48041534423828
0.07791628688573837 -32.103580474853516 10.359123229980469
57.51177215576172 31.344024658203125 66.68711853027344
48.184791564941406 -23.68330192565918 35.93106460571289
-23.17039680480957 181.7987518310547 5.836410999298096
18.09708023071289 20.96438217163086 34.19078063964844
-3.2798666954040527 36.12263107299805 82.0362777709961
52.35045623779297 -33.92010498046875 76.41187286376953
8.28511905670166 -113.8642349243164 44.13504409790039
-61.11388397216797 -24.140954971313477 0.4677773118019104
0.06236295774579048 -128.54383850097656 20.86768341064453
9.192303657531738 -15.3965482711792 43.85194396972656
-26.061233520507812 82.18603515625 -26.711816787719727
-77.45698547363281 -109.13369750976562 -25.968294143676758
16.239788055419922 -85.80598449707031 -27.923269271850586
-52.20781326293945 -90.59616088867188 52.96184539794922
44.16240692138672 57.515174865722656 -24.48440933227539
91.28076171875 20.01321792602539 5.386021137237549
-8.260025024414062 -76.42679595947266 41.24395751953125
70.290283203125 -101.99481964111328 -20.383737564086914
-34.51230239868164 -59.157249450683594 22.824583053588867
-80.25956726074219 -32.847434997558594 47.065914154052734
28.19624900817871 102.52095794677734 24.963642120361328
88.75012969970703 -159.9832763671875 -44.34431838989258
63.8770637512207 -123.47321319580078 -3.800278425216675
38.171321868896484 -112.07987213134766 11.678272247314453
44.584632873535156 76.4201889038086 34.25313949584961
57.23647689819336 114.1305923461914 -27.054086685180664
-23.887754440307617 -116.58241271972656 11.88405990600586
-10.245342254638672 122.51873016357422 -5.444147109985352
75.71017456054688 -135.2670135498047 -48.00663375854492
-89.79647064208984 -20.506664276123047 -23.581222534179688
-85.94377136230469 -78.92813110351562 6.882023334503174
94.5591049194336 -23.142274856567383 -12.411971092224121
-30.321443557739258 5.273501396179199 -15.556229591369629
18.498498916625977 -57.59285354614258 -29.673324584960938
69.14845275878906 104.2365493774414 2.63919734954834
63.14432144165039 95.57229614257812 16.431116104125977
27.952363967895508 -28.696746826171875 -27.529335021972656
61.6102180480957 -24.656333923339844 -29.390331268310547
28.230619430541992 -52.09463119506836 77.95348358154297
49.14252471923828 -60.563472747802734 22.761423110961914
-87.49302673339844 96.2193603515625 -51.921146392822266
52.806678771972656 -48.68191146850586 -14.164673805236816
-90.72742462158203 97.04440307617188 -31.143404006958008
79.26571655273438 -47.78157043457031 -21.600675582885742
-51.48176574707031 36.41231918334961 -28.380599975585938
7.80368185043335 129.6016845703125 -11.808097839355469
42.97409439086914 53.47956466674805 52.631202697753906
87.525634765625 -70.30998992919922 -11.434486389160156
-0.3828146755695343 71.93822479248047 -29.617074966430664
100.51358795166016 -135.17344665527344 -57.21009063720703
-89.68650817871094 -24.422842025756836 34.72279357910156
-37.79053497314453 -2.3253698348999023 80.67918395996094
64.7716293334961 127.7892074584961 -55.06797409057617
-12.636146545410156 29.087121963500977 -29.4385929107666
29.850624084472656 32.66578674316406 78.92669677734375
13.877224922180176 -120.8888168334961 -18.132715225219727
7.155285835266113 -143.5116729736328 -20.726085662841797
-17.962251663208008 -70.20069122314453 81.66845703125
-33.91912841796875 -36.5889892578125 22.939411163330078
13.662914276123047 73.46578216552734 9.532384872436523
-73.994140625 87.81279754638672 1.0230162143707275
-12.443170547485352 -91.96382141113281 26.97675323486328
3.304063558578491 53.97940444946289 -20.205575942993164
-94.37064361572266 -77.27433013916016 -58.08416748046875
-76.91139221191406 -111.39202880859375 2.749626636505127
-75.86322021484375 70.49320220947266 1.9265331029891968
-48.4677848815918 95.40636444091797 22.788179397583008
-30.496856689453125 -114.37019348144531 34.518524169921875
-44.973751068115234 53.48409652709961 61.472869873046875
3.863132953643799 -143.48350524902344 -35.37933349609375
25.720203399658203 0.1717008352279663 -31.011865615844727
6.049106121063232 -149.59808349609375 -35.879634857177734
-24.726810455322266 117.3462142944336 38.24870681762695
90.06204986572266 -85.9950942993164 -0.8298870921134949
-82.08363342285156 2.500781297683716 19.977136611938477
69.11315155029297 -46.58553695678711 54.429744720458984
-64.42550659179688 79.43413543701172 9.786863327026367
88.36687469482422 -3.132960557937622 -20.014482498168945
25.07452964782715 44.654296875 10.673775672912598
-22.76715660095215 -131.32669067382812 -8.682228088378906
9.901235580444336 107.76508331298828 -11.787583351135254
-27.008777618408203 42.35868835449219 71.57184600830078
2.8108649253845215 -57.36783981323242 56.262786865234375
83.6371841430664 -52.96050262451172 32.69794464111328
22.436384201049805 -66.05961608886719 -20.192317962646484
-20.040637969970703 63.09455490112305 -28.32228660583496
-9.962385177612305 185.19296264648438 6.775575160980225
-36.04607391357422 10.763372421264648 12.394039154052734
8.2059965133667 -94.41968536376953 65.11348724365234
-19.778762817382812 149.50344848632812 19.22488784790039
