-6.390000820159912 -116.29930877685547 -9.853114128112793
-10.479177474975586 -106.58953857421875 -7.881589889526367
-10.867206573486328 -112.25323486328125 -8.65414810180664
-9.745500564575195 -122.09545135498047 -12.609859466552734
1.4392647743225098 -51.33695602416992 -4.478847026824951
12.201238632202148 86.41659545898438 -6.459988594055176
18.584131240844727 123.58704376220703 -8.186784744262695
-5.373406410217285 -7.4500837326049805 4.397582054138184
1.4473519325256348 -6.453017711639404 4.280374526977539
-0.6535062789916992 -7.109231948852539 4.2875823974609375
0.6908445954322815 -7.898381233215332 1.0881998538970947
-2.945727825164795 -7.737208843231201 4.220987319946289
-34.653114318847656 75.20484924316406 1.5274238586425781
0.32942214608192444 -119.68191528320312 -8.830077171325684
2.6588692665100098 -118.40193176269531 -7.060747146606445
11.466194152832031 -119.06145477294922 -11.54557991027832
7.833096504211426 67.01205444335938 3.9817752838134766
-8.521002769470215 43.30588150024414 2.2293925285339355
-2.98976469039917 50.36042404174805 5.668136119842529
-5.505838871002197 47.54566192626953 5.8229451179504395
-0.9377549886703491 52.47641372680664 5.540779113769531
-6.177061557769775 41.58578109741211 5.808788299560547
23.307600021362305 64.70552062988281 -7.348778247833252
-0.3386760354042053 84.27108001708984 3.433255195617676
-2.991387128829956 83.20066833496094 5.546745777130127
-1.5938953161239624 80.33734893798828 5.391236305236816
-3.9411869049072266 80.31385040283203 5.446167469024658
-2.3478620052337646 80.35049438476562 5.601938724517822
-6.252760410308838 80.32903289794922 5.340129852294922
-4.643192291259766 80.32027435302734 5.454078674316406
-5.478665351867676 83.55706787109375 5.653923988342285
-4.109042644500732 -121.77393341064453 -10.486348152160645
-8.479483604431152 69.96376037597656 3.4409079551696777
-5.453707218170166 80.2754898071289 5.8793559074401855
-3.2223355770111084 80.28702545166016 6.084105968475342
-5.828833103179932 68.19940948486328 6.004096508026123
-3.1404476165771484 79.24053955078125 5.602163791656494
-2.4944114685058594 2.8820855617523193 -0.799665093421936
13.708847999572754 119.71382141113281 -6.218509674072266
-1.7991267442703247 28.492603302001953 1.8724803924560547
-5.455801486968994 25.644723892211914 5.507174015045166
-3.019725799560547 25.94679832458496 5.374583721160889
-0.750069260597229 27.858858108520508 5.470520973205566
1.4132479429244995 23.327558517456055 5.3266921043396
3.684093713760376 21.617090225219727 5.258032321929932
5.704904079437256 20.367521286010742 5.192107200622559
-3.973643103449831e-08 21.793821334838867 3.1772353649139404
-24.2352294921875 103.74519348144531 -6.217582702636719
7.207341194152832 4.185410976409912 2.626150608062744
1.6596609354019165 -3.5930724143981934 4.4974045753479
5.719050884246826 5.106916904449463 4.644794940948486
3.6384618282318115 0.03944630175828934 4.520814895629883
5.268610954284668 125.02225494384766 1.2891323566436768
5.700734615325928 -91.53569793701172 -4.058892726898193
3.9226579666137695 -85.5216293334961 1.4491405487060547
5.843372821807861 -86.52488708496094 1.4857418537139893
1.879981517791748 62.926292419433594 4.659341812133789
-9.201199531555176 57.25471496582031 3.927661895751953
-5.461890697479248 57.32398223876953 5.761116981506348
-3.0088586807250977 57.71198272705078 5.645480632781982
-35.1678466796875 99.8654556274414 0.322636216878891
-29.260435104370117 33.35649490356445 -8.056608200073242
-12.104572296142578 35.516170501708984 1.1472822427749634
-16.752700805664062 89.49414825439453 -1.7480326890945435
-3.514727830886841 34.15015411376953 -4.862470626831055
-24.491552352905273 61.01982116699219 2.1241772174835205
-21.388702392578125 63.97111892700195 3.8040990829467773
-14.296379089355469 96.02961730957031 4.366092205047607
-3.0003268718719482 88.34690856933594 5.547520637512207
-5.479409217834473 87.696044921875 5.630154132843018
2.454517364501953 -62.81719970703125 -1.2504273653030396
5.84127140045166 -62.516563415527344 2.138451099395752
3.7058939933776855 -66.37672424316406 1.9517909288406372
13.593161582946777 90.34039306640625 2.9645376205444336
-5.329776287078857 -75.21589660644531 2.122943639755249
-2.268890857696533 -76.3685302734375 -0.381747841835022
-2.8902714252471924 -74.96343231201172 1.8645601272583008
-0.6129583120346069 -75.52201843261719 1.8805952072143555
1.196229100227356 -69.08458709716797 2.3186275959014893
-34.05738067626953 76.50688171386719 -6.297867774963379
22.004533767700195 121.24237060546875 -0.5459202527999878
33.02778625488281 110.93927764892578 -1.582635760307312
0.8636423349380493 -42.85154724121094 0.527360200881958
-5.381206512451172 -42.23115158081055 3.2401111125946045
3.693668842315674 -42.357181549072266 2.9948880672454834
5.786142826080322 -43.024681091308594 2.997755765914917
-2.908578395843506 -41.370391845703125 3.0261359214782715
-0.7081189751625061 -43.518898010253906 2.9526593685150146
1.5125930309295654 -42.93324279785156 2.9748525619506836
3.421645402908325 -7.301515102386475 -3.868539810180664
-9.76401138305664 100.9760971069336 -6.190029621124268
-22.613235473632812 121.55035400390625 -2.4310555458068848
-27.07274055480957 30.411819458007812 -0.5841171145439148
-24.798187255859375 108.97713470458984 3.9738283157348633
-35.93067932128906 85.61834716796875 -6.099353790283203
-34.33465576171875 70.7213134765625 -4.999303817749023
19.3276309967041 48.30732727050781 -6.985244274139404
36.24112319946289 82.50914764404297 -2.0868654251098633
32.11501693725586 69.74405670166016 -2.6752846240997314
-0.04731728881597519 -57.03123474121094 0.24676033854484558
-5.352145195007324 -58.69831085205078 2.6599607467651367
3.6873080730438232 -60.46098709106445 2.363147258758545
5.814281940460205 -58.09711837768555 2.470696449279785
1.5083401203155518 -59.69978332519531 2.449758291244507
-0.6620602011680603 -58.081180572509766 2.453540325164795
-2.9212052822113037 -59.51466369628906 2.4332125186920166
-8.659843444824219 116.41398620605469 -4.386107921600342
1.8466678857803345 39.71321487426758 3.4284839630126953
-2.9912030696868896 42.067283630371094 5.691283702850342
-5.307379245758057 41.553741455078125 5.990362167358398
-3.122885227203369 41.56605529785156 5.808684349060059
-0.7718796730041504 41.56605529785156 5.808684349060059
1.3441462516784668 41.56605529785156 5.808684349060059
3.6774868965148926 41.56605529785156 5.808684349060059
5.772890090942383 41.56605529785156 5.808684349060059
3.5882468223571777 46.86625289916992 5.670838356018066
-0.7914913296699524 44.27222442626953 5.685213565826416
-5.51210355758667 39.781410217285156 5.843738079071045
1.3456857204437256 44.65542221069336 5.670634746551514
5.699827671051025 47.83985900878906 5.651938438415527
-25.35879898071289 61.729087829589844 -6.354374885559082
18.348438262939453 27.586069107055664 -5.99838924407959
16.00729751586914 16.783437728881836 -8.168013572692871
2.0548923015594482 126.24739837646484 -7.669946193695068
21.104154586791992 19.36403465270996 -2.7612979412078857
39.148887634277344 90.26998138427734 -7.546243190765381
25.59160804748535 41.991947174072266 -0.5627318024635315
17.258056640625 14.735050201416016 2.65974760055542
3.3045601844787598 64.07494354248047 -1.7472518682479858
27.952959060668945 27.764999389648438 0.9884328842163086
37.92707824707031 107.78193664550781 -2.2142257690429688
3.65474534034729 -92.88023376464844 0.7651508450508118
-3.7256765365600586 -99.70407104492188 -2.9183483123779297
-2.897520065307617 -97.66887664794922 0.14265018701553345
-0.7172545194625854 -94.95115661621094 0.4581007957458496
5.822121620178223 -94.89942169189453 0.8245810270309448
1.5788099765777588 -94.1295394897461 0.5613979697227478
2.223862409591675 -85.85120391845703 0.39550063014030457
1.8797471523284912 -112.42379760742188 -7.063127040863037
3.2305290699005127 -110.38424682617188 -4.020054340362549
11.45815658569336 -106.61119079589844 -6.525126934051514
10.795477867126465 -112.10415649414062 -8.770384788513184
1.7651506662368774 -112.29866027832031 -4.614050388336182
-3.218005418777466 -111.22454833984375 -4.20919132232666
-1.7053052186965942 -112.67861938476562 -4.819073677062988
28.14777183532715 71.17269897460938 -4.1826090812683105
26.564544677734375 100.81914520263672 -2.7022390365600586
29.145864486694336 25.650043487548828 -6.721682548522949
-9.661913871765137 69.05082702636719 -7.273947715759277
2.451997995376587 -25.67812156677246 1.3523004055023193
1.4421519041061401 -23.23769760131836 3.690294027328491
3.693089723587036 -27.66281509399414 3.5302042961120605
5.797256946563721 -28.10739517211914 3.4979543685913086
-33.89706802368164 85.98323059082031 3.780689239501953
-34.17214584350586 107.9306411743164 -1.6955807209014893
-11.759137153625488 -106.13520050048828 -6.612871170043945
-11.02994441986084 -112.13182830810547 -7.553922176361084
-14.494470596313477 121.52288055419922 -3.1969573497772217
26.235519409179688 62.057769775390625 -2.059722423553467
-23.292804718017578 48.83066940307617 1.6564810276031494
-18.206871032714844 49.45978546142578 3.8561017513275146
-24.141141891479492 43.4627799987793 -6.422905921936035
-27.402400970458984 83.09297180175781 -6.696585178375244
5.3999176025390625 -107.98500061035156 -2.0172760486602783
-2.912456750869751 -110.25923156738281 -3.665519952774048
1.724216341972351 -109.40545654296875 -3.3978686332702637
2.891824722290039 -109.06696319580078 -3.334960699081421
-1.3877525329589844 -109.9140396118164 -3.606529712677002
-0.09149991720914841 72.0304183959961 4.431949138641357
-3.0405962467193604 72.69152069091797 5.561298847198486
2.8499386310577393 80.24751281738281 5.875251770019531
-2.3627796173095703 80.24108123779297 5.928290367126465
5.389843940734863 68.20196533203125 6.027226448059082
3.6774868965148926 68.20008850097656 5.808684349060059
1.3441462516784668 68.20008850097656 5.808684349060059
-0.7718796730041504 68.20008850097656 5.808684349060059
-3.122885227203369 68.20008850097656 5.808684349060059
-4.84276008605957 68.20030212402344 5.869495391845703
3.639559268951416 34.99191665649414 -5.2000885009765625
37.31203079223633 76.30967712402344 3.1879312992095947
22.65390396118164 74.47835540771484 -2.584105968475342
1.5154355764389038 -85.3776626586914 1.480280876159668
-2.8565430641174316 -87.37274932861328 1.4575295448303223
-3.454033851623535 -89.16851806640625 -2.8518621921539307
-5.3296074867248535 -88.88864135742188 1.626589059829712
-0.5538867115974426 -86.22493743896484 1.474070429801941
6.884080410003662 -97.57194519042969 -7.622890472412109
-6.594432830810547 -16.64411163330078 -1.1934984922409058
3.802610158920288 -34.3338623046875 -3.206000328063965
-1.7537342309951782 -104.8250503540039 -4.486705303192139
1.68406343460083 -105.90540313720703 -2.157716751098633
12.105273246765137 -104.99574279785156 -5.81995153427124
10.131153106689453 -104.43995666503906 -5.816567897796631
-2.960127592086792 -107.77690887451172 -2.893254041671753
-1.2969629764556885 -106.93112182617188 -2.628962278366089
3.102017879486084 -105.69271087646484 -2.2645668983459473
5.79268741607666 -101.52902221679688 -0.5005936026573181
33.994205474853516 113.76123809814453 3.30791974067688
-8.762139320373535 -101.76966857910156 -4.8273515701293945
-11.800328254699707 -104.68487548828125 -5.943057537078857
-5.408685207366943 -94.51162719726562 1.4610260725021362
12.282045364379883 99.53688049316406 3.90264892578125
-5.1783366203308105 -73.59577178955078 -5.6476149559021
9.418378829956055 92.0978775024414 0.03085601143538952
-2.9287025928497314 -16.342498779296875 3.911442518234253
2.763848304748535 -14.300697326660156 1.4424821138381958
1.426016092300415 -16.581682205200195 3.947493314743042
3.6840362548828125 -15.146577835083008 3.964045286178589
5.77716064453125 -15.860363960266113 3.9505584239959717
-0.6720406413078308 -16.328874588012695 3.938579797744751
0.2703254818916321 -83.87467956542969 -2.060922861099243
3.7479591369628906 -67.26148223876953 2.1981911659240723
5.814558982849121 -67.26871490478516 2.1661579608917236
5.488902568817139 -67.89801788330078 -0.15596576035022736
28.120100021362305 31.254379272460938 -7.115139484405518
-28.510467529296875 62.64118576049805 -0.3758715093135834
-2.0196709632873535 -66.15438079833984 -1.2094875574111938
-23.929454803466797 72.90709686279297 3.9000473022460938
-21.499813079833984 72.23553466796875 -2.978916645050049
4.019516468048096 92.4864273071289 3.160162925720215
-0.443144291639328 -27.13197898864746 1.0435826778411865
-5.405874729156494 -26.34807014465332 3.7828943729400635
-2.9439845085144043 -25.28270149230957 3.6025497913360596
-0.6669906973838806 -26.339553833007812 3.590812921524048
1.4303680658340454 -27.517704010009766 3.543530225753784
7.635204315185547 15.105605125427246 0.2094777524471283
6.892822265625 35.9213981628418 3.0445549488067627
5.710631847381592 32.78828430175781 5.595181465148926
3.624530553817749 33.945411682128906 5.650785446166992
19.872657775878906 28.23787498474121 5.458925247192383
-0.593707263469696 35.21696853637695 5.734062194824219
1.3569614887237549 34.42649459838867 5.678805828094482
4.328991413116455 89.68909454345703 -6.4363532066345215
21.925743103027344 51.05600357055664 1.1692918539047241
5.025978088378906 -6.3235859870910645 -2.301927089691162
38.85661315917969 97.12415313720703 -2.5330090522766113
2.1653196811676025 7.9193501472473145 1.874939203262329
-5.427295207977295 8.261444091796875 4.9632463455200195
1.4475218057632446 4.7725749015808105 4.670692443847656
3.6393096446990967 9.701175689697266 4.8305792808532715
5.409546375274658 14.203804016113281 4.808194160461426
-2.9717822074890137 7.078169345855713 4.737088680267334
-0.6924150586128235 6.165024757385254 4.691595554351807
7.177515029907227 73.48844909667969 3.363222122192383
3.6218793392181396 80.10137939453125 5.55025053024292
5.772890090942383 80.2956771850586 5.808684349060059
3.6410763263702393 80.29853820800781 5.794326305389404
-25.08720588684082 90.23228454589844 4.182741641998291
-31.641681671142578 95.0366439819336 4.718482494354248
-42.515892028808594 91.46614074707031 3.8688340187072754
3.6468446254730225 -75.65034484863281 1.844909906387329
1.4460762739181519 -75.61282348632812 1.878033995628357
0.8306774497032166 -75.8479995727539 -0.7747291922569275
5.809366703033447 -78.210693359375 1.7620583772659302
9.478472709655762 16.627185821533203 -7.233304977416992
-28.135759353637695 37.94688415527344 2.1086320877075195
