-3.067441701889038 23.645503997802734 89.57785034179688
16.35871696472168 25.78618049621582 136.34841918945312
-17.135177612304688 28.004610061645508 109.9275894165039
-12.425601959228516 -19.362102508544922 90.84235382080078
-19.582672119140625 -18.89194679260254 154.1736297607422
10.306381225585938 -26.454076766967773 146.46214294433594
18.940980911254883 17.775217056274414 1.8954659700393677
-19.840246200561523 21.05406951904297 145.416748046875
-3.7763302326202393 -14.230502128601074 82.47434997558594
-1.6721314191818237 -28.295209884643555 98.10790252685547
-26.534528732299805 16.147335052490234 136.2897491455078
-28.889678955078125 -15.112354278564453 120.56919860839844
-23.048959732055664 11.962217330932617 160.86244201660156
-0.05616068094968796 0.16841153800487518 46.070125579833984
-2.1814839839935303 4.457763671875 77.48672485351562
4.168098449707031 -10.556594848632812 78.71923065185547
10.417755126953125 -14.910945892333984 3.983360767364502
-9.683385848999023 -4.906397342681885 7.90427303314209
10.373228073120117 -25.6178035736084 96.0381088256836
-22.51970863342285 -20.819074630737305 135.91331481933594
24.224197387695312 -3.1946141719818115 89.03730010986328
13.811236381530762 7.591187477111816 6.287415504455566
3.771796464920044 -32.46747589111328 119.96221160888672
-26.95258140563965 10.20360279083252 146.43380737304688
-25.642242431640625 -8.452093124389648 156.02322387695312
8.33155632019043 26.117143630981445 152.7991485595703
5.5801310539245605 -29.812849044799805 1.6535098552703857
-13.226269721984863 19.59552001953125 170.15118408203125
-26.999197006225586 -15.19006633758545 135.6792755126953
23.39305877685547 5.117467880249023 170.9583740234375
-25.233755111694336 -15.812373161315918 146.27389526367188
20.032752990722656 -22.74262809753418 138.3007049560547
-18.749557495117188 -26.409034729003906 123.22919464111328
-2.035691976547241 0.30341508984565735 23.587413787841797
-21.894481658935547 -13.116333961486816 163.6168975830078
7.51380729675293 -27.012046813964844 152.46412658691406
-16.180559158325195 -8.052740097045898 86.46322631835938
14.631566047668457 -2.0507428646087646 6.707614898681641
26.102041244506836 -18.610679626464844 121.30858612060547
-22.61093521118164 -18.608932495117188 144.35150146484375
1.3600224256515503 -26.14078140258789 160.26553344726562
30.146835327148438 -10.265878677368164 128.3398895263672
-7.4387383460998535 28.29646110534668 98.64122772216797
-13.588703155517578 20.21224021911621 2.5871057510375977
-19.957416534423828 -19.507169723510742 2.2494921684265137
-27.799488067626953 -6.408110618591309 98.0691146850586
-2.9212558269500732 0.366868793964386 66.27191925048828
-1.4104118347167969 23.8891544342041 171.31915283203125
9.544212341308594 30.091289520263672 115.1348648071289
25.334442138671875 -21.180391311645508 113.99028778076172
28.475967407226562 13.774252891540527 127.03048706054688
27.265491485595703 -7.740279197692871 148.89205932617188
-9.40670108795166 27.345596313476562 145.9366912841797
6.227585792541504 -25.898740768432617 156.8760986328125
22.546724319458008 -16.19852066040039 95.22830963134766
16.588985443115234 14.24899959564209 86.93411254882812
19.579208374023438 -23.306039810180664 100.42009735107422
31.84982681274414 -5.432510852813721 111.94691467285156
-22.322072982788086 23.70413589477539 112.86371612548828
15.76816177368164 21.139307022094727 158.08949279785156
20.50806999206543 24.461952209472656 106.21250915527344
-18.359975814819336 24.069902420043945 1.4983917474746704
23.912925720214844 -20.80033302307129 105.42813873291016
11.959409713745117 16.549280166625977 89.000732421875
-1.75777006149292 16.824708938598633 82.22694396972656
18.964523315429688 -26.753097534179688 112.86825561523438
-10.448762893676758 7.478729724884033 6.106142997741699
20.44301986694336 -5.201866149902344 89.53343200683594
-20.718093872070312 18.859582901000977 152.02906799316406
0.014817917719483376 0.04122878611087799 35.3289794921875
23.526865005493164 -19.754846572875977 141.96665954589844
-11.600616455078125 -25.440645217895508 153.48728942871094
-4.922473430633545 -29.647533416748047 139.60745239257812
-2.3108303546905518 32.79912567138672 115.05882263183594
-1.5204628705978394 -24.411863327026367 88.97518157958984
23.9825439453125 10.326669692993164 163.52655029296875
-15.679818153381348 12.120561599731445 88.98123931884766
32.46559524536133 2.4832353591918945 115.62041473388672
31.852313995361328 -0.06509578973054886 128.49087524414062
-28.690340042114258 9.000411033630371 1.549210786819458
-9.485207557678223 -8.252148628234863 79.61080169677734
2.4646964073181152 0.6762707829475403 52.5047607421875
-2.3400912284851074 27.838655471801758 151.88742065429688
-9.164511680603027 18.05897331237793 88.25220489501953
-17.094789505004883 -26.412818908691406 130.8702392578125
6.742897033691406 5.777156829833984 83.73741149902344
-5.922749042510986 -9.073563575744629 84.32341003417969
-1.36333429813385 -29.031156539916992 145.8544158935547
-20.660037994384766 10.403751373291016 89.73274993896484
13.079442977905273 -29.189128875732422 124.66926574707031
24.059837341308594 -17.148818969726562 145.49290466308594
-26.861309051513672 2.0893120765686035 156.07217407226562
-31.7337589263916 -1.017281174659729 109.70950317382812
15.061300277709961 -17.609771728515625 174.14080810546875
12.133935928344727 -24.223623275756836 156.2063751220703
-23.719907760620117 -15.144960403442383 94.75476837158203
-20.06126594543457 23.659595489501953 132.71229553222656
20.973920822143555 -8.472920417785645 172.33348083496094
9.67912769317627 -28.65140151977539 137.4107208251953
-19.270811080932617 -7.319613933563232 2.6299264430999756
-28.845029830932617 -13.965705871582031 1.9001615047454834
-7.061578750610352 -26.3773250579834 91.75100708007812
-28.602006912231445 -1.635791540145874 1.5880054235458374
-25.206947326660156 -18.36516761779785 106.27560424804688
-29.837387084960938 3.8542871475219727 140.40118408203125
-28.553287506103516 -2.487494707107544 148.2943115234375
-8.143195152282715 -30.570987701416016 128.6402130126953
-21.973949432373047 15.9688138961792 155.66171264648438
-29.686649322509766 5.946936130523682 135.65472412109375
-3.193916082382202 -31.859041213989258 127.52935028076172
-13.312475204467773 25.295564651489258 95.86311340332031
-1.9445226192474365 -13.610539436340332 7.1094489097595215
22.070276260375977 5.364426136016846 90.00749206542969
-12.047497749328613 0.7931414246559143 81.58479309082031
-24.61983871459961 -5.7622575759887695 164.06777954101562
-0.27743688225746155 -3.803934335708618 66.3639144897461
-29.863067626953125 -10.066385269165039 129.14039611816406
-13.805843353271484 -25.66170310974121 144.87884521484375
-0.6733101010322571 -0.9039296507835388 12.784944534301758
-20.520971298217773 -10.994301795959473 172.74417114257812
22.331411361694336 -21.871257781982422 3.0113933086395264
-6.710658550262451 20.01337432861328 3.1398682594299316
-30.00597381591797 -5.370581150054932 138.0016632080078
-13.993266105651855 27.54147720336914 0.7751563787460327
-10.950348854064941 -23.549131393432617 160.92457580566406
-16.02506446838379 -17.312803268432617 172.06976318359375
2.8377978801727295 13.609928131103516 5.1278204917907715
-24.078996658325195 16.01945686340332 96.9178237915039
22.550846099853516 22.035985946655273 131.52862548828125
13.5501708984375 8.506989479064941 82.4691162109375
-5.080362796783447 30.388620376586914 133.26795959472656
25.67768096923828 18.195417404174805 104.05622100830078
-9.543970108032227 8.24764633178711 82.6424560546875
1.1489924192428589 0.13650615513324738 24.689172744750977
-15.765888214111328 20.109949111938477 162.45162963867188
22.59560203552246 17.362083435058594 147.32080078125
28.129169464111328 -9.621339797973633 139.1778564453125
-3.2034366130828857 25.743162155151367 160.81564331054688
11.709882736206055 -29.202436447143555 105.9112777709961
26.370426177978516 -0.5181853771209717 156.87644958496094
-8.157552719116211 -29.649927139282227 101.1285171508789
9.201855659484863 28.783321380615234 1.424580454826355
18.32107162475586 -24.848844528198242 140.58920288085938
-24.169981002807617 -21.56589126586914 123.83509063720703
-20.3535213470459 12.68830394744873 170.6934356689453
-10.562410354614258 -30.57703399658203 122.80337524414062
29.919342041015625 -10.784642219543457 119.887939453125
17.342872619628906 17.10260772705078 166.25770568847656
-19.792327880859375 23.42697525024414 101.909423828125
14.522010803222656 -27.417240142822266 131.5238800048828
29.89455795288086 -1.8889358043670654 99.5459213256836
23.22814178466797 -22.213350296020508 125.60174560546875
-17.024124145507812 4.163033962249756 87.80590057373047
-7.040524482727051 -12.091926574707031 6.813896656036377
-7.5211052894592285 30.71136474609375 107.82234954833984
18.631973266601562 27.19222068786621 127.3293685913086
-24.065732955932617 -21.869863510131836 112.99260711669922
-31.88004493713379 -5.43648624420166 119.64649200439453
7.716139793395996 18.372737884521484 84.54889678955078
25.685733795166016 0.4651437997817993 93.6812973022461
1.8098593950271606 -31.591188430786133 130.98126220703125
24.41986846923828 -6.806888103485107 2.100069999694824
28.23145294189453 -12.127034187316895 102.5265121459961
-24.99260139465332 2.689303159713745 164.20245361328125
-31.604246139526367 3.659379720687866 126.88420867919922
4.657322406768799 12.509352684020996 83.86295318603516
-26.76576805114746 -10.663246154785156 146.73443603515625
-5.869909763336182 -22.682674407958984 171.5380096435547
-22.54150390625 -6.199061393737793 171.7066192626953
-0.3962852954864502 -0.4329776167869568 54.31871795654297
-3.5320093631744385 1.0980523824691772 16.316328048706055
-19.374706268310547 14.47179889678955 92.74918365478516
29.074108123779297 12.593802452087402 109.00335693359375
-3.6136388778686523 28.84038543701172 1.6362154483795166
-15.992697715759277 2.0980539321899414 83.44186401367188
5.521190166473389 -1.1744792461395264 79.77904510498047
31.705108642578125 -1.8470226526260376 104.55513763427734
-19.95865249633789 -26.035593032836914 115.8386001586914
11.059865951538086 21.051183700561523 172.30960083007812
22.85145378112793 24.541858673095703 108.00003051757812
-0.40496140718460083 -32.72925567626953 118.83879089355469
5.253002166748047 -3.684356451034546 6.341080665588379
-3.028384208679199 24.376346588134766 165.80030822753906
24.913381576538086 21.081741333007812 116.8694076538086
8.483457565307617 20.178743362426758 3.598463535308838
14.801677703857422 -19.643150329589844 167.9903106689453
15.500351905822754 -13.089193344116211 87.8285903930664
25.39632797241211 -18.044090270996094 133.53294372558594
17.69208526611328 -2.4017748832702637 83.42473602294922
2.0472474098205566 -0.16743512451648712 30.41557502746582
22.142162322998047 13.746779441833496 93.68081665039062
1.7450520992279053 -2.2944765090942383 48.30830001831055
30.09674644470215 6.452750205993652 101.79823303222656
9.321231842041016 22.0568904876709 89.09617614746094
12.131250381469727 -10.420259475708008 81.49079895019531
-8.742161750793457 -3.2289295196533203 80.77761840820312
23.527183532714844 -6.233296871185303 166.24200439453125
23.385316848754883 11.7152099609375 160.07203674316406
4.029952526092529 23.071802139282227 172.41229248046875
29.355478286743164 9.540352821350098 1.4120045900344849
-27.05169105529785 15.762794494628906 128.8253936767578
-24.401569366455078 22.329370498657227 104.46147918701172
-13.061511993408203 -20.571006774902344 169.83956909179688
-26.6630802154541 14.849287986755371 142.2904510498047
-17.583354949951172 -27.8035945892334 117.76732635498047
-16.027633666992188 9.628657341003418 84.3979721069336
7.716508865356445 -31.4809513092041 113.99195861816406
28.441226959228516 0.8540277481079102 93.87775421142578
6.685938358306885 24.259645462036133 165.0843048095703
-28.479082107543945 15.103114128112793 116.99600982666016
5.220621585845947 29.625308990478516 139.19094848632812
-29.50741195678711 -10.47968578338623 3.0646040439605713
19.49274444580078 8.884376525878906 85.37386322021484
28.08289337158203 -3.962761402130127 95.9964828491211
27.500417709350586 8.130556106567383 147.76202392578125
-7.28449821472168 -24.02872657775879 2.2127254009246826
28.697040557861328 10.8560791015625 134.31179809570312
6.570773124694824 -31.176692962646484 126.9377670288086
-21.612892150878906 -20.652780532836914 96.56356811523438
-6.58955192565918 22.62128448486328 172.44888305664062
-14.991092681884766 -25.162153244018555 98.7804946899414
-22.4005184173584 5.124635219573975 173.27462768554688
15.371492385864258 22.775684356689453 96.45598602294922
22.510765075683594 24.102811813354492 126.94084167480469
19.89432716369629 25.5981502532959 120.872802734375
16.36753273010254 -25.76763916015625 1.4075747728347778
-27.355195999145508 16.75027084350586 110.25096893310547
15.2992525100708 8.560038566589355 87.54582214355469
4.3009033203125 -17.003334045410156 85.88565063476562
30.897335052490234 9.391464233398438 116.91232299804688
18.643539428710938 13.476949691772461 172.1287841796875
2.211496591567993 0.6134569644927979 64.81008911132812
-1.9233839511871338 0.6486253142356873 59.330204010009766
20.41718292236328 -17.64905548095703 155.2189178466797
13.861944198608398 -20.716896057128906 91.74825286865234
20.745988845825195 -24.892627716064453 119.1957778930664
30.158424377441406 1.0914844274520874 140.84141540527344
3.156520128250122 26.385740280151367 95.40182495117188
-22.679208755493164 -3.102635145187378 90.55477142333984
-11.683439254760742 29.685544967651367 120.71717071533203
-10.501861572265625 -11.66019058227539 81.92810821533203
-30.246076583862305 -12.061120986938477 109.52464294433594
24.758390426635742 10.945794105529785 155.3775177001953
2.2128851413726807 11.210988998413086 78.35408020019531
7.2230401039123535 -22.668991088867188 170.51539611816406
-3.25715708732605 -3.483579158782959 74.67271423339844
-24.04833984375 16.563711166381836 1.7118854522705078
4.000762939453125 -3.7220914363861084 74.03018188476562
-9.196205139160156 -30.60841178894043 111.33202362060547
-18.816612243652344 18.80595588684082 93.5071792602539
29.13130760192871 6.874066352844238 141.9547119140625
-19.377883911132812 -17.162588119506836 162.10491943359375
-11.552358627319336 24.28851318359375 157.1315155029297
16.296831130981445 24.117202758789062 149.7682342529297
-27.06028938293457 11.267993927001953 99.94025421142578
-3.2023937702178955 -27.595260620117188 151.33908081054688
