37.07516860961914 -18.62241554260254 -30.89680290222168
38.84219741821289 -31.638179779052734 -1.4176268577575684
41.125431060791016 -39.92015838623047 -2.96821665763855
-38.68353271484375 -42.93897247314453 77.02616119384766
37.195098876953125 12.468730926513672 -33.1878662109375
-15.870722770690918 47.66728591918945 0.6430379152297974
-32.930755615234375 -41.38248062133789 -96.50092315673828
-34.33089828491211 -41.428524017333984 86.17958068847656
-12.457880973815918 -44.93197250366211 35.1103630065918
-6.255233287811279 -6.426303863525391 0.5916305780410767
39.98752212524414 21.735984802246094 0.7300893664360046
4.191373348236084 -44.812461853027344 59.77809143066406
33.478981018066406 -46.15650177001953 57.984703063964844
-5.881073474884033 -40.81926727294922 96.34208679199219
22.725265502929688 -44.83216094970703 33.132286071777344
-34.82471466064453 32.102333068847656 -28.753202438354492
-33.8183479309082 39.709720611572266 -20.011960983276367
38.49705123901367 20.657032012939453 -63.773921966552734
-10.28236198425293 6.538096904754639 -0.11467450112104416
-9.539399147033691 -43.078956604003906 -22.211746215820312
37.064109802246094 -43.08837890625 -91.0846939086914
34.15559005737305 -20.399248123168945 -0.12969884276390076
-37.43815612792969 -27.653369903564453 -62.85692596435547
-38.3510627746582 44.546749114990234 -88.87228393554688
-36.846534729003906 31.090831756591797 -1.1930785179138184
37.00357437133789 -36.37949752807617 -61.68613052368164
-36.95392608642578 7.014032363891602 -1.5101861953735352
0.027918564155697823 -44.73095703125 62.25117874145508
4.9870476722717285 -45.19226837158203 62.33741760253906
-37.87612533569336 37.34761047363281 -67.0687255859375
37.70121765136719 41.2560920715332 -32.61387634277344
-7.792365550994873 43.03010177612305 -57.03306198120117
3.3068721294403076 -38.541202545166016 -1.0219537019729614
4.947319507598877 -41.12397003173828 4.349540710449219
10.400111198425293 42.71414566040039 -56.6722297668457
-39.08205795288086 40.11051940917969 -1.0821632146835327
-35.59849548339844 20.317644119262695 -65.38470458984375
-3.457064390182495 42.62791442871094 -39.86827850341797
-36.678104400634766 -41.694862365722656 -42.154212951660156
39.46033477783203 28.822614669799805 -64.87574768066406
23.62242889404297 -38.577362060546875 0.21235419809818268
22.648658752441406 -40.89848709106445 6.713017463684082
-37.088680267333984 -44.55833053588867 -96.04837036132812
-34.94509506225586 10.986778259277344 -29.190013885498047
38.91521072387695 -41.062068939208984 17.117788314819336
-38.9179573059082 18.0591983795166 -62.12452697753906
-2.9043080806732178 -14.524394989013672 0.369762122631073
-38.125030517578125 45.288246154785156 -28.334238052368164
-37.34983825683594 -17.807153701782227 -31.093290328979492
-25.654788970947266 41.126365661621094 -4.207828521728516
12.148648262023926 -40.922149658203125 9.270195960998535
19.235658645629883 -42.838775634765625 -51.51677322387695
-23.633108139038086 39.739051818847656 -38.64918518066406
34.14944839477539 -41.94272994995117 -14.949984550476074
38.871498107910156 -27.037635803222656 -28.32606315612793
37.62495803833008 -27.980419158935547 -6.729637145996094
-39.000770568847656 -40.41072463989258 -94.83488464355469
-36.59108352661133 -41.002540588378906 -97.17813110351562
17.95500373840332 -37.08689880371094 -1.2094780206680298
12.561881065368652 -41.11872482299805 5.184752941131592
37.47666931152344 -14.159478187561035 -62.549285888671875
42.45649337768555 -9.214356422424316 1.1746442317962646
15.698013305664062 11.293063163757324 0.46192291378974915
-37.41387176513672 -3.0973148345947266 -31.046850204467773
33.383819580078125 -48.184688568115234 47.49151611328125
12.469157218933105 -3.9318342208862305 0.024469461292028427
-35.288265228271484 -42.85091018676758 31.885099411010742
-10.310894966125488 41.53083419799805 -1.7133044004440308
-11.741950988769531 -39.88035583496094 89.09012603759766
-14.716879844665527 -1.29120934009552 0.23172269761562347
37.20914840698242 -0.7291017770767212 -61.13676834106445
-27.963106155395508 -42.039710998535156 81.59952545166016
25.199474334716797 -41.23618698120117 87.74396514892578
-14.200345993041992 45.55461120605469 -7.672214508056641
-45.0049934387207 -40.19517135620117 83.86215209960938
-34.656063079833984 -15.668436050415039 -63.64330291748047
0.23300082981586456 44.74137496948242 -58.83236312866211
33.19496536254883 -46.14960479736328 -62.60692596435547
19.065263748168945 -43.8425178527832 -55.416446685791016
-4.551999568939209 -39.674034118652344 -22.90097999572754
-33.95217514038086 -42.71411895751953 -89.08479309082031
-6.153762340545654 21.018630981445312 0.3056284785270691
-13.22996711730957 -42.10041427612305 -25.505985260009766
8.521027565002441 -44.46107864379883 32.41859817504883
16.957962036132812 -44.57329559326172 58.55863571166992
38.71847915649414 31.994888305664062 -3.2717642784118652
2.92718505859375 41.48374938964844 0.4832805395126343
-10.651153564453125 -41.49620056152344 5.915383338928223
-37.14360809326172 38.60185623168945 -34.07917785644531
-28.28582000732422 42.3729362487793 -39.262123107910156
10.797941207885742 -42.53658676147461 -23.64011573791504
12.573465347290039 -41.5064697265625 -7.420658111572266
-18.1044864654541 -15.580687522888184 0.386244535446167
-4.692582130432129 -41.0400505065918 4.657301425933838
-5.508704662322998 -36.36860275268555 0.7367448806762695
38.76777648925781 -7.344024658203125 -28.07496452331543
9.700441360473633 -42.88975143432617 -52.561866760253906
-37.9291877746582 -39.53877639770508 -67.24008178710938
37.27222442626953 -45.123661041259766 68.13581848144531
-38.14960861206055 12.739409446716309 -3.6550989151000977
-24.177413940429688 -42.54757308959961 -23.701860427856445
-21.437767028808594 -41.525753021240234 -5.959010124206543
36.73095703125 17.93448829650879 2.086254596710205
-34.549625396728516 15.596894264221191 -64.89425659179688
-1.6466140747070312 0.27667364478111267 -0.12502728402614594
31.231870651245117 -39.709197998046875 -1.5506458282470703
9.915717124938965 -41.06611251831055 82.59906005859375
34.89965057373047 -42.46862030029297 83.68143463134766
-36.81114196777344 -42.72795486450195 -78.43264770507812
-32.53285217285156 42.63536834716797 -1.5265507698059082
33.621253967285156 -42.73809051513672 -50.99995422363281
36.48939514160156 25.62379264831543 -61.6673583984375
-37.837135314941406 -42.92634582519531 -88.24038696289062
-37.45688247680664 42.625553131103516 -16.721363067626953
36.703453063964844 -41.84222412109375 -70.80702209472656
3.7717339992523193 -9.43581485748291 0.41245177388191223
17.940595626831055 -44.0279655456543 1.3881566524505615
23.35682487487793 27.983165740966797 0.8373064398765564
37.51498794555664 -4.132010459899902 -65.8312759399414
37.51274108886719 -35.017948150634766 0.24997960031032562
40.65520095825195 -40.43844223022461 4.9549560546875
-35.494590759277344 -39.46665954589844 -29.181926727294922
5.158172130584717 -41.041839599609375 8.569801330566406
23.220487594604492 -43.05791473388672 -23.623811721801758
28.74713706970215 -44.91130065917969 34.68960189819336
35.25151824951172 42.28669738769531 -14.196629524230957
38.73094177246094 -7.913517951965332 -59.55167007446289
-19.127304077148438 42.49800109863281 -38.039710998535156
-33.6160774230957 -6.324972152709961 -1.3112200498580933
1.6523795127868652 -43.2072868347168 -24.868417739868164
-36.17924118041992 -23.735862731933594 -1.2174134254455566
37.527652740478516 -0.32925406098365784 -31.242156982421875
-33.632259368896484 41.16754150390625 -59.43889617919922
44.0339469909668 14.581417083740234 1.4313756227493286
35.29469299316406 40.4061164855957 -59.96323776245117
34.783241271972656 -26.47275161743164 -29.22129249572754
8.025978088378906 -44.789894104003906 62.01533889770508
-6.436295986175537 -41.932472229003906 -1.2564479112625122
16.146446228027344 -16.333362579345703 0.4644470512866974
-37.54022216796875 31.28803062438965 -59.58418273925781
-11.601646423339844 -44.466861724853516 59.91053009033203
-39.16818618774414 43.59889602661133 -65.04377746582031
40.903865814208984 1.0047369003295898 -3.0581259727478027
33.6169319152832 39.54462814331055 -10.615145683288574
23.16255760192871 44.320960998535156 -6.651484966278076
35.99942398071289 43.6024169921875 -57.55987548828125
37.85016632080078 12.430004119873047 -29.021873474121094
5.829431533813477 42.6800422668457 -38.018001556396484
37.57389450073242 41.9800910949707 -46.730648040771484
-43.47445297241211 -5.748305797576904 0.37073811888694763
-38.372718811035156 -3.943814516067505 -7.1910858154296875
37.884490966796875 15.731451034545898 -6.851645469665527
-16.17986488342285 -44.58600997924805 31.622337341308594
34.440067291259766 -18.919132232666016 -64.65119934082031
-33.538963317871094 20.22297477722168 -61.21982192993164
4.167633056640625 25.049345016479492 0.34833717346191406
33.11610794067383 42.77815628051758 -0.7034950852394104
34.46975326538086 -37.381595611572266 -28.736555099487305
-37.61873245239258 -30.186874389648438 -31.336254119873047
-33.168758392333984 -38.22405242919922 -35.899269104003906
-34.71928787231445 8.077792167663574 -32.07239532470703
-35.81796646118164 20.326967239379883 -1.1161521673202515
36.5092658996582 43.40885543823242 -93.4402084350586
41.42571258544922 -40.47944641113281 94.54891967773438
33.89706802368164 -44.88458251953125 39.76115417480469
38.35517120361328 -11.715723991394043 -32.95890426635742
33.474815368652344 47.324729919433594 -61.2289924621582
27.01558494567871 42.934814453125 -57.363807678222656
-38.270591735839844 11.24593448638916 -28.699331283569336
-6.555047035217285 45.96369552612305 -1.4885201454162598
-38.62913131713867 -13.71641731262207 -62.48725128173828
-7.18943977355957 -42.74820327758789 -51.63134002685547
37.93574142456055 28.09878158569336 -31.497167587280273
-13.052629470825195 44.13142776489258 1.0024844408035278
6.574706554412842 -40.25337219238281 89.19126892089844
-40.68502426147461 7.575942039489746 -30.034013748168945
31.71881866455078 17.492290496826172 -0.24230796098709106
-1.0611028671264648 -44.32400131225586 31.979917526245117
31.508831024169922 -44.08018112182617 57.3385124206543
27.86815643310547 -44.28984069824219 30.491100311279297
34.33821105957031 -42.342193603515625 20.961273193359375
-18.53131866455078 30.809648513793945 0.7875965237617493
-14.072304725646973 -38.031951904296875 0.2936750650405884
-14.066184043884277 -41.045650482177734 3.233422040939331
5.592953205108643 8.793684005737305 0.20610158145427704
-35.16248321533203 -5.801701545715332 -60.2759895324707
2.863913059234619 21.16767692565918 2.075028419494629
-37.32114791870117 3.2030467987060547 -63.164276123046875
-5.334622383117676 -21.55481719970703 0.8422496914863586
40.79372787475586 -44.31535339355469 37.51040267944336
-39.284420013427734 9.567817687988281 -60.37715530395508
34.14997863769531 38.872222900390625 -21.335947036743164
-38.57158279418945 10.363362312316895 -33.037025451660156
-35.035736083984375 15.764436721801758 -59.938201904296875
-33.19285202026367 45.6199951171875 -80.98666381835938
-17.095855712890625 42.72054672241211 -55.7953987121582
-20.02238655090332 42.37296676635742 -42.10450744628906
-36.57398986816406 -44.731300354003906 26.277326583862305
-22.601118087768555 12.036717414855957 0.3845999836921692
38.211151123046875 10.055859565734863 -0.8786063194274902
-36.995487213134766 22.74020767211914 -31.15315818786621
32.72946548461914 46.42399597167969 -1.1445811986923218
-39.741580963134766 -41.483154296875 59.33747100830078
-32.30952453613281 -44.38024139404297 51.421268463134766
34.44316864013672 -43.94117736816406 29.36566162109375
13.729474067687988 43.127113342285156 -39.673377990722656
22.172924041748047 43.29768371582031 -54.661834716796875
-31.798067092895508 -42.537078857421875 91.40898895263672
18.460708618164062 -40.363746643066406 95.68769073486328
39.47611618041992 23.511302947998047 -29.822757720947266
-44.40992736816406 -40.549861907958984 90.10297393798828
7.220666408538818 -20.027469635009766 0.6034003496170044
39.0582160949707 -44.31673049926758 57.12343978881836
38.493961334228516 -25.38372802734375 -63.08475112915039
13.14938735961914 45.58635711669922 -1.2486979961395264
-22.616455078125 -42.768943786621094 -52.410396575927734
38.84626388549805 43.095115661621094 -8.28748607635498
37.513675689697266 -7.19970178604126 -1.9792040586471558
-16.837486267089844 -40.65108871459961 4.183833122253418
-16.548341751098633 -28.238210678100586 2.0603442192077637
-34.2027587890625 -39.18417739868164 -81.47418975830078
37.852142333984375 -13.313549995422363 -6.52467155456543
44.21480178833008 -11.266599655151367 -1.1718074083328247
-31.56310272216797 -41.76460266113281 -12.72169303894043
37.3503303527832 43.74064636230469 -78.2744369506836
-28.731964111328125 -44.33884048461914 33.74642562866211
-33.716148376464844 -39.12317657470703 77.69837951660156
36.77009963989258 46.89358901977539 -91.04472351074219
-43.26791000366211 25.944555282592773 0.2604938745498657
37.269432067871094 10.222490310668945 -62.50416946411133
33.028499603271484 44.89739227294922 -89.47885131835938
-35.14570999145508 -40.31093215942383 -57.60428237915039
-38.38706970214844 -39.9001579284668 -0.8344839811325073
35.16087341308594 -41.92709732055664 14.032685279846191
-39.28097915649414 -25.3522891998291 -31.61341667175293
12.495786666870117 29.378883361816406 0.5205866098403931
33.69190979003906 44.77138137817383 -98.92491149902344
28.35164451599121 -8.166422843933105 0.6296193599700928
37.15768814086914 44.85483169555664 -70.86248779296875
17.82206153869629 -45.39714431762695 -50.231224060058594
18.3217830657959 -44.879005432128906 -26.112594604492188
42.78327560424805 -43.26332092285156 81.60993194580078
36.95186233520508 38.942893981933594 -29.31593132019043
-40.86666488647461 15.160367012023926 0.4956725239753723
-36.74007797241211 42.274009704589844 -57.078155517578125
29.38360595703125 -42.932430267333984 -53.53572463989258
24.899290084838867 3.483832359313965 -0.011819660663604736
-3.5736217498779297 -40.6949577331543 87.39471435546875
-16.336469650268555 -42.0575065612793 -1.3466168642044067
-41.286643981933594 42.15227508544922 -96.79578399658203
3.1706509590148926 -40.11637496948242 -52.52061462402344
-31.72637176513672 -39.5612907409668 1.7543798685073853
33.95380401611328 45.231285095214844 -49.46401596069336
24.34444236755371 45.343345642089844 -41.48044204711914
28.489978790283203 43.08998489379883 -54.3426399230957
30.4439754486084 42.75946807861328 -40.27634048461914
