117.28189849853516 6.464502811431885 74.3421401977539
99.74838256835938 -1.9274673461914062 82.58928680419922
107.57762908935547 -1.9519157409667969 91.29767608642578
103.86199188232422 -6.666619777679443 90.3720474243164
101.09355926513672 1.971106767654419 76.5351333618164
105.32599639892578 1.9855707883834839 85.4407730102539
118.58924102783203 -1.979909896850586 86.0881118774414
121.28091430664062 2.035506248474121 81.55113983154297
114.17567443847656 2.0095534324645996 89.99959564208984
154.80494689941406 -0.4228249192237854 49.28018569946289
-65.93240356445312 -5.94504451751709 74.04157257080078
-68.39854431152344 8.018532752990723 72.21405792236328
-64.41922760009766 -1.8786066770553589 71.6456069946289
-67.97215270996094 1.918398380279541 65.2948226928711
-94.7373046875 3.8246216773986816 136.58663940429688
99.59515380859375 -2.058591842651367 123.4124984741211
113.74713134765625 -0.1899244785308838 112.64494323730469
114.42302703857422 -3.726086378097534 142.81944274902344
-99.99284362792969 3.24176025390625 37.45404052734375
142.0476837158203 -3.618783950805664 41.57292556762695
134.4516143798828 -1.8624920845031738 62.44538879394531
133.0000457763672 -1.9401140213012695 45.970455169677734
123.7674331665039 1.991092324256897 50.191383361816406
136.81448364257812 1.976578950881958 52.845001220703125
77.457763671875 -1.2647838592529297 137.8297882080078
63.72576904296875 -4.490288734436035 77.79292297363281
74.79288482666016 -5.219012260437012 75.63229370117188
-131.72860717773438 10.882746696472168 141.86422729492188
55.45867156982422 25.08891487121582 246.840576171875
63.62374496459961 -0.7556151151657104 63.0741081237793
78.064697265625 0.29103153944015503 61.78108215332031
85.40377044677734 -1.9009835720062256 71.57403564453125
85.37320709228516 -13.1327543258667 168.6977996826172
-75.08392333984375 -7.968733787536621 68.04541778564453
-74.59730529785156 5.323405742645264 61.43962478637695
-68.67433166503906 -1.8231675624847412 58.851680755615234
-79.70899200439453 -1.9417810440063477 51.902286529541016
-74.41313934326172 1.9540599584579468 54.815025329589844
118.58573913574219 -1.8931941986083984 101.45809936523438
93.22427368164062 -20.82529640197754 179.36346435546875
11.45330810546875 7.317245006561279 92.73574829101562
-116.30829620361328 -0.15436159074306488 39.70093536376953
-36.37185287475586 -0.6965280771255493 142.0769805908203
16.599382400512695 12.930500030517578 51.13869857788086
-38.516624450683594 11.805381774902344 133.85751342773438
-24.74640464782715 -20.664241790771484 101.50521850585938
51.658058166503906 0.42937982082366943 121.1242904663086
-25.826692581176758 7.310946464538574 69.12740325927734
-21.380775451660156 7.117980003356934 72.36080932617188
-18.638769149780273 0.5633065104484558 98.84335327148438
-17.396865844726562 6.315667629241943 84.24893951416016
-20.005107879638672 -11.216350555419922 97.17900848388672
77.72549438476562 -0.976150393486023 154.93724060058594
-128.7025909423828 2.5604629516601562 120.06646728515625
42.340232849121094 -0.29965779185295105 116.95121002197266
124.72119140625 16.803470611572266 188.9879913330078
140.40223693847656 -0.594354510307312 35.01639938354492
90.0137710571289 0.16484054923057556 126.5077133178711
106.3948745727539 6.253973960876465 146.2678985595703
-121.56507873535156 3.3013908863067627 123.09262084960938
-110.8596420288086 -1.1531604528427124 104.27429962158203
-52.9410514831543 5.827920913696289 134.30966186523438
-71.17388916015625 3.551255464553833 114.31179809570312
-68.89488220214844 0.39415228366851807 123.0039291381836
77.42777252197266 -3.8098161220550537 179.6941680908203
-6.797460556030273 -5.759838104248047 52.872257232666016
1.206065058708191 5.891504764556885 56.27051544189453
2.3399577140808105 8.44692325592041 57.56199645996094
-120.66011810302734 -4.966738224029541 103.12137603759766
-129.84848022460938 -5.929014682769775 109.64469146728516
118.9014892578125 0.6994007229804993 71.1744613647461
113.43667602539062 -1.9036245346069336 69.03414154052734
114.1473617553711 1.9769035577774048 67.27030944824219
117.69109344482422 -6.77628755569458 74.11370849609375
46.57085037231445 24.964529037475586 245.58900451660156
-9.826852798461914 -8.241874694824219 85.86090850830078
61.02412414550781 -25.257400512695312 240.08465576171875
-143.30569458007812 -0.39470916986465454 89.70811462402344
-136.84600830078125 -0.3771239221096039 87.3349838256836
107.55659484863281 19.796201705932617 163.1893768310547
19.36660385131836 1.420170783996582 99.87665557861328
-38.63650131225586 0.17635348439216614 163.3911590576172
-45.367774963378906 0.9875840544700623 146.25160217285156
-37.31393051147461 0.36281588673591614 179.58209228515625
-132.13272094726562 0.5982247591018677 71.88084411621094
-147.18260192871094 0.07169897854328156 71.13855743408203
-76.58975219726562 8.802499771118164 64.29612731933594
-83.9051513671875 2.003448724746704 43.46068572998047
-97.13876342773438 10.773381233215332 86.0788803100586
-72.80313110351562 -1.957728385925293 35.69590377807617
-73.89601135253906 -1.9285210371017456 41.55945587158203
-66.76193237304688 1.962670087814331 46.95270538330078
-27.04951286315918 6.762734889984131 56.66572570800781
-122.42821502685547 6.71358060836792 133.5708465576172
-137.9010009765625 -0.22892315685749054 145.2752685546875
-131.8297882080078 0.312105655670166 130.828857421875
-112.88434600830078 -9.717534065246582 102.84307861328125
-109.91487884521484 -4.162632465362549 111.6319580078125
-111.25209045410156 -5.973754405975342 120.77003479003906
-147.28553771972656 0.07651405781507492 66.0323257446289
-130.39039611816406 0.5006618499755859 57.773948669433594
41.02020263671875 3.03639817237854 112.45755767822266
87.31233215332031 -0.8504378199577332 46.95128631591797
64.74153900146484 5.240455627441406 64.63142395019531
70.26213073730469 5.030700206756592 72.36859130859375
84.8945083618164 2.691840171813965 45.18121337890625
21.043128967285156 22.177515029907227 54.94626235961914
-45.843326568603516 11.1069917678833 137.23251342773438
-134.61253356933594 -12.271524429321289 144.0724639892578
55.572288513183594 -1.162779688835144 213.21060180664062
-15.838885307312012 -6.202540397644043 55.62754821777344
-14.975910186767578 5.779670715332031 55.1903190612793
-13.708086013793945 6.198230266571045 66.68682098388672
-14.625932693481445 -7.219184398651123 61.808349609375
13.35550594329834 -0.3695192337036133 84.49079132080078
10.454788208007812 -6.957391738891602 80.71788787841797
12.66810131072998 7.054612636566162 76.84225463867188
85.74828338623047 -2.8062973022460938 142.4607696533203
95.53279113769531 -10.555331230163574 154.79054260253906
-110.67626953125 -7.261657238006592 135.03773498535156
119.90444946289062 17.612707138061523 191.89422607421875
-81.51102447509766 11.933039665222168 76.7867431640625
-146.92100524902344 3.649197816848755 78.39572143554688
-136.51097106933594 4.184850692749023 85.3156967163086
-46.58358383178711 -6.381540298461914 85.89154052734375
-36.76881408691406 -23.57453727722168 101.85464477539062
153.802490234375 -2.7623202800750732 53.24041748046875
125.13882446289062 5.150634288787842 170.2089385986328
-45.46330642700195 -1.1450448036193848 55.685882568359375
57.577022552490234 5.365866661071777 211.52947998046875
69.69364166259766 25.072174072265625 241.04653930664062
107.98149871826172 -20.250316619873047 166.26878356933594
-121.6098861694336 -0.4288172125816345 48.41995620727539
-120.25749206542969 1.9689443111419678 63.879669189453125
129.4048309326172 0.6633642911911011 126.52477264404297
131.81600952148438 1.095927119255066 113.35211181640625
-56.363609313964844 -2.744246482849121 180.50335693359375
-127.81370544433594 -1.4923696517944336 77.78849792480469
-123.47574615478516 -1.843134880065918 71.52085876464844
-113.2041244506836 -1.9310179948806763 84.76956939697266
-22.69013023376465 -6.02987813949585 182.49087524414062
-86.4805679321289 11.635212898254395 77.05387878417969
-77.31818389892578 11.58401107788086 71.07489776611328
126.85028839111328 4.280465126037598 194.9057159423828
-25.774768829345703 -7.751962184906006 72.75557708740234
-20.284046173095703 6.135430335998535 76.17469787597656
-13.522058486938477 -6.523247718811035 79.7641372680664
-23.549823760986328 -6.958403587341309 56.148468017578125
-64.38522338867188 -3.0930867195129395 135.9326171875
63.096073150634766 0.143036350607872 71.19172668457031
69.87750244140625 -0.43195459246635437 72.81404876708984
-20.870582580566406 -1.4855767488479614 179.68824768066406
-87.66140747070312 -11.324647903442383 133.30215454101562
65.74382781982422 24.720779418945312 219.54959106445312
56.096805572509766 -0.8319118618965149 208.84117126464844
2.5531413555145264 3.7717301845550537 93.89752197265625
-1.3270971775054932 -5.177327632904053 85.17855072021484
-4.294825077056885 7.88177490234375 75.8582992553711
12.61880111694336 7.438639163970947 68.5497817993164
-110.04200744628906 10.53675651550293 97.81820678710938
-122.20393371582031 0.1420581191778183 93.06532287597656
-136.03248596191406 -6.04978084564209 101.12905883789062
-31.603744506835938 -14.471823692321777 101.9248275756836
-43.111846923828125 1.2635829448699951 97.64041137695312
-47.10489273071289 -3.414083480834961 130.93862915039062
-24.932846069335938 -0.2836458683013916 115.98859405517578
29.9053955078125 -25.151382446289062 237.28555297851562
157.0570526123047 -0.25829651951789856 80.93104553222656
-61.0399169921875 5.835444450378418 179.91427612304688
128.28990173339844 1.935848355293274 105.92354583740234
138.43743896484375 -2.5812580585479736 108.19220733642578
135.9723358154297 -1.8708302974700928 102.97965240478516
121.1041488647461 -15.275603294372559 177.646728515625
109.61231231689453 23.440814971923828 182.0101776123047
-3.19340181350708 -5.879168510437012 74.88371276855469
15.397683143615723 -7.869128227233887 70.83818054199219
-5.000855445861816 -10.794532775878906 76.66558837890625
88.75775146484375 -0.6803620457649231 119.59793853759766
94.87873077392578 -0.3542589843273163 103.8630599975586
36.35441589355469 -0.6960923075675964 106.50672912597656
59.8992919921875 -5.529727458953857 209.87789916992188
-77.86870574951172 7.216376304626465 67.54356384277344
-86.74423217773438 8.745647430419922 77.25172424316406
-90.6971206665039 0.06963071972131729 68.77928161621094
-48.14950180053711 0.17993274331092834 72.09473419189453
11.812541961669922 17.2645320892334 49.24742889404297
-1.6832871437072754 -1.5017783641815186 97.62279510498047
-5.209280490875244 -7.136447906494141 92.68016052246094
101.1920394897461 0.46346983313560486 33.7954216003418
28.05816650390625 24.7863712310791 239.3963623046875
68.90933227539062 -0.1355288326740265 96.86885833740234
80.80796813964844 -0.3142124116420746 92.00039672851562
37.64743423461914 2.684896230697632 114.37603759765625
90.60487365722656 21.28022575378418 173.42982482910156
138.4375 1.1396043300628662 89.43281555175781
146.37881469726562 1.3241561651229858 63.458648681640625
144.15203857421875 -1.9373019933700562 86.57852935791016
147.0441131591797 -1.904909610748291 71.65779876708984
144.28955078125 1.9555346965789795 78.30220794677734
124.54447174072266 1.9926526546478271 92.81108856201172
126.93925476074219 -1.9464120864868164 86.74937438964844
-107.89493560791016 -10.244216918945312 94.6116943359375
57.698665618896484 -23.83915138244629 209.25155639648438
121.05723571777344 2.2643439769744873 144.9884033203125
122.6121826171875 -4.5880351066589355 152.7937469482422
-35.857330322265625 -25.600866317749023 103.30662536621094
-42.0115966796875 -11.414371490478516 131.841064453125
-117.47013092041016 -5.329401016235352 36.65863800048828
-80.00020599365234 -5.787689685821533 68.41301727294922
159.4295196533203 1.943860650062561 60.95426559448242
-29.268840789794922 1.5688683986663818 129.03109741210938
-72.07263946533203 3.7295753955841064 134.9340057373047
-78.41999816894531 1.6603083610534668 126.0162353515625
71.25694274902344 -3.2109875679016113 180.774658203125
57.73171615600586 -0.18560096621513367 130.50379943847656
76.77662658691406 2.688081979751587 170.9322967529297
-85.43472290039062 0.5743137001991272 28.784217834472656
-82.38163757324219 1.9621347188949585 37.062583923339844
120.17063903808594 6.904188632965088 71.3540267944336
64.26481628417969 -0.016314778476953506 84.29879760742188
75.83163452148438 0.015484738163650036 80.88997650146484
-72.90101623535156 1.1983883380889893 85.81033325195312
-120.57622528076172 -4.516488552093506 126.31932067871094
-119.06832885742188 10.319409370422363 133.30577087402344
28.21116828918457 25.07343292236328 236.9725799560547
117.23735809326172 0.03095032460987568 32.63176345825195
126.46746063232422 1.9376693964004517 38.960960388183594
-2.9879603385925293 -6.7548112869262695 55.93052673339844
12.555780410766602 6.820224761962891 62.50532913208008
-8.617828369140625 -6.462114334106445 62.18021011352539
3.823064088821411 5.517119407653809 65.70243072509766
-102.51407623291016 -10.391228675842285 89.28530883789062
75.19255828857422 4.108316421508789 66.02774047851562
12.20942211151123 -6.624227046966553 63.529296875
14.318741798400879 6.37623929977417 64.91329956054688
1.7089899778366089 -6.459568500518799 64.49646759033203
7.870115756988525 6.1523613929748535 66.73078918457031
144.1537628173828 2.9547736644744873 108.17210388183594
139.43533325195312 4.949673175811768 122.56865692138672
-98.5545883178711 -0.6142438650131226 32.91256332397461
-84.6368637084961 -5.694426536560059 82.9244384765625
-87.09368133544922 7.1666259765625 79.82209777832031
-80.64275360107422 -7.950954437255859 75.9342041015625
-91.2451171875 -3.5878708362579346 76.17798614501953
-100.95433807373047 1.9454900026321411 82.24735260009766
-93.66681671142578 2.0179061889648438 84.15463256835938
-100.88900756835938 -1.8399126529693604 77.53670501708984
-88.3568344116211 1.8837658166885376 79.67090606689453
-114.6173095703125 8.643186569213867 130.01736450195312
-100.55744171142578 0.9634225964546204 126.32725524902344
-97.03673553466797 2.3176846504211426 114.31626892089844
17.102069854736328 6.951474666595459 67.2069091796875
-87.16508483886719 -3.6390583515167236 125.76368713378906
-87.3545150756836 0.9284996390342712 109.87483215332031
-86.32478332519531 -6.767120361328125 131.0559844970703
86.46011352539062 1.149086594581604 35.73429489135742
