-73.90635681152344 -41.53007507324219 -47.20780944824219
-52.358943939208984 -58.597511291503906 -28.08550262451172
-61.462745666503906 -43.8089485168457 11.208620071411133
-19.99585723876953 -53.563232421875 20.675167083740234
-80.21729278564453 31.089330673217773 -64.5274658203125
-13.724250793457031 -46.3605842590332 -83.25930786132812
32.79652786254883 -27.147403717041016 -47.49960708618164
-59.37359619140625 -34.7723274230957 64.85523223876953
-6.1478495597839355 -56.83222579956055 1.3920081853866577
3.5104000568389893 51.732940673828125 7.677018642425537
-72.7425537109375 -44.572757720947266 -15.223238945007324
52.21644973754883 10.716456413269043 77.0296630859375
-69.11922454833984 48.14891815185547 -38.47433090209961
63.512020111083984 11.07597827911377 -6.268585205078125
18.74968147277832 17.757715225219727 58.37677764892578
-91.5893325805664 -8.710225105285645 -27.55231475830078
19.2164306640625 22.026386260986328 94.63418579101562
-64.54703521728516 -30.04962730407715 95.80602264404297
-81.12268829345703 -2.4705588817596436 -79.15035247802734
-55.57975769042969 39.83623123168945 35.18836212158203
-64.53939056396484 -49.75898742675781 -13.770601272583008
-5.859039783477783 -51.03639602661133 -72.7102279663086
43.74798583984375 -5.889455318450928 69.33546447753906
-28.36751365661621 62.971466064453125 -37.6254768371582
-44.307151794433594 -45.83780288696289 -82.74102783203125
-70.1089096069336 27.523752212524414 27.88019371032715
18.554046630859375 9.660683631896973 -85.4585952758789
6.904867172241211 38.58186340332031 37.588905334472656
28.555145263671875 -12.601583480834961 22.790969848632812
1.040310025215149 -40.092960357666016 53.70838928222656
-12.665729522705078 60.80117416381836 -12.457935333251953
-36.99459457397461 -59.98600769042969 -53.957305908203125
18.97674560546875 45.749549865722656 -21.460601806640625
-19.540809631347656 50.193511962890625 94.37608337402344
-90.48194122314453 -1.4206827878952026 -49.41437911987305
23.69460678100586 9.212912559509277 -77.04386138916016
-79.46742248535156 -27.797691345214844 0.7971415519714355
-69.24095916748047 -22.997983932495117 40.97182083129883
-74.0256576538086 -8.189655303955078 62.006935119628906
-63.05565643310547 32.131141662597656 89.0286636352539
-18.41900634765625 46.59803771972656 57.15583801269531
38.64863967895508 3.884080171585083 -6.923455715179443
51.85808181762695 5.0084710121154785 -8.847088813781738
27.400310516357422 -7.6087117195129395 -72.82463836669922
-74.20243072509766 -15.089065551757812 50.154781341552734
34.132904052734375 -3.2699127197265625 58.196533203125
-39.384883880615234 -50.9072151184082 21.24121856689453
17.411069869995117 -22.845626831054688 38.53890609741211
-76.82550811767578 12.082682609558105 86.45928192138672
-55.25694274902344 44.67385482788086 23.883474349975586
-25.769710540771484 -47.799110412597656 85.92264556884766
-17.895153045654297 -61.03955841064453 -57.851932525634766
-79.0238265991211 -36.82686233520508 -21.40896987915039
83.21090698242188 -0.692287802696228 57.881526947021484
37.67643356323242 12.715893745422363 -55.07262420654297
-26.864028930664062 -48.82062911987305 -87.57290649414062
-7.95283317565918 -61.40261459350586 -40.384090423583984
77.42622375488281 -8.120439529418945 3.341411590576172
43.263946533203125 8.040059089660645 73.09156036376953
-46.56072998046875 -41.74455642700195 57.81838607788086
10.937299728393555 -50.983882904052734 -5.948439598083496
-85.64900207519531 -8.673636436462402 2.5790584087371826
-11.076136589050293 48.11917495727539 37.63966751098633
-36.08510971069336 57.56825637817383 2.8355705738067627
35.58013153076172 -17.554706573486328 -3.8854660987854004
-35.01587677001953 50.32479476928711 -84.63371276855469
30.72943687438965 -30.651498794555664 -15.705381393432617
-40.684425354003906 52.8200569152832 -71.61463928222656
-70.35752868652344 21.775217056274414 -82.62142944335938
-27.31385040283203 -53.95812225341797 25.320295333862305
91.87930297851562 -7.307318210601807 41.821556091308594
-41.4513053894043 -44.61741256713867 89.94637298583984
67.6126708984375 7.395035743713379 72.70494079589844
-78.04334259033203 -1.2798272371292114 29.416748046875
-9.133647918701172 5.918437480926514 -96.60345458984375
14.347034454345703 -51.939151763916016 -35.13131332397461
33.829856872558594 22.336936950683594 -6.979977607727051
26.57253646850586 -40.73944091796875 -33.03782272338867
81.77778625488281 9.360514640808105 58.562374114990234
56.5810432434082 -0.2894720137119293 74.2564468383789
35.39602279663086 -23.88426399230957 -31.89668846130371
11.00904655456543 -31.070510864257812 78.90188598632812
41.15081787109375 2.4790918827056885 -15.535439491271973
6.682483196258545 34.846656799316406 73.13768768310547
24.95476531982422 23.594099044799805 22.857736587524414
-12.140666007995605 -22.336158752441406 -96.33661651611328
-65.8051986694336 26.57604217529297 48.110107421875
-28.809232711791992 -51.439693450927734 24.791887283325195
-90.48440551757812 0.41444841027259827 -16.811920166015625
23.341047286987305 -17.33511734008789 -81.32437896728516
-12.840949058532715 -47.99296951293945 42.306251525878906
89.54977416992188 12.33545970916748 46.76921844482422
32.20822525024414 5.81046724319458 64.80674743652344
20.21121597290039 19.711721420288086 43.191925048828125
-48.271942138671875 -46.0289192199707 30.799930572509766
-82.99154663085938 16.316743850708008 4.652896404266357
-84.10034942626953 9.03243637084961 -66.94313049316406
15.625423431396484 29.219602584838867 -81.2292251586914
-0.3677808940410614 28.79482650756836 -91.0313491821289
11.113802909851074 -0.8150697350502014 -93.1275634765625
-57.31450271606445 50.8389778137207 -69.30854034423828
-5.149107456207275 -52.78291320800781 16.906658172607422
35.52756881713867 -6.5808281898498535 -63.38921356201172
-67.31803131103516 -34.54052734375 21.30108070373535
-72.15223693847656 40.93696975708008 -54.99982452392578
-73.02283477783203 47.22087478637695 -46.73428726196289
-33.73318862915039 -8.461173057556152 -96.32864379882812
-3.6374988555908203 61.17022705078125 -35.06918716430664
-44.3849983215332 29.18747329711914 -93.4946060180664
-62.05234146118164 51.27682876586914 -63.80990982055664
-12.023466110229492 -44.342506408691406 72.11460876464844
-72.14237976074219 10.9066801071167 -86.15203094482422
20.59943962097168 -45.43418502807617 -15.627367973327637
-8.402166366577148 -43.9073371887207 92.74579620361328
-78.15914916992188 -7.13636589050293 86.19143676757812
-49.835540771484375 57.58786392211914 -16.27077865600586
-42.430816650390625 43.1480712890625 67.12677764892578
12.367822647094727 42.5733757019043 -66.98345184326172
-57.70689392089844 54.71611785888672 -50.18436050415039
9.825433731079102 -47.1026496887207 -70.63619995117188
-60.98991775512695 -54.304386138916016 -38.34713363647461
-82.20314025878906 -3.010941982269287 16.46027946472168
-36.46894454956055 -33.813114166259766 -94.2189712524414
-25.214031219482422 51.6390495300293 -81.7478256225586
-88.78453063964844 0.06183416768908501 -4.913200378417969
3.8818676471710205 60.03579330444336 -19.676057815551758
-54.80563735961914 36.63581848144531 52.25224685668945
25.86009979248047 33.67041015625 1.403199553489685
15.845744132995605 -34.63795852661133 34.87739562988281
-70.48946380615234 17.834186553955078 55.884368896484375
-59.43940734863281 -26.91761589050293 -88.35487365722656
31.821088790893555 11.014774322509766 12.13354778289795
-67.30296325683594 -23.688217163085938 66.92184448242188
18.030248641967773 -21.072032928466797 92.79961395263672
-75.47972106933594 33.56296920776367 -0.5665258765220642
23.18531036376953 -32.46626663208008 -62.90446090698242
-73.12686920166016 43.70146179199219 -28.436723709106445
-43.611080169677734 44.93732833862305 41.86457443237305
-22.616369247436523 -60.571590423583984 -4.088672161102295
26.71046257019043 20.876842498779297 -66.90144348144531
-37.71210861206055 -62.73346710205078 -23.668745040893555
-32.43571472167969 -56.981109619140625 8.511846542358398
-76.49172973632812 -25.205720901489258 16.13241958618164
-84.78196716308594 25.72457504272461 -17.20712661743164
42.05758285522461 -5.163987636566162 -32.123321533203125
-62.11233139038086 13.281109809875488 -93.50749206542969
-6.527044773101807 42.17659378051758 53.21449661254883
11.96909236907959 53.17386245727539 -35.57585144042969
35.40353012084961 8.947466850280762 73.62297058105469
16.697446823120117 22.71552848815918 73.71564483642578
36.652809143066406 4.041799068450928 -56.46654510498047
27.238662719726562 2.4141347408294678 40.26768493652344
-23.372737884521484 -47.323917388916016 57.108280181884766
11.740640640258789 -18.332277297973633 -89.49454498291016
-53.01522445678711 1.9762272834777832 -96.51898956298828
-23.83388328552246 52.330570220947266 28.217601776123047
-31.635377883911133 -44.9182243347168 59.210174560546875
-40.45762634277344 -42.70253372192383 71.50337982177734
-86.85708618164062 -23.290786743164062 -41.53636932373047
-42.49229049682617 48.243003845214844 86.55326080322266
59.4005012512207 7.889212608337402 -3.9214682579040527
36.004241943359375 14.116569519042969 5.157515525817871
-80.2198486328125 -21.212276458740234 -69.2864990234375
16.665903091430664 37.20561218261719 17.0264892578125
22.8867130279541 -39.20354461669922 -51.020992279052734
-68.0369644165039 -41.5891227722168 0.06180137023329735
22.577001571655273 41.24737548828125 -45.03144836425781
-88.34069061279297 19.651378631591797 -38.45167922973633
-87.8655014038086 12.054038047790527 -14.521449089050293
-27.704957962036133 -53.65117263793945 -76.47864532470703
-21.278356552124023 22.094289779663086 -96.15412139892578
-57.758304595947266 33.26813507080078 60.434226989746094
-50.66263961791992 -52.19292449951172 10.176756858825684
17.53750991821289 -41.78076934814453 -67.63664245605469
-74.72795867919922 -4.4789557456970215 43.546573638916016
25.062463760375977 -12.092162132263184 47.053707122802734
-12.793582916259766 -36.82584762573242 -92.38817596435547
-43.6301155090332 19.621295928955078 -96.28985595703125
5.5950446128845215 -36.06917953491211 64.82318115234375
-47.65400314331055 60.400421142578125 -29.178836822509766
0.4471520483493805 40.09491729736328 58.29401397705078
32.62778091430664 33.54960250854492 -24.536203384399414
-12.993230819702148 55.753353118896484 9.654083251953125
-56.24315643310547 -35.322540283203125 80.5151138305664
-30.630033493041992 -49.14980697631836 41.40992736816406
-4.807253837585449 45.01636505126953 85.05098724365234
77.92101287841797 5.581137180328369 72.38247680664062
-69.52522277832031 -34.865509033203125 -69.89663696289062
36.945621490478516 16.781328201293945 -39.15704345703125
1.4676060676574707 47.09977722167969 23.483848571777344
-10.774206161499023 -61.780059814453125 -26.100725173950195
73.32313537597656 5.527571201324463 0.7026628851890564
-71.32953643798828 -24.04987907409668 90.90440368652344
-62.289127349853516 -46.19403076171875 -65.13727569580078
38.40352249145508 -18.37069320678711 -44.960487365722656
-36.912357330322266 38.23716735839844 -91.0151138305664
0.12558020651340485 54.82374572753906 -59.60976791381836
-69.8379135131836 -5.104312419891357 -87.71769714355469
20.471424102783203 -50.86353302001953 -26.476318359375
3.351170539855957 -38.84211349487305 80.01268768310547
-63.154090881347656 36.2507209777832 -78.41360473632812
-36.50314712524414 53.27396011352539 20.006135940551758
77.59599304199219 11.713984489440918 9.730413436889648
88.80171203613281 -8.067371368408203 27.270362854003906
4.439253807067871 37.12583923339844 50.98641586303711
-76.3309555053711 8.472583770751953 71.27349853515625
64.0398941040039 -3.3596115112304688 -5.697221279144287
-30.529111862182617 63.12074661254883 -17.064260482788086
-51.03175354003906 56.83515930175781 -43.343955993652344
22.60234832763672 -11.48755931854248 61.635128021240234
35.624088287353516 -4.839700698852539 71.53348541259766
21.51725196838379 -8.825651168823242 76.21992492675781
-30.178813934326172 -50.39714813232422 27.75044822692871
88.28646850585938 4.430211544036865 34.947113037109375
-55.99974060058594 50.304813385009766 3.31360125541687
-31.561864852905273 -46.30435562133789 70.8434066772461
6.402985572814941 37.29269790649414 91.06299591064453
73.39859771728516 -9.780708312988281 75.07633209228516
-85.19793701171875 20.866920471191406 -57.47236633300781
-32.17500305175781 48.387699127197266 84.35025024414062
-29.428346633911133 59.61479187011719 -59.022850036621094
-87.85527801513672 -18.15007972717285 -14.586069107055664
11.395505905151367 -32.604164123535156 52.26449203491211
61.33360290527344 0.19636456668376923 -0.4290145933628082
35.518978118896484 -5.821455001831055 5.075561046600342
-13.000929832458496 44.02425003051758 -84.3386459350586
-46.95829391479492 -56.56843948364258 -7.200528144836426
84.47901916503906 12.6536865234375 26.382814407348633
11.134795188903809 -33.65839385986328 -79.3287582397461
47.57114791870117 -4.830941200256348 -16.373493194580078
9.483057975769043 51.318660736083984 -5.6915998458862305
-12.610265731811523 44.369171142578125 72.0446548461914
22.066835403442383 -33.03915786743164 12.661009788513184
-4.775511264801025 -40.10185241699219 64.13182067871094
4.470200538635254 -51.86985397338867 -60.748287200927734
18.478403091430664 -25.525442123413086 42.070133209228516
-12.620798110961914 -41.16889190673828 -86.6386947631836
-25.199350357055664 -31.853967666625977 -94.39796447753906
-46.3071174621582 42.159271240234375 56.3876838684082
-54.935646057128906 38.36179733276367 77.70637512207031
-14.419970512390137 52.8992919921875 18.26727294921875
-60.21179962158203 -31.76972007751465 53.06818389892578
-75.16162872314453 4.366931438446045 55.75436019897461
7.343817710876465 -41.351585388183594 27.217477798461914
-68.83682250976562 21.81342315673828 67.83221435546875
33.880008697509766 -27.04124641418457 -43.55394744873047
33.388912200927734 5.245304584503174 72.12683868408203
21.546287536621094 8.837088584899902 80.36265563964844
-75.49565887451172 22.35616111755371 16.710763931274414
48.71101760864258 13.603384017944336 -19.207477569580078
34.356441497802734 -13.86168098449707 -53.665523529052734
78.91993713378906 -1.2166881561279297 13.734190940856934
-78.80022430419922 -30.451704025268555 -62.352577209472656
-49.07382583618164 44.13001251220703 90.3153076171875
75.47591400146484 -9.186284065246582 6.808704376220703
-69.76961517333984 41.870121002197266 -2.5137367248535156
