42.74503707885742 130.37339782714844 17.591716766357422
17.861406326293945 -109.61942291259766 -36.948726654052734
-35.58270263671875 -143.9366912841797 156.65284729003906
126.8057861328125 4.510580062866211 -16.887493133544922
-79.19902038574219 -129.180419921875 257.924560546875
-13.816080093383789 -137.16143798828125 39.70384216308594
-48.65465545654297 -98.91864776611328 -24.041790008544922
71.7492904663086 116.86458587646484 42.50136947631836
109.52167510986328 -96.8805923461914 220.1377716064453
111.83575439453125 12.185483932495117 -17.98908805847168
-116.07920837402344 86.90576171875 123.59242248535156
149.2117919921875 38.14711380004883 186.2842559814453
74.19520568847656 69.4236831665039 -38.460105895996094
-24.28348159790039 129.9139862060547 -6.975560188293457
213.8531494140625 6.455352306365967 242.02976989746094
131.04869079589844 62.768402099609375 296.3026428222656
-116.61126708984375 103.62073516845703 133.60498046875
139.66207885742188 27.447322845458984 70.18939208984375
-78.39839172363281 -112.83251190185547 88.36808013916016
20.98996925354004 137.0712127685547 66.7330322265625
-128.6904296875 -67.76596069335938 98.33943939208984
99.72528076171875 43.15288162231445 -40.840091705322266
-87.3623275756836 -42.76975631713867 -46.163944244384766
-149.49371337890625 10.648809432983398 212.25509643554688
158.8547821044922 -1.2123150825500488 86.00879669189453
56.83723831176758 133.07440185546875 95.87446594238281
-73.75211334228516 -86.17207336425781 -37.29927444458008
-70.22123718261719 124.22285461425781 294.74078369140625
-96.55589294433594 -107.49305725097656 194.46905517578125
-47.32432174682617 142.62716674804688 169.8954315185547
138.99424743652344 -42.18673324584961 123.47396850585938
131.8227996826172 -52.31792449951172 82.32862854003906
-137.15773010253906 -61.74513626098633 202.13714599609375
-47.264225006103516 140.59042358398438 209.7211456298828
132.81564331054688 53.05429458618164 123.21321868896484
106.11296081542969 95.60933685302734 220.37075805664062
54.79161071777344 -142.23947143554688 172.0567626953125
57.243648529052734 137.50526428222656 249.3035430908203
-99.4305191040039 29.210744857788086 -67.53866577148438
124.41481018066406 -79.55282592773438 286.78692626953125
229.9153594970703 -7.039621353149414 228.701904296875
122.58016204833984 -83.87555694580078 176.2976837158203
145.0196533203125 55.67780685424805 194.4163360595703
122.5965576171875 -77.3324966430664 123.44312286376953
-85.62806701660156 101.54826354980469 18.461332321166992
27.47380256652832 -90.5489501953125 -68.6863021850586
-40.57670211791992 76.84747314453125 -60.01848220825195
30.25674057006836 89.69953918457031 -70.99492645263672
-116.93287658691406 -46.0599365234375 -3.0124387741088867
73.80117797851562 122.54045867919922 195.77597045898438
102.25946044921875 -101.79217529296875 101.89909362792969
-126.41546630859375 93.76805114746094 189.08035278320312
-104.09346771240234 -84.48139953613281 33.74618911743164
-52.49945831298828 -132.28976440429688 86.46551513671875
-149.8208770751953 -10.478407859802246 277.6037292480469
9.0732421875 144.09840393066406 97.72233581542969
-8.833446502685547 113.96174621582031 -23.649961471557617
142.3131103515625 -44.79388427734375 143.49195861816406
84.86692810058594 91.30432891845703 -23.603914260864258
-135.4832305908203 -57.87290954589844 274.5321350097656
52.39535140991211 68.79484558105469 -77.359619140625
-57.59258270263672 109.24365234375 -9.396218299865723
-95.19994354248047 94.50159454345703 -6.447177886962891
148.1383514404297 6.219207286834717 46.625282287597656
55.00321960449219 -110.59912109375 16.451251983642578
72.94364929199219 -129.11380004882812 164.16954040527344
-103.79814910888672 -95.147216796875 71.6590576171875
5.267594337463379 132.68582153320312 30.002212524414062
-142.3648223876953 47.76511764526367 224.08517456054688
40.32666778564453 143.73683166503906 183.3134307861328
115.64749145507812 -30.321861267089844 -16.453369140625
-92.18878173828125 113.1448974609375 102.93883514404297
-133.4772186279297 58.73674011230469 173.83905029296875
13.280559539794922 148.98779296875 276.8219299316406
-21.810924530029297 134.03309631347656 20.374746322631836
129.8052215576172 -37.278926849365234 4.237370014190674
90.7876205444336 -13.030194282531738 -57.9328727722168
-27.35211181640625 -43.56142044067383 -85.34869384765625
71.30245208740234 -27.385847091674805 -82.98845672607422
-113.89848327636719 14.932451248168945 -26.217571258544922
-26.11199378967285 -148.43812561035156 240.22030639648438
-59.11680603027344 122.19822692871094 38.32716369628906
-121.1855239868164 -88.78852844238281 140.54769897460938
147.57969665527344 4.660643577575684 159.6467742919922
137.82431030273438 -52.19853973388672 169.6573944091797
-110.70263671875 -93.96114349365234 170.94271850585938
99.4351806640625 -53.35313415527344 -34.893821716308594
70.55992889404297 139.11199951171875 207.2530059814453
24.58402442932129 -125.65283203125 11.265759468078613
-57.9414176940918 -110.38777160644531 -0.458449125289917
135.67788696289062 -66.39586639404297 219.95130920410156
-138.80999755859375 -37.52215576171875 88.60135650634766
-127.14364624023438 77.44263458251953 59.16939926147461
-118.67076110839844 92.30089569091797 217.14520263671875
-8.452628135681152 89.33566284179688 -84.7166976928711
-10.437204360961914 143.07183837890625 67.85399627685547
138.99295043945312 42.269195556640625 151.0435791015625
49.59027099609375 -117.79948425292969 -26.260879516601562
-145.7807159423828 22.195112228393555 263.7063903808594
125.73574829101562 73.78238677978516 105.03138732910156
-117.47862243652344 -78.09223175048828 264.4822998046875
-137.67601013183594 11.742337226867676 41.55071258544922
79.6608657836914 -58.014404296875 -82.53691101074219
-79.3623046875 -114.57807159423828 57.51169204711914
-116.56781005859375 80.74066925048828 205.71018981933594
-137.22848510742188 -19.663103103637695 41.08818435668945
195.4750518798828 11.624154090881348 257.2940979003906
200.97853088378906 -5.839749336242676 89.78009033203125
152.25009155273438 -15.703536987304688 107.90608978271484
210.9958038330078 3.2056210041046143 82.59976959228516
-106.2164306640625 89.82119750976562 42.94056701660156
103.5418930053711 -115.68634796142578 205.88592529296875
47.192955017089844 -137.77438354492188 128.99649047851562
113.7583999633789 95.686767578125 285.13677978515625
240.00213623046875 3.3637099266052246 110.4803466796875
-108.37281036376953 -13.000398635864258 -54.233760833740234
-149.35968017578125 7.304654121398926 241.00375366210938
-95.37679290771484 -107.1873779296875 117.68092346191406
-64.83354949951172 63.191566467285156 -82.61209869384766
138.08860778808594 -66.08832550048828 100.09811401367188
-67.46105194091797 19.496845245361328 -72.95341491699219
105.04025268554688 -104.16586303710938 256.3999938964844
-119.93047332763672 -90.81822204589844 234.48519897460938
-93.23526763916016 -81.79682159423828 -12.13553524017334
-45.804344177246094 131.61288452148438 73.22721099853516
59.964778900146484 136.6421356201172 141.99046325683594
152.86265563964844 25.209482192993164 296.8023376464844
171.70018005371094 8.970320701599121 260.5578918457031
249.91909790039062 3.943047046661377 226.0551300048828
121.84749603271484 -87.64700317382812 69.6759262084961
-85.89775848388672 -121.12699890136719 161.61610412597656
-23.309667587280273 -99.10391998291016 -48.330379486083984
-20.955097198486328 -121.75881958007812 17.22997283935547
-95.82510375976562 97.5223159790039 80.62049865722656
52.863948822021484 -130.26309204101562 48.5477180480957
-76.53823852539062 -128.29150390625 280.6448669433594
-56.93202590942383 -80.10203552246094 -54.40187072753906
-51.23064041137695 -148.281494140625 161.1436767578125
109.19218444824219 -101.87139892578125 153.0713348388672
-117.56989288330078 89.76129913330078 277.3834533691406
34.71921920776367 84.7449951171875 -47.720977783203125
23.362552642822266 -146.16441345214844 192.9918212890625
19.041597366333008 124.4952163696289 -13.989882469177246
-57.47916793823242 -136.8916015625 183.9892120361328
67.470947265625 131.35723876953125 293.0837707519531
-49.78493118286133 99.88134765625 -42.391719818115234
-47.019039154052734 -129.6185760498047 38.99164581298828
234.59376525878906 -9.355876922607422 103.16506958007812
97.56720733642578 112.50715637207031 222.28736877441406
-94.13419342041016 103.79795837402344 44.87327194213867
45.724063873291016 108.49150085449219 -20.10018539428711
111.07628631591797 71.17323303222656 24.260887145996094
-78.78221130371094 -134.7142333984375 180.8952178955078
-41.65068054199219 140.32423400878906 292.74859619140625
227.33140563964844 -8.729911804199219 85.13780975341797
91.85888671875 -56.80055618286133 -64.15323638916016
-84.52534484863281 -122.70909881591797 88.71207427978516
133.344970703125 -22.23183822631836 35.21720886230469
112.07453155517578 -76.12419891357422 37.18363571166992
-138.0267791748047 34.63642883300781 68.45703125
98.31868743896484 110.75349426269531 111.49122619628906
76.18792724609375 -125.92156982421875 292.64971923828125
-139.09986877441406 -44.39023971557617 121.61212921142578
18.128002166748047 144.14671325683594 134.3257293701172
-16.768199920654297 41.698814392089844 -83.44718170166016
256.5821838378906 0.4723112881183624 183.18807983398438
30.70294952392578 139.84014892578125 53.383975982666016
91.8550796508789 108.28437042236328 249.83421325683594
186.19285583496094 -1.3317217826843262 71.93672943115234
71.41468048095703 -132.7917938232422 213.25335693359375
-27.715124130249023 147.34494018554688 248.97390747070312
128.99169921875 51.58306884765625 53.73817443847656
-0.176522359251976 -146.12428283691406 135.19113159179688
140.95030212402344 -50.013755798339844 285.3778381347656
74.91082763671875 -84.4894027709961 -32.58232498168945
144.18746948242188 20.543588638305664 112.52449035644531
-142.508056640625 44.27007293701172 286.9999084472656
-144.99647521972656 -19.425498962402344 173.37667846679688
86.6960220336914 -107.01399230957031 37.46784591674805
-121.0718002319336 -95.09052276611328 177.92379760742188
189.91943359375 0.001956418389454484 262.81988525390625
221.27499389648438 -3.8943800926208496 251.73550415039062
-93.06095886230469 -117.54727172851562 225.6232452392578
-143.1185760498047 4.62233304977417 79.59666442871094
-144.7414093017578 -28.665424346923828 229.43177795410156
-130.32284545898438 64.30943298339844 95.30957794189453
-66.8583755493164 132.90731811523438 253.09877014160156
59.736968994140625 -61.40481948852539 -71.41046905517578
97.7304458618164 107.29544067382812 151.1783905029297
-58.27915954589844 -133.7924346923828 118.8208999633789
96.50263214111328 -81.05767059326172 2.9276981353759766
-88.8074951171875 11.275469779968262 -82.41842651367188
-98.38786315917969 -17.00148582458496 -80.28642272949219
92.10765838623047 93.75250244140625 12.214049339294434
-59.543121337890625 -138.17860412597656 237.10003662109375
82.21515655517578 133.20962524414062 161.8775634765625
-34.90607452392578 -146.86962890625 194.4008026123047
-91.77568054199219 118.84431457519531 271.4776611328125
86.95303344726562 -39.505062103271484 -42.83287048339844
-109.9015121459961 -111.95038604736328 187.78211975097656
126.8487777709961 82.25843811035156 183.4882354736328
-81.8848876953125 -103.28819274902344 45.092403411865234
108.99298858642578 80.24317932128906 74.30685424804688
-83.59394836425781 132.13742065429688 207.74314880371094
121.2308578491211 76.90579986572266 199.18576049804688
3.1937050819396973 149.78819274902344 206.073486328125
182.54278564453125 -1.8127038478851318 249.5370330810547
159.26168823242188 3.588097333908081 238.01768493652344
-143.14486694335938 19.084299087524414 124.5300521850586
26.353992462158203 31.289976119995117 -78.46288299560547
57.97715377807617 93.18215942382812 -56.97787094116211
-92.90587615966797 115.44112396240234 179.12576293945312
152.50726318359375 3.3381500244140625 272.7549133300781
-132.9417266845703 -67.08658599853516 153.7897491455078
-120.6535415649414 -76.35102844238281 200.3166046142578
-97.00840759277344 47.65019226074219 -45.79549026489258
12.764968872070312 40.381961822509766 -87.17750549316406
39.93398666381836 -141.3250732421875 256.5858459472656
136.05508422851562 66.9058837890625 64.8169937133789
95.33040618896484 -108.13426971435547 66.83460998535156
7.74471378326416 92.35335540771484 -56.94321823120117
-4.785922050476074 -76.67181396484375 -79.24818420410156
62.543968200683594 -111.40188598632812 5.480863094329834
0.03167301416397095 -117.51634216308594 -7.195178985595703
-123.41360473632812 58.86623764038086 39.682743072509766
-9.815605163574219 149.33798217773438 166.65272521972656
117.6070556640625 101.82674407958984 245.61390686035156
134.40283203125 61.604827880859375 265.2103576660156
-134.80929565429688 -41.460384368896484 59.59785079956055
146.45252990722656 4.019376277923584 211.0768280029297
104.46524047851562 94.816162109375 67.40565490722656
135.01803588867188 -63.39849090576172 55.94398880004883
61.899139404296875 -127.58515167236328 79.6478042602539
151.46810913085938 -23.13730812072754 253.78370666503906
-109.65506744384766 -99.16828155517578 283.58392333984375
65.397705078125 108.613525390625 10.445940971374512
-25.534847259521484 146.34498596191406 225.51646423339844
6.070115566253662 -17.358219146728516 -87.23770141601562
128.22637939453125 22.66376304626465 11.504453659057617
-1.4878321886062622 -145.2614288330078 283.51885986328125
-89.19898986816406 120.25165557861328 60.914031982421875
79.00524139404297 29.398706436157227 -74.66619110107422
-122.83392333984375 57.066200256347656 -0.07457061111927032
-82.08976745605469 -35.82209396362305 -79.03043365478516
93.66808319091797 124.20914459228516 277.5290832519531
51.90406799316406 -100.95913696289062 -16.79338836669922
87.26801300048828 127.49860382080078 183.69049072265625
-80.78079223632812 79.82707214355469 -33.548770904541016
257.3100891113281 -1.101330280303955 146.164306640625
-104.14697265625 66.95182800292969 -6.067184925079346
-34.11949157714844 140.8753204345703 132.79803466796875
97.57164001464844 -106.72134399414062 192.87420654296875
-111.72277069091797 93.66639709472656 83.13235473632812
-126.11697387695312 7.378415107727051 8.228161811828613
88.26360321044922 112.2553939819336 99.56968688964844
14.818284034729004 -142.22430419921875 77.10850524902344
