40.439117431640625 9.617226600646973 129.06356811523438
33.9620361328125 49.128623962402344 134.24342346191406
-3.0064170360565186 138.11526489257812 104.44145965576172
8.775798797607422 121.96943664550781 106.67407989501953
-10.772226333618164 26.41259002685547 157.84701538085938
-20.303321838378906 -72.09935760498047 48.697776794433594
-12.720552444458008 61.98040771484375 135.8275909423828
13.207635879516602 35.192138671875 102.3466796875
2.4311771392822266 61.848388671875 147.10789489746094
7.341864585876465 -77.40245819091797 198.18450927734375
15.814142227172852 -64.96154022216797 199.49684143066406
4.05090856552124 77.48735809326172 134.3356475830078
36.90504837036133 -27.78716278076172 66.69152069091797
-22.692655563354492 48.90736770629883 51.426761627197266
-2.8333845138549805 57.48482131958008 101.41356658935547
-26.11115264892578 -74.78988647460938 48.400596618652344
26.76506233215332 14.83707332611084 161.26185607910156
10.579833030700684 21.568477630615234 168.40518188476562
-12.430779457092285 4.964084625244141 110.68156433105469
-1.050915002822876 -72.74856567382812 202.4127960205078
41.91134262084961 -19.316268920898438 126.97850036621094
0.4352715015411377 -90.78838348388672 323.5304260253906
-4.570980548858643 7.548348903656006 170.7762451171875
-22.83883285522461 -60.045345306396484 56.03182601928711
19.047630310058594 -48.74386978149414 181.55624389648438
6.319143295288086 -61.48188781738281 145.03981018066406
11.62651252746582 -59.32380676269531 239.3319549560547
-25.629541397094727 51.301055908203125 83.79237365722656
-5.362142086029053 -24.229660034179688 112.26426696777344
4.499536991119385 -71.73355865478516 241.3226318359375
-4.52825927734375 -69.15438842773438 201.08177185058594
36.87897491455078 26.890684127807617 53.31536865234375
1.0457152128219604 -58.320674896240234 198.92137145996094
34.17431640625 -20.5435733795166 62.6077995300293
32.40939712524414 28.673187255859375 146.9571533203125
4.960211753845215 -41.18656921386719 118.06036376953125
18.716365814208984 63.54155731201172 105.10480499267578
36.15667724609375 8.314778327941895 149.92417907714844
9.196383476257324 -17.404598236083984 109.69638061523438
-13.997223854064941 -2.964289665222168 112.85792541503906
39.147926330566406 -26.711462020874023 74.8486099243164
36.48195266723633 -13.7324800491333 93.17485046386719
-6.460079669952393 -36.70524978637695 116.94081115722656
35.98963928222656 31.792009353637695 89.60813903808594
24.967134475708008 -56.01813888549805 169.56031799316406
28.088092803955078 -32.11115646362305 129.45103454589844
-13.907055854797363 -56.71913146972656 142.74298095703125
-2.3428361415863037 -66.21654510498047 209.33314514160156
41.17099380493164 -2.521918296813965 122.92430114746094
9.693379402160645 -33.42469024658203 183.96517944335938
6.426229953765869 107.4554672241211 103.24921417236328
-10.202215194702148 70.51831817626953 128.41171264648438
41.48636245727539 5.4939751625061035 139.14215087890625
1.0818780660629272 -56.51762008666992 134.91949462890625
-5.363041877746582 -66.37185668945312 193.40167236328125
-24.272239685058594 14.69963264465332 121.26266479492188
-9.97197151184082 7.484659194946289 108.84398651123047
-18.748455047607422 20.090808868408203 151.4144287109375
17.13692283630371 -70.9693603515625 207.2114715576172
20.48509979248047 31.810876846313477 159.96189880371094
28.494190216064453 -41.35297393798828 141.12474060058594
0.7216318249702454 -61.032745361328125 275.57635498046875
10.142176628112793 -75.24803161621094 207.8711395263672
3.468543529510498 -96.73171997070312 320.1094665527344
-26.876123428344727 9.316301345825195 133.31063842773438
3.526094436645508 -76.84699249267578 318.9602966308594
14.031493186950684 51.227848052978516 153.00364685058594
35.141746520996094 -27.015724182128906 114.84658813476562
13.117056846618652 -56.20918655395508 134.06024169921875
-6.322450637817383 19.598861694335938 107.50894927978516
7.812525749206543 -90.16773223876953 325.8732604980469
36.71371078491211 -27.51270866394043 106.7287826538086
2.026294231414795 -67.36079406738281 317.4140319824219
-18.214834213256836 5.560022830963135 115.08857727050781
9.118338584899902 -64.38311004638672 298.7684020996094
-9.691662788391113 66.4325180053711 108.72174072265625
-25.415569305419922 -14.123298645019531 151.68882751464844
38.55767822265625 -26.05254364013672 53.48112106323242
0.5851746201515198 -58.472328186035156 307.6885681152344
40.635536193847656 -10.90311336517334 142.6299285888672
-27.382274627685547 -54.3052978515625 103.67985534667969
0.6064214110374451 -62.620994567871094 234.3989715576172
19.395404815673828 -13.059454917907715 180.63719177246094
2.074523687362671 -68.44019317626953 164.81825256347656
-14.517887115478516 -50.97970962524414 165.25926208496094
-8.818709373474121 -12.688788414001465 111.64640808105469
5.09943962097168 -57.14715576171875 300.23443603515625
1.0856437683105469 -61.63810729980469 286.5263977050781
24.316791534423828 -3.968637466430664 171.94613647460938
10.312572479248047 -69.38944244384766 259.5243225097656
6.407643795013428 -17.22201919555664 183.75180053710938
27.645923614501953 -38.84282684326172 171.06158447265625
42.32270431518555 -14.00244140625 108.22892761230469
31.940776824951172 -21.20547866821289 105.73975372314453
-29.106924057006836 -41.770118713378906 110.01399993896484
-25.049610137939453 -52.7723503112793 73.55745697021484
-25.58673858642578 -41.740726470947266 94.02609252929688
4.110049724578857 -43.627532958984375 184.6309051513672
21.128524780273438 -50.646541595458984 139.74290466308594
1.38645339012146 108.40443420410156 113.1373519897461
35.81084060668945 59.957855224609375 115.09473419189453
-22.583396911621094 -29.49038314819336 118.84896087646484
-10.634709358215332 150.71475219726562 94.43461608886719
35.289695739746094 27.854026794433594 105.43443298339844
26.747161865234375 13.697477340698242 109.63427734375
9.508888244628906 -50.5587272644043 124.76422119140625
26.875473022460938 65.31202697753906 107.29548645019531
19.335390090942383 -40.433998107910156 123.7962875366211
-12.306196212768555 44.31151580810547 149.70245361328125
28.431575775146484 46.26723861694336 94.83290100097656
12.573777198791504 13.965204238891602 104.18596649169922
40.01730728149414 -22.701045989990234 95.67745971679688
9.655890464782715 -73.042724609375 233.60006713867188
12.066163063049316 114.10554504394531 114.14908599853516
18.36743927001953 91.81521606445312 110.86988067626953
-24.115543365478516 39.150543212890625 47.29428482055664
1.5147440433502197 -81.22547912597656 326.951904296875
14.182726860046387 -70.30978393554688 171.63235473632812
-12.34709358215332 -55.745277404785156 152.71475219726562
-17.363819122314453 41.23265075683594 94.63867950439453
9.919591903686523 -63.0113639831543 281.0114440917969
4.677098751068115 -53.73416519165039 283.4374694824219
33.951351165771484 -21.260251998901367 162.706787109375
10.329363822937012 -55.792232513427734 265.3642883300781
5.130385398864746 138.70338439941406 101.22530364990234
25.51707649230957 68.00006866455078 118.45133209228516
-5.528768539428711 -50.89106369018555 181.2980499267578
7.667876720428467 -56.53548049926758 230.8379669189453
-20.0992374420166 -51.93329620361328 126.35233306884766
-18.31931495666504 -39.42104721069336 104.94304656982422
9.476747512817383 -58.281349182128906 136.5693359375
0.9786942601203918 124.34794616699219 105.18148040771484
37.64240646362305 40.18815231323242 51.091705322265625
39.366119384765625 -19.663240432739258 74.35871887207031
-26.00603675842285 23.91826057434082 127.54307556152344
-28.93071937561035 -34.098358154296875 140.13265991210938
-23.545778274536133 2.753922700881958 123.57039642333984
-11.542527198791504 -18.159032821655273 113.85565948486328
-24.79376792907715 -65.66310119628906 61.70585632324219
-24.050113677978516 -48.76942825317383 143.41336059570312
35.60527038574219 -29.37501335144043 151.7285919189453
28.218515396118164 -31.652963638305664 172.93177795410156
33.904998779296875 37.65187454223633 48.07569885253906
-10.94456958770752 -54.61729049682617 131.3709716796875
33.38974380493164 -6.859157085418701 162.7420196533203
4.003739833831787 134.82565307617188 103.97525024414062
-27.90140151977539 -60.85081481933594 50.92380905151367
-7.343651294708252 -60.94843292236328 178.558349609375
9.529412269592285 99.97437286376953 117.51687622070312
-17.580358505249023 -17.274202346801758 168.7129364013672
29.486221313476562 58.732147216796875 104.27101135253906
10.381123542785645 -69.48079681396484 314.4040222167969
1.1235007047653198 50.722145080566406 154.74705505371094
3.8862342834472656 0.21177330613136292 105.81177520751953
30.599002838134766 -45.60051345825195 162.28118896484375
-30.638675689697266 -44.011600494384766 101.6122817993164
10.113709449768066 -74.41605377197266 185.22659301757812
33.051422119140625 16.295190811157227 46.67112350463867
3.067636728286743 -75.87672424316406 195.8103485107422
-10.290075302124023 -27.9008846282959 177.55455017089844
-4.740902423858643 -53.575130462646484 129.127685546875
-11.842613220214844 -55.190467834472656 126.90791320800781
7.214007377624512 -23.892438888549805 109.46946716308594
14.093419075012207 -25.46445083618164 110.89317321777344
0.28291547298431396 135.138916015625 98.4253158569336
-26.127246856689453 50.9670524597168 92.51036071777344
6.03853702545166 85.56645965576172 107.57286834716797
-6.754284858703613 -9.402399063110352 178.03968811035156
24.567312240600586 72.8615951538086 119.0964584350586
31.122934341430664 -36.116214752197266 140.2178497314453
5.506100177764893 -4.188564777374268 180.3289337158203
37.018863677978516 -23.93906021118164 142.78640747070312
-23.900588989257812 -53.97624206542969 113.09197998046875
1.9003565311431885 23.22063636779785 166.72274780273438
-22.191518783569336 29.62996482849121 140.36480712890625
-5.448253631591797 -36.70370101928711 180.60433959960938
-19.585147857666016 -59.62668228149414 66.41366577148438
-20.08061981201172 -67.06975555419922 53.34965896606445
-26.745891571044922 -3.915130376815796 140.685791015625
-20.78095817565918 -14.970491409301758 121.28083038330078
29.43503761291504 26.545961380004883 108.01793670654297
40.09492111206055 31.101503372192383 128.89976501464844
21.608835220336914 -36.68800354003906 179.7566680908203
13.64840030670166 19.007007598876953 104.25804901123047
-17.987165451049805 -51.695491790771484 106.2325439453125
-6.2938432693481445 51.88662338256836 151.26806640625
25.3857364654541 -4.726856231689453 108.8843994140625
-6.419384002685547 44.72331237792969 100.75839233398438
-25.491138458251953 36.12627029418945 109.35363006591797
-19.101394653320312 53.341407775878906 98.79823303222656
-24.3428897857666 -52.19728088378906 86.7823715209961
2.984468936920166 -63.470767974853516 218.7273406982422
-24.7078800201416 39.41743087768555 74.4243392944336
9.654391288757324 -52.21595764160156 190.9776611328125
-6.694640636444092 41.0131950378418 155.80113220214844
37.58401107788086 36.273521423339844 71.1984634399414
-5.06969690322876 84.53204345703125 122.54059600830078
14.406315803527832 -66.12264251708984 220.56031799316406
-18.628625869750977 39.49991989135742 78.8670425415039
-1.792642593383789 32.48632049560547 103.3072738647461
33.17723083496094 -16.768301010131836 69.85543823242188
11.786521911621094 -64.06018829345703 153.1062774658203
-17.102249145507812 7.2811360359191895 158.77601623535156
28.688766479492188 -34.59901428222656 133.74285888671875
-13.077568054199219 -36.661563873291016 112.79341888427734
8.745820999145508 -64.9836196899414 323.0232849121094
7.229997634887695 -53.9659423828125 258.4851989746094
16.75445556640625 79.32164764404297 122.290771484375
14.958511352539062 -68.20934295654297 165.80624389648438
-28.141677856445312 -23.315406799316406 144.75765991210938
-7.85145378112793 -17.66041374206543 179.62258911132812
-24.79511260986328 12.281322479248047 142.26327514648438
-22.128068923950195 -35.942745208740234 160.89910888671875
13.862837791442871 -64.14379119873047 268.8306884765625
-11.037714958190918 56.85047912597656 141.99156188964844
40.70256042480469 45.14197540283203 87.74665069580078
23.445646286010742 -23.549179077148438 178.5068359375
-11.39716625213623 -33.791500091552734 115.82122039794922
39.38593673706055 20.243452072143555 120.23865509033203
38.045223236083984 28.961524963378906 110.54571533203125
1.2231495380401611 -73.6927719116211 187.13890075683594
-22.835390090942383 48.356201171875 69.79373168945312
9.50769329071045 -30.240415573120117 112.98135375976562
30.877506256103516 -17.5424861907959 170.5379180908203
38.45132827758789 -36.80219650268555 48.9359245300293
38.35752487182617 -30.359689712524414 61.1967887878418
27.996978759765625 -26.26945686340332 121.61213684082031
28.024078369140625 -51.026512145996094 162.43710327148438
31.557743072509766 -40.23826599121094 153.3690185546875
36.22234344482422 -17.162452697753906 56.56420135498047
34.79168701171875 -16.54163932800293 66.19163513183594
-19.753177642822266 40.13003921508789 74.3810043334961
22.89140510559082 7.089574813842773 168.05284118652344
-20.96045684814453 45.781829833984375 137.47698974609375
7.79818868637085 38.98025894165039 161.44873046875
40.99974060058594 41.40939712524414 106.39373016357422
11.594671249389648 66.31069946289062 142.96878051757812
7.574748516082764 -52.0313835144043 287.245361328125
33.591041564941406 61.92927551269531 123.52532196044922
7.205569744110107 7.548921585083008 175.4237060546875
-24.723411560058594 51.964420318603516 118.59207916259766
9.646733283996582 -54.86039352416992 275.73291015625
-8.577720642089844 -5.594319820404053 110.04078674316406
-25.752193450927734 -16.188589096069336 127.5865707397461
-4.324944496154785 -45.294071197509766 120.48503112792969
6.112542152404785 -54.401275634765625 270.3035888671875
21.48404884338379 -63.850128173828125 175.99571228027344
-21.59926986694336 157.28114318847656 88.08995819091797
-12.652393341064453 -41.55205154418945 173.4662628173828
24.342041015625 62.64993667602539 138.42950439453125
23.87141227722168 -57.34064483642578 158.47508239746094
4.44510555267334 -85.54800415039062 318.91143798828125
38.21949768066406 14.902994155883789 46.75447463989258
15.25168228149414 72.64702606201172 107.54157257080078
5.251116752624512 -76.5796890258789 217.31561279296875
6.730187892913818 -61.69804000854492 258.09808349609375
