-11.781705856323242 -34.50382995605469 98.28824615478516
14.816720962524414 40.71508026123047 126.45497131347656
-54.19564437866211 16.00458526611328 71.25211334228516
-12.913228988647461 67.78782653808594 150.48495483398438
-19.013858795166016 -11.249202728271484 33.533355712890625
16.165529251098633 39.29587936401367 139.47943115234375
-35.982120513916016 15.984809875488281 59.91223907470703
-50.60171127319336 17.789426803588867 62.602210998535156
10.410252571105957 -20.826129913330078 97.50328826904297
6.159275054931641 2.7107014656066895 87.93231201171875
25.169029235839844 7.932125091552734 52.038936614990234
3.833913564682007 28.141260147094727 33.971435546875
-19.748859405517578 25.80137062072754 36.84636306762695
22.2493839263916 -45.13422775268555 17.822622299194336
-29.022624969482422 46.78316116333008 7.619306564331055
-9.95407485961914 18.43682098388672 64.39022827148438
-39.04962921142578 3.9340639114379883 67.37413787841797
-55.20772171020508 11.104010581970215 60.95712661743164
14.356307029724121 -49.98129653930664 10.000269889831543
-19.865013122558594 0.06654249876737595 43.37175750732422
-33.798702239990234 2.3431897163391113 47.92777633666992
-12.735219955444336 46.30096435546875 143.6832275390625
29.952693939208984 -14.311039924621582 48.36204147338867
21.613197326660156 -3.3515050411224365 91.6001968383789
-1.626357913017273 24.88666343688965 125.42755126953125
-1.1444581747055054 -22.13975715637207 1.10125732421875
-8.00179672241211 25.601621627807617 149.85523986816406
0.3943818509578705 -48.19707107543945 100.06722259521484
-13.285266876220703 -0.22682292759418488 81.54895782470703
-13.363422393798828 36.378421783447266 91.19815063476562
-18.55684471130371 13.562355995178223 47.3892936706543
59.288848876953125 -12.761488914489746 53.32828903198242
14.302711486816406 -35.928016662597656 97.87904357910156
-1.379900574684143 44.0126838684082 60.13465881347656
-15.416361808776855 11.181983947753906 60.432044982910156
17.664968490600586 -43.82889175415039 77.35808563232422
-13.964908599853516 -10.604348182678223 96.51431274414062
-32.57353210449219 -11.503252029418945 76.41001892089844
4.466280460357666 -28.923137664794922 4.221499919891357
-23.7777099609375 2.6282341480255127 66.72139739990234
-8.968191146850586 -4.559744358062744 69.30755615234375
-18.208118438720703 -37.06199264526367 58.32046890258789
15.443883895874023 -16.8338680267334 46.72417449951172
10.042396545410156 -25.3967342376709 39.592288970947266
25.949155807495117 13.820959091186523 37.447105407714844
-17.534879684448242 36.68644714355469 51.203548431396484
-28.625722885131836 -10.043574333190918 96.80116271972656
19.692764282226562 10.017650604248047 103.99211883544922
45.77119064331055 -36.397247314453125 3.329526901245117
12.694994926452637 18.092056274414062 31.80295753479004
28.867286682128906 38.5310173034668 62.92850112915039
23.880693435668945 -43.942970275878906 9.923362731933594
-7.917212963104248 -36.66594696044922 47.04179382324219
37.55651092529297 7.277323246002197 93.65826416015625
8.885476112365723 24.466611862182617 173.09629821777344
-5.2606730461120605 44.96095275878906 169.55819702148438
32.34351348876953 1.351326823234558 43.13039779663086
51.753482818603516 22.628236770629883 76.49688720703125
-10.0897216796875 -47.27684020996094 94.59908294677734
-2.1724324226379395 55.47939682006836 95.60945892333984
25.271766662597656 20.761716842651367 84.63397979736328
29.839202880859375 19.8887939453125 101.05500793457031
30.64533042907715 24.486499786376953 54.117000579833984
36.99235916137695 -39.9430046081543 9.33366584777832
-20.46302032470703 40.02804183959961 12.65392017364502
-6.5126824378967285 34.05924606323242 133.0480194091797
-1.587830662727356 -19.72025489807129 69.47341918945312
47.796321868896484 -26.351457595825195 1.9851677417755127
11.404012680053711 41.30099105834961 51.12614822387695
-60.28544616699219 -23.054811477661133 59.5322265625
-57.688392639160156 -24.635814666748047 71.78075408935547
-41.4714241027832 21.39234161376953 94.43444061279297
20.081165313720703 -32.677391052246094 57.942527770996094
-13.7662353515625 -45.45859909057617 84.368896484375
-4.918704986572266 21.407676696777344 175.5299530029297
-46.130123138427734 -4.649190425872803 96.7072982788086
-10.571927070617676 72.55255126953125 13.102845191955566
-5.5181097984313965 6.19095516204834 30.16964340209961
19.590024948120117 30.557994842529297 48.384639739990234
29.69048309326172 -13.461153030395508 3.196666717529297
0.7031721472740173 19.62867546081543 165.68077087402344
-46.89017105102539 75.75628662109375 18.231685638427734
27.883813858032227 43.00587844848633 89.74945831298828
-11.107595443725586 22.611635208129883 125.8917007446289
-49.709171295166016 -27.78160858154297 84.17198944091797
-33.4887809753418 79.15791320800781 21.962451934814453
-5.467334270477295 28.045778274536133 72.78311920166016
-36.147342681884766 -16.015316009521484 87.98133850097656
-3.8347864151000977 -15.163389205932617 29.98965835571289
30.652463912963867 -14.59366226196289 77.1485824584961
5.184971809387207 15.771405220031738 83.90740203857422
43.250587463378906 -10.510730743408203 83.20853424072266
-16.845609664916992 34.81514358520508 121.04206848144531
1.3246872425079346 55.03671646118164 73.61399841308594
59.23068618774414 -17.023103713989258 58.42701721191406
-11.740689277648926 20.65766143798828 83.1924819946289
5.742506504058838 62.54301452636719 131.82272338867188
-14.810203552246094 43.98099136352539 5.313763618469238
-59.21387481689453 -14.459824562072754 53.67354202270508
21.92669105529785 -21.893213272094727 31.37436294555664
27.25214958190918 -20.853473663330078 9.150744438171387
-29.722919464111328 69.656005859375 16.307153701782227
0.20745693147182465 61.46745681762695 144.32989501953125
-30.458616256713867 -25.355566024780273 79.0005874633789
-46.61833190917969 -27.04001808166504 83.97942352294922
3.966205358505249 -34.711891174316406 99.3311538696289
3.661518096923828 -47.8629035949707 72.14915466308594
33.33388137817383 -14.031811714172363 92.6478500366211
-7.511000156402588 -40.177738189697266 64.87467193603516
14.889567375183105 52.00682067871094 104.20650482177734
30.606552124023438 -19.804065704345703 84.99632263183594
44.32623291015625 -21.033283233642578 86.69910430908203
4.914255142211914 73.99302673339844 144.806884765625
40.12739944458008 8.6285400390625 75.33039093017578
-43.87407684326172 76.2049789428711 19.219751358032227
5.18176794052124 -6.1931915283203125 44.644737243652344
-12.901580810546875 -19.0817813873291 56.03422164916992
58.05724334716797 -5.013776779174805 58.260459899902344
27.181827545166016 -1.746708631515503 35.36399841308594
-32.01582717895508 27.320621490478516 47.608211517333984
14.689709663391113 -28.20595932006836 93.91282653808594
13.627904891967773 54.261810302734375 141.04736328125
15.10372543334961 58.16695785522461 146.7822265625
-15.072911262512207 33.58269119262695 110.02348327636719
40.19341278076172 21.621559143066406 82.26531219482422
6.257658958435059 22.50231170654297 153.6168975830078
-3.649757146835327 5.454183578491211 72.85169219970703
-21.72235107421875 -32.38386535644531 88.23916625976562
0.6124799847602844 50.9569206237793 131.22891235351562
50.022491455078125 -13.57569694519043 92.32453918457031
-5.134040355682373 -22.655866622924805 98.69145965576172
54.21299743652344 14.320648193359375 69.12483978271484
-44.93233108520508 21.870473861694336 86.54634857177734
12.550677299499512 43.38804626464844 84.61107635498047
10.578115463256836 -43.373077392578125 93.71337890625
4.733916759490967 52.95863723754883 151.9807891845703
-33.53863525390625 33.069358825683594 80.85115051269531
-30.013713836669922 -11.70496940612793 44.19837188720703
-2.9432485103607178 -33.22677993774414 86.93975067138672
-13.570898056030273 -25.421524047851562 41.69369125366211
32.86927032470703 28.38700294494629 94.50403594970703
-32.98802185058594 20.0676326751709 83.37560272216797
-59.473114013671875 -15.242768287658691 65.46807861328125
-44.1175651550293 18.677282333374023 96.29561614990234
50.10179901123047 1.9318783283233643 68.38565826416016
39.26367950439453 -0.7868325710296631 58.203853607177734
-23.40323829650879 -30.060148239135742 49.4120979309082
43.787078857421875 -8.228508949279785 95.3880844116211
8.21977710723877 39.76519012451172 118.43213653564453
62.51332092285156 9.452618598937988 61.71086120605469
23.830646514892578 -20.621158599853516 40.01719665527344
16.20244026184082 -38.00411605834961 12.784309387207031
-11.068452835083008 44.7713737487793 95.53272247314453
20.585172653198242 -5.693023204803467 63.74751281738281
20.32425308227539 -26.18966293334961 77.05929565429688
-24.190628051757812 21.449886322021484 106.47291564941406
54.2421989440918 -18.593074798583984 78.36421203613281
-1.1731077432632446 -43.446815490722656 55.55095672607422
12.082587242126465 30.87260627746582 89.32490539550781
9.823100090026855 36.932350158691406 38.303340911865234
4.6187214851379395 22.519025802612305 66.49758911132812
-49.52156448364258 67.46493530273438 13.757081985473633
-24.782058715820312 47.07194900512695 98.01712036132812
20.209880828857422 32.63999557495117 113.07977294921875
23.400136947631836 48.598148345947266 95.8875503540039
-48.484771728515625 8.74072265625 92.38875579833984
12.89909553527832 -12.522124290466309 30.335472106933594
18.53270721435547 -22.468896865844727 5.52648401260376
37.044700622558594 -10.023063659667969 53.311981201171875
-16.82141876220703 79.18608856201172 17.32554054260254
-32.37733459472656 28.651914596557617 98.74478912353516
-31.483064651489258 39.06410217285156 70.25713348388672
7.963324546813965 -10.057114601135254 66.69381713867188
17.539098739624023 11.81946849822998 69.18914794921875
-50.7433967590332 -1.4676164388656616 76.8819351196289
-32.06864547729492 -23.85096549987793 63.3608283996582
9.395938873291016 25.752582550048828 138.89137268066406
-8.340383529663086 47.31293487548828 156.94039916992188
-5.640448093414307 10.397489547729492 101.08773803710938
-25.27202033996582 27.553579330444336 56.082054138183594
50.95819091796875 -7.725114822387695 91.97920989990234
48.62763977050781 6.286825656890869 83.73736572265625
12.761198043823242 25.416969299316406 121.84272003173828
-21.370973587036133 36.15943145751953 23.248069763183594
-54.48166275024414 17.32364845275879 85.31317901611328
25.532760620117188 1.8269824981689453 76.62016296386719
47.877471923828125 -0.17811936140060425 96.94012451171875
-34.745967864990234 10.141826629638672 91.90536499023438
-17.439876556396484 34.3909912109375 35.18727111816406
-15.451973915100098 51.713462829589844 103.40386962890625
48.87093734741211 -18.808870315551758 89.51783752441406
7.201663494110107 -29.05289077758789 101.74707794189453
-14.398709297180176 57.80263137817383 9.58084774017334
13.045788764953613 30.095285415649414 74.80162811279297
4.768754482269287 13.241321563720703 181.4723358154297
12.180048942565918 0.14659586548805237 101.28256225585938
-6.052039623260498 33.729949951171875 38.85029220581055
48.157981872558594 -23.687511444091797 83.72258758544922
56.08171081542969 -26.948997497558594 72.74152374267578
9.587886810302734 -47.43446731567383 62.92176818847656
-5.424866676330566 0.33530595898628235 58.38014221191406
23.716758728027344 43.87982940673828 72.44969177246094
30.354602813720703 -7.639012813568115 36.45435333251953
46.60063934326172 -12.392745018005371 93.634521484375
36.56991958618164 17.08194923400879 58.92143630981445
8.421990394592285 -20.306766510009766 1.8233301639556885
-9.507930755615234 73.97113800048828 152.38784790039062
15.829105377197266 53.87472915649414 82.82074737548828
-14.994418144226074 26.591047286987305 128.0647430419922
-45.805233001708984 58.90627670288086 10.19879150390625
2.4395601749420166 -11.66265869140625 84.81781005859375
-15.444743156433105 -19.633737564086914 83.93443298339844
-10.585201263427734 51.998809814453125 156.07630920410156
-15.39196491241455 75.1972427368164 13.968818664550781
10.761711120605469 46.50813293457031 165.26071166992188
33.02854919433594 -8.030097961425781 59.1480598449707
58.28662872314453 -11.13139533996582 69.56620788574219
-41.71189498901367 19.3314208984375 74.64092254638672
13.69924545288086 18.544551849365234 93.92625427246094
-27.796648025512695 -11.08253288269043 65.06523132324219
17.69099235534668 1.4639240503311157 33.18547439575195
-50.56429672241211 -6.350262641906738 94.21076202392578
27.975378036499023 -28.52674674987793 50.786930084228516
20.919139862060547 38.011539459228516 104.27674865722656
-50.91245651245117 -18.259323120117188 82.51475524902344
2.752997398376465 -51.31193542480469 86.95658111572266
-9.08929443359375 73.53447723388672 15.062911033630371
-30.038848876953125 15.986763000488281 43.1961669921875
-6.580716133117676 56.25556564331055 137.97023010253906
-12.9551420211792 57.461246490478516 145.28367614746094
4.207247257232666 55.52391815185547 106.65008544921875
34.432899475097656 -21.23922348022461 3.9146323204040527
-20.100156784057617 10.69991683959961 31.139684677124023
-23.07831382751465 30.01270294189453 110.29771423339844
23.798677444458008 8.93993091583252 33.831382751464844
-20.951133728027344 46.8818244934082 79.41348266601562
-4.0103960037231445 21.396316528320312 132.20382690429688
5.755577087402344 42.752994537353516 98.93824768066406
26.763973236083984 -49.636234283447266 13.193297386169434
-21.092247009277344 -31.131324768066406 73.41378021240234
24.995296478271484 -33.12952423095703 10.264113426208496
8.605806350708008 45.789913177490234 146.7813262939453
16.157344818115234 -29.179786682128906 84.73934173583984
-13.865978240966797 27.526172637939453 171.11297607421875
-38.02901840209961 -7.430800914764404 61.30925369262695
-58.16585159301758 -1.7434284687042236 58.206844329833984
8.784414291381836 21.488449096679688 108.62337493896484
29.999286651611328 31.880802154541016 81.05101013183594
-28.218740463256836 6.385044574737549 33.553123474121094
-0.7399011850357056 17.702251434326172 47.023048400878906
0.6720758080482483 74.4977035522461 150.38897705078125
28.870532989501953 -25.91671371459961 68.03304290771484
19.117948532104492 38.27446365356445 42.81888198852539
14.881879806518555 50.906211853027344 65.46052551269531
-41.19330596923828 50.177703857421875 7.164142608642578
11.983257293701172 -34.37390899658203 52.795284271240234
