8.657729148864746 17.67483139038086 5.998464584350586
-11.715011596679688 -3.906480312347412 100.08482360839844
-10.250314712524414 -12.732586860656738 89.41712188720703
-11.69657039642334 -11.696566581726074 91.368408203125
-10.41723346710205 -8.151333808898926 24.66031265258789
10.70645523071289 -7.74757719039917 9.61751651763916
-2.2728278636932373 12.627025604248047 41.689064025878906
12.467729568481445 5.432619571685791 21.29949188232422
15.835575103759766 -8.944924354553223 85.31334686279297
-9.94273567199707 -8.781366348266602 7.0531415939331055
10.198498725891113 -9.246813774108887 93.11905670166016
7.754046440124512 -9.759395599365234 42.348628997802734
8.806717872619629 7.116309642791748 14.822782516479492
-7.876589298248291 -2.4868083000183105 39.1070556640625
-5.199891090393066 -10.221826553344727 40.816890716552734
0.015556286089122295 13.216705322265625 21.385507583618164
-12.0559720993042 2.866349458694458 84.1986312866211
8.939563751220703 -8.593096733093262 21.710681915283203
7.42101526260376 -3.2476511001586914 109.69944763183594
-0.7495540976524353 13.041505813598633 75.74263763427734
0.44158342480659485 0.5425179600715637 13.608773231506348
-13.373188972473145 -0.6007059812545776 47.54141616821289
4.721261501312256 17.85895538330078 3.805145025253296
-4.537999153137207 13.549010276794434 58.03737258911133
9.007771492004395 -0.8756659626960754 7.10357666015625
-8.010616302490234 2.903395414352417 107.97577667236328
-3.125800609588623 16.41297149658203 51.9155387878418
0.5186105370521545 -5.933161735534668 40.413780212402344
15.151123046875 11.314085960388184 6.112948894500732
-12.14844799041748 12.617995262145996 85.53144073486328
-9.888927459716797 8.960892677307129 81.80982971191406
-10.164185523986816 2.8637070655822754 98.57703399658203
-10.638787269592285 15.629659652709961 87.62522888183594
0.02595308981835842 -12.520524978637695 15.615520477294922
6.962930202484131 4.5703582763671875 71.498291015625
11.44119644165039 -5.286537170410156 54.60923385620117
6.425833225250244 10.465840339660645 29.510578155517578
5.269789695739746 -2.573186159133911 56.35042190551758
15.265005111694336 -9.538851737976074 89.46537017822266
-8.480497360229492 8.582670211791992 64.56990814208984
-14.83209228515625 0.29451853036880493 5.159130096435547
-0.057421259582042694 -13.416975021362305 7.003474712371826
-9.656533241271973 6.451120853424072 55.52735900878906
-4.5419230461120605 5.8817644119262695 31.665075302124023
9.482834815979004 -0.5005443692207336 17.94352149963379
-12.403801918029785 3.0655081272125244 32.796844482421875
-4.511332988739014 -7.460850238800049 96.61604309082031
16.085540771484375 0.5523617267608643 62.503204345703125
-21.054468154907227 -1.0597214698791504 68.17350769042969
-4.209272384643555 -0.08062519878149033 113.27422332763672
4.7530670166015625 -10.270062446594238 20.807924270629883
-19.240842819213867 2.2865993976593018 2.5842270851135254
4.652897834777832 9.981717109680176 18.087692260742188
0.545810878276825 16.529706954956055 91.60771942138672
4.063101291656494 16.63919448852539 89.99043273925781
6.1350507736206055 7.654115200042725 104.49137115478516
-16.022354125976562 -9.60499095916748 85.65900421142578
-4.765726089477539 -9.713577270507812 12.691667556762695
-1.4535322189331055 4.088494777679443 40.449134826660156
17.752704620361328 -4.9641947746276855 4.815957069396973
3.7137179374694824 -11.33916187286377 57.08160400390625
11.837504386901855 -12.743448257446289 87.88117980957031
8.260498046875 6.379890441894531 49.04756164550781
-4.826352596282959 -0.32374128699302673 7.655769348144531
-11.124251365661621 5.241597652435303 41.3510627746582
-10.273368835449219 5.638529300689697 27.895689010620117
6.283949375152588 -11.577713966369629 29.33481216430664
19.48501205444336 3.058436155319214 69.55274963378906
15.394034385681152 4.545042037963867 83.85786437988281
10.184203147888184 6.186805248260498 53.405975341796875
-17.601110458374023 8.856884956359863 5.573123455047607
-12.406312942504883 3.637138605117798 17.729198455810547
1.0834790468215942 11.230335235595703 33.314178466796875
8.398508071899414 -7.51239538192749 85.68402099609375
-10.273868560791016 3.7222468852996826 65.72814178466797
-16.426658630371094 -9.324347496032715 8.211801528930664
-5.2473626136779785 -12.346623420715332 16.672161102294922
-8.29269027709961 9.388923645019531 69.81067657470703
3.167720317840576 -4.315914154052734 113.40457916259766
-0.2184276580810547 -12.818012237548828 44.01177215576172
-18.29025650024414 -0.9663195013999939 8.226705551147461
3.660753011703491 11.908961296081543 23.492412567138672
-22.224496841430664 1.198172926902771 70.94166564941406
8.53982925415039 8.590400695800781 67.61250305175781
6.3312907218933105 25.624618530273438 49.49431610107422
-2.9311206340789795 5.570772647857666 87.48223114013672
17.25632667541504 5.623388290405273 84.28846740722656
-8.484061241149902 -6.47221040725708 75.69951629638672
10.483169555664062 -0.00510226096957922 103.36544036865234
-8.185141563415527 -15.174356460571289 84.9916763305664
3.2132346630096436 -6.631533145904541 14.879125595092773
6.227441787719727 12.195121765136719 58.167884826660156
-17.974760055541992 -0.638998806476593 84.54511260986328
-18.343652725219727 -0.11233693361282349 74.27115631103516
1.2794417142868042 16.201141357421875 88.61154174804688
-8.33648681640625 5.115050792694092 104.0043716430664
-12.789193153381348 11.476300239562988 4.924717903137207
-2.632258176803589 8.052942276000977 81.74144744873047
9.339191436767578 -4.284932613372803 104.9130630493164
7.2626166343688965 8.414183616638184 45.368038177490234
-3.670818567276001 -10.802911758422852 20.76004409790039
10.533180236816406 -3.0805487632751465 29.25782012939453
-6.223545074462891 -6.462146759033203 53.92036819458008
1.2182598114013672 -9.870610237121582 71.3240737915039
14.849296569824219 -10.750446319580078 83.81165313720703
1.9227304193236705e-08 -16.54144859313965 91.368408203125
-2.339435338973999 -14.648360252380371 89.69009399414062
-4.415406227111816 -1.9745031595230103 72.02439880371094
3.5632781982421875 4.059985160827637 111.33290100097656
-4.383205890655518 -7.85420560836792 103.27591705322266
6.888326168060303 7.364917278289795 100.29640197753906
8.784324645996094 -13.632342338562012 4.847373962402344
8.107707023620605 1.3824628591537476 93.95354461669922
0.4695959687232971 13.171747207641602 69.6701431274414
-7.0171098709106445 16.555599212646484 85.48701477050781
6.696231365203857 -12.157050132751465 11.400026321411133
17.68927764892578 2.280529499053955 4.740307331085205
1.9182114601135254 -3.0276222229003906 8.926108360290527
-10.338817596435547 -3.7493345737457275 32.20060348510742
-1.0231037139892578 -4.034524917602539 115.32618713378906
1.5171526670455933 11.379192352294922 93.85090637207031
-0.5148434638977051 19.27845001220703 7.898452281951904
-1.4304401874542236 11.535470008850098 20.181119918823242
-10.896902084350586 14.907360076904297 2.1491103172302246
14.356969833374023 -8.524435043334961 2.2164134979248047
-1.3658859729766846 2.4645493030548096 104.16752624511719
-4.24135160446167 22.859487533569336 49.217708587646484
-1.3284958600997925 4.707029819488525 24.107505798339844
2.560263156890869 22.003917694091797 44.89375686645508
12.782937049865723 3.9080135822296143 48.90921401977539
2.5133960247039795 9.649266242980957 75.30894470214844
-3.2742793560028076 10.066619873046875 101.2848892211914
-8.61786937713623 16.938962936401367 6.740151405334473
-0.10919957607984543 1.6550382375717163 114.05973815917969
-1.1920929132713809e-08 5.143881026015151e-06 117.39701080322266
1.8137367963790894 -2.942803144454956 23.767162322998047
2.8850626945495605 -12.11828327178955 47.55366897583008
0.009691020473837852 -11.308833122253418 61.80816650390625
12.353158950805664 -3.068699836730957 70.32953643798828
22.554338455200195 -1.0187660455703735 69.51678466796875
-1.1334033012390137 5.218883037567139 55.082157135009766
3.725276231765747 18.293033599853516 7.731400489807129
1.1311256885528564 13.148728370666504 14.166475296020508
-1.3877803087234497 9.336174011230469 61.12171173095703
-13.182302474975586 7.235171318054199 87.45115661621094
-13.760926246643066 -13.255040168762207 85.64498901367188
3.004040241241455 27.563194274902344 52.78901672363281
0.4206380546092987 29.81671905517578 51.04256057739258
5.2844343185424805 25.862707138061523 54.714752197265625
-4.374959945678711 12.380548477172852 82.66777038574219
-3.5134117603302 -8.938581466674805 28.497556686401367
12.915873527526855 13.528715133666992 85.25395965576172
-11.187015533447266 -9.058027267456055 83.7394790649414
-13.298093795776367 1.7010817527770996 58.11454391479492
9.434311866760254 8.255912780761719 77.72311401367188
11.439987182617188 12.592062950134277 84.62309265136719
9.382040023803711 11.575482368469238 90.03351593017578
11.69657039642334 11.696575164794922 91.368408203125
-6.579016208648682 3.169360399246216 92.7315902709961
9.004401206970215 -7.232160568237305 64.53376770019531
-0.4658264219760895 26.235361099243164 46.184173583984375
-18.65653419494629 -3.7930335998535156 2.2649450302124023
-5.087227821350098 1.4488219022750854 47.118133544921875
-5.365998268127441 -12.325407028198242 54.34601593017578
-9.409563064575195 -8.752334594726562 69.28999328613281
16.049068450927734 0.11870116740465164 86.48596954345703
-1.933953881263733 15.298056602478027 7.906290531158447
15.422107696533203 -2.0076839923858643 89.9908218383789
1.1239145994186401 1.450463891029358 80.74896240234375
-4.376162528991699 10.485223770141602 49.257591247558594
1.2850404977798462 -3.9300405979156494 2.8456339836120605
6.5923542976379395 23.407474517822266 47.56744384765625
-9.142416954040527 12.192914009094238 90.90451049804688
5.299594402313232 -0.8813595771789551 110.79989624023438
-12.352205276489258 -1.3601149320602417 73.84689331054688
-2.3835084438323975 -16.627307891845703 84.6123275756836
3.8714280128479004 -13.996832847595215 82.24351501464844
8.984843254089355 4.504977703094482 62.4035758972168
4.186134338378906 16.332191467285156 54.44970703125
1.3636558055877686 25.751285552978516 56.68525314331055
-0.6639057993888855 29.94180679321289 51.97774887084961
0.7606313824653625 27.571914672851562 54.41352462768555
-5.716831207275391 5.1960906982421875 108.12857055664062
-11.192279815673828 3.239389419555664 9.377793312072754
4.32457160949707 13.85643482208252 82.59371185302734
3.418485164642334 -5.355854034423828 30.249242782592773
-7.038784503936768 10.168292045593262 24.970172882080078
4.051424026489258 -6.7686004638671875 106.91542053222656
16.1663875579834 -2.0558323860168457 73.26374816894531
10.101173400878906 -7.277106761932373 76.46346282958984
14.46607780456543 -5.303640365600586 83.71226501464844
-1.1986021995544434 13.196906089782715 64.42027282714844
-1.4884767532348633 19.1534366607666 58.70658874511719
-11.629000663757324 -1.4138846397399902 24.770395278930664
-14.774322509765625 -11.550280570983887 88.87479400634766
-22.71520233154297 2.0128815174102783 66.98643493652344
13.105626106262207 -0.8623375296592712 93.72128295898438
2.1441152095794678 -3.611334800720215 68.94279479980469
-9.32032299041748 0.2630041241645813 105.64400482177734
-3.309903860092163 11.685757637023926 66.35530090332031
-6.458629608154297 9.134210586547852 17.376413345336914
-1.226772427558899 16.54292106628418 89.80097198486328
7.950613498687744 10.299036979675293 8.487531661987305
-12.535883903503418 1.5030521154403687 40.652767181396484
-3.437746047973633 8.583497047424316 72.46127319335938
8.887434005737305 0.7121676206588745 81.59134674072266
-7.766070365905762 -2.7597105503082275 83.21912384033203
12.715839385986328 12.212126731872559 4.608135223388672
-9.044811248779297 -9.578633308410645 22.7296085357666
-4.549510955810547 -2.6620070934295654 4.0369462966918945
6.982032299041748 16.791597366333008 47.91209411621094
3.800084352493286 -13.994815826416016 93.49479675292969
-15.32531452178955 10.067513465881348 88.8254165649414
14.515746116638184 6.572038650512695 88.00987243652344
-4.016379356384277 -10.426972389221191 78.95819091796875
22.117103576660156 4.990846157073975 67.63892364501953
-14.09815788269043 -4.529684543609619 90.13703155517578
-16.54145050048828 7.41789381208946e-06 91.368408203125
0.23271508514881134 -2.2169947624206543 81.4085693359375
-5.114645004272461 -2.887686014175415 108.19755554199219
2.2413856983184814 25.65205192565918 53.0120849609375
-0.15031790733337402 29.18959617614746 51.0466423034668
-2.521599531173706 -2.182429790496826 63.6408576965332
-9.392276763916016 -3.207961320877075 17.785730361938477
-16.974056243896484 -6.628985404968262 6.083664894104004
-3.763568878173828 22.584583282470703 56.465999603271484
-2.1821978092193604 6.964670658111572 5.376473903656006
3.4044480323791504 -11.447005271911621 37.070491790771484
10.967490196228027 -4.85706901550293 13.87765884399414
11.69156551361084 -0.7287959456443787 78.02056121826172
0.3812522888183594 11.955878257751465 26.01534080505371
-5.056246757507324 7.24119758605957 12.239067077636719
11.910764694213867 0.44979411363601685 47.040550231933594
7.315736293792725 5.609753131866455 37.63315963745117
-10.837454795837402 -6.375480651855469 63.360286712646484
-1.1709723472595215 -13.161581993103027 46.19416046142578
-5.452828407287598 -12.267422676086426 57.77338790893555
-0.06698917597532272 -5.263014793395996 113.15528869628906
-5.782776355743408 -8.694808006286621 48.14970016479492
-8.41103458404541 7.890218734741211 76.70243835449219
-16.008220672607422 4.050446510314941 70.47066497802734
-8.2084321975708 9.97268009185791 33.693267822265625
19.798105239868164 -2.4999821186065674 67.17554473876953
-17.43445587158203 4.900170803070068 4.898707866668701
9.099555015563965 -9.79045295715332 30.698747634887695
9.609013557434082 5.556518077850342 86.14452362060547
12.763691902160645 3.9924769401550293 34.51683044433594
10.136944770812988 -4.20399284362793 36.48026657104492
6.258396148681641 -7.49936580657959 47.94344711303711
22.604114532470703 1.6623084545135498 65.36870574951172
-0.054342471063137054 8.379658699035645 107.76513671875
3.684675693511963 -2.8378918170928955 115.87832641601562
-4.452432632446289 -10.95160961151123 65.26181030273438
6.900537014007568 -6.336175918579102 99.24960327148438
8.35082721710205 5.812900543212891 27.980377197265625
7.247532367706299 -5.533909320831299 101.75711822509766
