12.394660949707031 -2.063739538192749 148.89926147460938
40.16865158081055 -7.7217793464660645 119.95659637451172
10.86254596710205 -6.467647075653076 5.147414207458496
59.48293685913086 0.890427827835083 156.0337371826172
-25.554840087890625 3.304490566253662 154.9404296875
-12.75324821472168 -5.711613655090332 36.485206604003906
-19.849458694458008 -7.035376071929932 44.04552459716797
-2.996443510055542 11.219779014587402 87.40977478027344
14.195106506347656 -9.620711326599121 49.37761688232422
-53.884098052978516 -1.8967162370681763 125.52114868164062
-27.20568084716797 1.8246128559112549 199.34339904785156
26.933551788330078 -2.744920015335083 210.8177490234375
-41.11980438232422 4.33265495300293 103.73792266845703
-1.7462646961212158 1.522494912147522 214.14366149902344
63.431278228759766 0.5929101705551147 180.30140686035156
-1.8732210397720337 -10.326796531677246 146.0124969482422
-8.208090782165527 0.15258494019508362 164.33192443847656
21.679033279418945 -3.5959362983703613 5.234943389892578
-61.49980545043945 -1.9421387910842896 144.1941680908203
0.7680464386940002 1.0553029775619507 203.89952087402344
-61.6858024597168 0.8851619362831116 153.49684143066406
45.50481033325195 -2.6377947330474854 130.3778076171875
11.184188842773438 2.914245367050171 161.7598114013672
12.782649993896484 -11.167719841003418 111.12853240966797
22.891332626342773 8.259885787963867 42.30923080444336
-29.588159561157227 0.08117556571960449 194.1308135986328
3.702847957611084 -4.17141056060791 216.79953002929688
-47.72977828979492 7.441176414489746 121.22106170654297
-20.72869110107422 5.805334568023682 45.95442199707031
9.224236488342285 8.092177391052246 76.47418975830078
27.242502212524414 6.489376544952393 114.06710815429688
-58.871360778808594 4.253794193267822 129.2767791748047
19.918195724487305 10.304171562194824 49.9868049621582
-21.02643394470215 -5.921336650848389 157.9092559814453
-26.86600685119629 10.241169929504395 111.16844177246094
22.74318504333496 -5.008655071258545 17.168331146240234
-8.305606842041016 9.169275283813477 5.463149547576904
19.549089431762695 11.881156921386719 108.88226318359375
24.27764129638672 -6.027328014373779 193.72471618652344
-33.49605941772461 4.3363494873046875 201.04039001464844
11.560320854187012 7.443070888519287 110.81165313720703
6.256858825683594 6.836071968078613 112.3949203491211
-61.77121353149414 3.2265937328338623 132.94471740722656
-22.697935104370117 2.4672908782958984 146.23452758789062
14.483306884765625 9.746870994567871 7.767208576202393
-46.06926727294922 7.3396100997924805 126.27294921875
31.848369598388672 10.130152702331543 100.25617980957031
-1.2348697185516357 7.689027786254883 158.15000915527344
2.270777463912964 -8.197978019714355 14.206490516662598
-14.039944648742676 11.739459991455078 86.23359680175781
-26.13400650024414 -2.7208898067474365 181.2633514404297
11.93620491027832 14.090529441833496 41.358089447021484
-14.467405319213867 -8.09068489074707 62.70158004760742
18.950328826904297 -5.512083530426025 136.2703094482422
-47.724876403808594 -3.7047359943389893 106.67225646972656
-21.059995651245117 9.141999244689941 33.0502815246582
31.062536239624023 -1.321051836013794 198.5322265625
-8.101059913635254 -1.085914969444275 130.20509338378906
25.23164176940918 1.6385257244110107 214.3551025390625
-18.21880531311035 11.053389549255371 95.24205017089844
19.034908294677734 -8.470906257629395 34.15822219848633
-12.916080474853516 -10.328001976013184 50.441959381103516
-13.240062713623047 7.395486354827881 129.2781524658203
-12.394132614135742 8.560811042785645 106.20695495605469
20.917192459106445 10.279106140136719 24.954206466674805
23.56192970275879 -1.693686604499817 28.033199310302734
20.877208709716797 11.372405052185059 116.70494842529297
-21.843801498413086 -10.265727043151855 120.65423583984375
39.73395919799805 -1.794527530670166 147.4821319580078
-50.121376037597656 -3.122547149658203 137.16134643554688
26.951725006103516 -6.20820426940918 199.5782928466797
24.2540225982666 -7.294899940490723 64.46558380126953
-35.38964080810547 6.747783184051514 120.44561767578125
-1.8015036582946777 -0.0821419432759285 224.9982452392578
-22.371070861816406 1.773026704788208 66.36306762695312
-0.2711286246776581 -5.8885297775268555 190.55203247070312
8.922996520996094 -9.453174591064453 28.366411209106445
24.116559982299805 2.356271266937256 175.8609619140625
-18.41356658935547 1.3399410247802734 173.6639862060547
-2.2690696716308594 -7.726989269256592 159.00209045410156
-26.953582763671875 1.3271273374557495 130.74171447753906
25.98223876953125 4.050629615783691 207.1184844970703
-10.174657821655273 6.870901584625244 118.2682113647461
26.543336868286133 -8.103621482849121 87.03257751464844
-29.9500789642334 -1.8163986206054688 208.994384765625
-9.573002815246582 7.462344169616699 143.27430725097656
26.01055908203125 7.045947074890137 174.63424682617188
-8.733972549438477 -10.516939163208008 87.58406829833984
20.320011138916016 9.878662109375 17.01630973815918
22.83190155029297 10.701252937316895 99.69120025634766
25.991947174072266 -4.268362522125244 155.03494262695312
21.02338409423828 12.39317512512207 85.79878234863281
10.805963516235352 10.308249473571777 101.6876220703125
-3.1678929328918457 8.901178359985352 102.46479797363281
-29.435962677001953 -4.724943161010742 203.64588928222656
-20.256696701049805 5.931973934173584 160.79010009765625
-12.791844367980957 12.801972389221191 34.35983657836914
25.229110717773438 -1.0656487941741943 163.98190307617188
30.235246658325195 -0.3388907015323639 216.19107055664062
-16.57664680480957 -4.638201713562012 168.672119140625
-2.561378002166748 -4.351126194000244 170.4741668701172
-65.71681213378906 3.7523677349090576 146.0553741455078
6.789912223815918 4.164388179779053 209.55172729492188
30.87895965576172 -3.583937883377075 210.03073120117188
45.01181411743164 6.709758758544922 138.49163818359375
-2.457052230834961 -4.36069917678833 179.00131225585938
-1.071785569190979 -9.980907440185547 55.50313949584961
-60.628929138183594 3.1337573528289795 149.54798889160156
1.5711591243743896 7.0938310623168945 131.11814880371094
30.079925537109375 3.8936049938201904 78.31265258789062
35.08866500854492 3.0061213970184326 90.50617980957031
67.55440521240234 -1.2384287118911743 180.96678161621094
-37.8725700378418 1.0721999406814575 127.11347961425781
21.577503204345703 2.9811246395111084 5.693153381347656
25.486495971679688 -0.5525214076042175 15.137654304504395
3.646707534790039 -11.134054183959961 134.2283477783203
1.007665753364563 8.311629295349121 116.7989273071289
-0.13899171352386475 15.65631103515625 29.62517547607422
-31.671815872192383 -5.80334997177124 95.71808624267578
-10.46097183227539 8.493895530700684 74.86064147949219
-23.433542251586914 5.153664588928223 181.47613525390625
-36.74876022338867 1.1087828874588013 209.15211486816406
21.650938034057617 -2.294149160385132 148.50042724609375
4.559473037719727 5.532318592071533 192.61880493164062
-23.88581657409668 6.977499961853027 169.75634765625
-2.2015743255615234 8.592214584350586 146.52584838867188
0.8642873167991638 -1.1396095752716064 3.591097354888916
5.1680169105529785 9.623536109924316 93.1482925415039
20.580583572387695 10.986398696899414 80.95707702636719
-13.027925491333008 11.489678382873535 48.535579681396484
13.283079147338867 9.49091625213623 122.97740936279297
53.5389289855957 2.3424277305603027 160.33697509765625
-29.066537857055664 -0.20442664623260498 165.81463623046875
-66.38299560546875 -1.6409064531326294 152.29811096191406
16.113182067871094 -11.007925033569336 90.42818450927734
-1.2833987474441528 4.33538293838501 173.51885986328125
-35.02690505981445 -3.347846031188965 206.08766174316406
3.50899338722229 6.009815692901611 179.9503631591797
32.96303939819336 9.812981605529785 125.95855712890625
3.4430487155914307 13.957283973693848 37.354095458984375
-0.9249058365821838 2.863886833190918 24.859882354736328
-21.80238914489746 -0.48906853795051575 9.423264503479004
4.0120930671691895 -0.6668078303337097 222.64720153808594
-34.840938568115234 -2.0546045303344727 213.10313415527344
-11.246332168579102 7.248850345611572 134.095703125
43.33851623535156 2.8364500999450684 121.43238067626953
22.438133239746094 -9.568143844604492 125.00970458984375
-11.242034912109375 -8.538957595825195 19.532100677490234
40.9243278503418 7.051122188568115 112.57440185546875
0.9822546243667603 -4.228386878967285 207.92433166503906
-12.266181945800781 -10.963404655456543 136.38516235351562
-6.066059112548828 -10.610621452331543 108.99642944335938
8.228621482849121 -0.5542252659797668 202.77980041503906
22.385650634765625 -2.058018684387207 200.8326416015625
7.74956750869751 -9.095355033874512 139.9665985107422
19.798259735107422 10.593974113464355 70.4967041015625
23.60359001159668 0.40895092487335205 190.874267578125
4.462803840637207 -9.218608856201172 8.061213493347168
-38.03609848022461 -6.884760856628418 125.3280258178711
-49.50885009765625 -0.5090644955635071 114.00692749023438
32.98088073730469 5.731380462646484 146.54747009277344
-4.995110034942627 9.844427108764648 65.41957092285156
14.90361213684082 10.82412338256836 30.272705078125
36.99156951904297 9.918181419372559 112.41603088378906
46.01260757446289 3.252072811126709 133.23802185058594
8.687135696411133 8.152444839477539 145.75820922851562
59.32316970825195 -0.3524971902370453 165.70045471191406
-26.256580352783203 -2.7933807373046875 141.39633178710938
-19.644752502441406 9.097997665405273 40.106510162353516
63.91059875488281 -2.454695463180542 178.7648162841797
27.890533447265625 5.11655330657959 185.4113006591797
5.989582061767578 -5.968958854675293 156.4298553466797
-26.913686752319336 0.766693651676178 174.43309020996094
3.7562098503112793 -11.632763862609863 122.79307556152344
-17.882484436035156 9.51699447631836 80.64042663574219
24.025049209594727 -5.996964931488037 54.59758377075195
-1.8264131546020508 12.836955070495605 51.45206069946289
29.2294979095459 -9.70822525024414 101.68085479736328
-1.1198129653930664 15.713737487792969 19.811758041381836
-21.70880699157715 -8.568855285644531 137.84837341308594
-59.32416534423828 -4.909144401550293 132.07533264160156
26.2637996673584 -0.6669569611549377 53.733154296875
-7.565112590789795 -12.603851318359375 125.41462707519531
-18.19280242919922 -8.32255744934082 71.12942504882812
-22.350324630737305 -8.620574951171875 85.54847717285156
6.579124450683594 -1.218819260597229 173.55836486816406
16.883724212646484 0.060046277940273285 169.61688232421875
-10.039774894714355 -7.945560455322266 8.544885635375977
6.269747734069824 -2.7404398918151855 187.5193634033203
24.02477264404297 6.802395820617676 33.65094757080078
8.255101203918457 -11.129680633544922 71.14303588867188
-61.37632369995117 -3.9489567279815674 150.26080322265625
-5.43986701965332 8.05917739868164 126.83020782470703
-28.2214298248291 -5.2005839347839355 170.46934509277344
-18.744304656982422 8.691954612731934 58.980899810791016
36.431678771972656 -2.19675874710083 135.31466674804688
5.139867305755615 -9.38864803314209 40.521018981933594
15.133926391601562 9.118303298950195 60.33572769165039
38.91920471191406 1.5405471324920654 99.03032684326172
-4.311858654022217 -9.94300651550293 31.33370018005371
-5.775562286376953 -3.974858522415161 3.7232038974761963
-29.66994857788086 5.967967510223389 182.0235137939453
-19.799009323120117 6.050223350524902 136.20030212402344
-18.057228088378906 -7.8342366218566895 25.456554412841797
22.91071891784668 -0.41785240173339844 42.31827163696289
50.197998046875 0.3392237424850464 151.8936004638672
-4.110540866851807 1.1020535230636597 16.020732879638672
34.569175720214844 -7.926945209503174 116.05541229248047
-15.605722427368164 3.0293517112731934 166.11593627929688
-27.61905288696289 1.004542350769043 159.31512451171875
67.66781616210938 -0.3839748501777649 176.57247924804688
-2.532017230987549 0.9542258381843567 186.529052734375
66.0565185546875 -4.359489440917969 175.26385498046875
5.293159484863281 -11.202836036682129 95.46926879882812
-52.239288330078125 5.873210430145264 133.02792358398438
5.889630317687988 14.222870826721191 13.458014488220215
19.48099708557129 12.046725273132324 92.44976806640625
-27.83011245727539 4.331081867218018 80.89435577392578
-27.93463897705078 11.630680084228516 90.42410278320312
1.7350003719329834 7.182783603668213 141.2851104736328
27.59839630126953 4.251117706298828 198.4254150390625
-34.17744827270508 -4.444168567657471 193.34864807128906
5.788701057434082 4.620848178863525 2.233992099761963
27.155996322631836 -5.314897537231445 75.29039001464844
-30.727914810180664 -9.638882637023926 110.88106536865234
-0.5289099812507629 -2.0300700664520264 220.383544921875
-24.134765625 1.365522027015686 35.31553268432617
-21.97087860107422 -2.7225406169891357 32.12640380859375
-10.523627281188965 0.6669971942901611 155.4956817626953
-20.595293045043945 5.816231727600098 125.5335464477539
-3.1695356369018555 -4.474027633666992 185.47886657714844
25.740283966064453 3.3640358448028564 51.01459884643555
-25.852081298828125 0.543956458568573 136.05029296875
60.0177116394043 0.5028342008590698 172.63092041015625
40.44308090209961 -1.900916337966919 108.02542877197266
26.07855987548828 3.1539595127105713 59.23492431640625
-14.284744262695312 12.681916236877441 15.569968223571777
-24.064767837524414 -7.011297225952148 146.21629333496094
26.860881805419922 4.491901397705078 157.9945526123047
-23.446407318115234 8.366922378540039 11.967926979064941
16.5578556060791 -5.234068393707275 157.92913818359375
23.056564331054688 -5.353729248046875 175.1827850341797
-17.533679962158203 7.937309741973877 140.40638732910156
-4.338578224182129 -1.3328264951705933 145.4204559326172
-0.3167872726917267 12.207069396972656 44.61907958984375
-19.99582862854004 8.45444107055664 24.000364303588867
-0.7537147402763367 -5.2786078453063965 194.79132080078125
13.442675590515137 -7.572997093200684 17.09251594543457
19.060516357421875 -8.431645393371582 22.700658798217773
27.475374221801758 -4.401169300079346 185.65818786621094
20.475313186645508 8.53813362121582 137.6123504638672
37.6174430847168 -4.6321492195129395 95.72648620605469
26.492259979248047 7.627441883087158 75.73499298095703
-22.591400146484375 -2.8223717212677 76.1211929321289
-20.49455451965332 0.522434651851654 50.637657165527344
-30.66823387145996 4.1911139488220215 206.1563262939453
