-10.891385078430176 -23.138282775878906 0.4990426301956177
5.244296073913574 20.87128448486328 -25.728700637817383
-4.013258934020996 21.498485565185547 -29.42167854309082
-40.637046813964844 0.30374395847320557 0.9011222124099731
-21.101348876953125 4.945583820343018 -4.563432693481445
-7.6281657218933105 19.401676177978516 -31.7078914642334
-3.8687736988067627 -23.815444946289062 6.279677867889404
-45.375938415527344 7.489294052124023 17.134876251220703
-12.471658706665039 18.896909713745117 -29.58819007873535
-22.594572067260742 35.460357666015625 26.38810157775879
15.3541898727417 -25.651100158691406 -21.471118927001953
-24.921045303344727 4.129019737243652 7.73394775390625
-17.66000747680664 -21.913761138916016 -9.674171447753906
50.03407287597656 20.79801368713379 15.448960304260254
-27.88697052001953 -7.637645244598389 -29.656911849975586
26.72332191467285 -5.560703754425049 -5.392900466918945
13.351187705993652 -2.3957035541534424 18.92791175842285
45.78408432006836 9.995153427124023 11.999532699584961
24.33522605895996 -3.1414413452148438 -23.607738494873047
30.04743003845215 33.2804069519043 26.897132873535156
-39.91659164428711 32.137882232666016 24.96430015563965
23.282833099365234 36.465614318847656 25.163114547729492
-43.75411605834961 -1.9705909490585327 12.975973129272461
-18.66436004638672 -18.605093002319336 -18.65229034423828
33.1789665222168 -8.082354545593262 3.53226900100708
-23.75223731994629 -8.044784545898438 -17.754743576049805
36.53371810913086 1.5589447021484375 -0.2453860640525818
19.250782012939453 8.511940956115723 -1.026541829109192
-29.437183380126953 -5.098579406738281 2.035740613937378
31.5977783203125 -2.8839657306671143 -2.6092514991760254
-19.249650955200195 6.5911993980407715 -0.36656269431114197
3.4787583351135254 -23.66876220703125 6.941394805908203
-22.681156158447266 11.366629600524902 -34.8484992980957
-8.66188907623291 41.58171463012695 30.322961807250977
-41.27008819580078 7.643185138702393 13.850046157836914
41.21658706665039 3.711144208908081 14.331496238708496
-17.19596290588379 9.797000885009766 -5.8396124839782715
-15.410290718078613 11.27426528930664 -1.8366252183914185
-8.603276252746582 14.787675857543945 13.436596870422363
-21.631193161010742 -13.595242500305176 -12.138890266418457
-11.953680992126465 4.3690900802612305 17.116567611694336
-19.906171798706055 -0.802631139755249 16.191329956054688
-28.1451473236084 33.29777145385742 27.530685424804688
5.161739826202393 17.46615982055664 -2.1149981021881104
2.092784881591797 18.69183349609375 -8.798391342163086
6.737058162689209 -30.127857208251953 -23.359230041503906
26.286436080932617 -1.8154773712158203 -27.61690330505371
5.164758205413818 -5.983747482299805 20.64826202392578
17.63545799255371 -11.808892250061035 12.727744102478027
11.174099922180176 -29.317636489868164 -19.275144577026367
-23.10277557373047 -0.2853379547595978 -14.974886894226074
-10.534210205078125 -20.817407608032227 9.487610816955566
-31.359750747680664 2.494262218475342 0.18232063949108124
13.603546142578125 13.041645050048828 3.0659563541412354
-12.037820816040039 14.441845893859863 3.9404032230377197
-2.4940848350524902 -27.397390365600586 -4.687959671020508
24.435644149780273 -11.001065254211426 -9.615693092346191
-21.882972717285156 -18.546451568603516 -21.16202163696289
-15.186312675476074 36.95598220825195 27.64133071899414
12.003724098205566 16.75167465209961 -19.46978759765625
-17.72882843017578 16.84722328186035 -35.73862075805664
-3.811007261276245 -16.279809951782227 16.626407623291016
0.4998365640640259 15.84127140045166 16.79349136352539
24.85542869567871 6.334348678588867 -32.5117073059082
17.727901458740234 15.790986061096191 -32.28379440307617
-0.4064684510231018 11.958808898925781 16.031648635864258
-24.7232666015625 32.921958923339844 26.062088012695312
-18.117612838745117 -18.044710159301758 -8.501452445983887
4.704514980316162 1.738224983215332 22.888877868652344
-5.437166213989258 3.6932883262634277 20.705842971801758
-45.35279846191406 21.439783096313477 18.8184871673584
-20.37174415588379 -23.20115089416504 -22.482784271240234
-48.837642669677734 9.387084007263184 12.78703498840332
34.30313491821289 33.13017272949219 23.5888729095459
-9.52955150604248 18.8583927154541 -22.06387710571289
3.7072365283966064 -16.806087493896484 16.926868438720703
-27.534744262695312 36.15074157714844 26.769018173217773
-3.2958016395568848 -25.591079711914062 -7.753742694854736
44.873863220214844 15.34426498413086 19.812599182128906
-25.500226974487305 -5.295236110687256 -14.531806945800781
-39.83610534667969 -4.754662036895752 5.3007049560546875
19.321449279785156 -15.675824165344238 -9.201616287231445
-48.12305450439453 14.732941627502441 12.765409469604492
-16.486114501953125 -14.951125144958496 10.472461700439453
36.00912857055664 -3.486367702484131 1.2223033905029297
4.8796467781066895 -28.49516487121582 -16.821908950805664
23.83607292175293 -12.274487495422363 4.012391090393066
-4.083549976348877 19.330041885375977 -22.745807647705078
36.20546340942383 -3.207505941390991 9.744804382324219
24.638383865356445 -2.0458807945251465 -16.564085006713867
0.40010401606559753 12.227163314819336 20.19115447998047
-18.728282928466797 1.2323601245880127 11.886354446411133
40.73898696899414 23.617876052856445 22.149538040161133
-42.929439544677734 7.956416606903076 15.542847633361816
22.613351821899414 -6.247119903564453 3.5903749465942383
-20.93116569519043 -10.301060676574707 10.497376441955566
-24.1699275970459 -8.641496658325195 -2.400017261505127
2.4480090141296387 20.85297203063965 -12.893495559692383
-3.775820016860962 20.76959228515625 -10.512115478515625
14.017287254333496 -21.076967239379883 2.085493326187134
50.02915573120117 10.453239440917969 16.622087478637695
17.30194091796875 18.442829132080078 -39.35401153564453
26.997713088989258 35.179229736328125 24.923688888549805
-18.97406768798828 11.050436019897461 -3.5174551010131836
-32.48478698730469 33.43378829956055 24.730915069580078
17.006893157958984 12.266520500183105 -24.711326599121094
23.170591354370117 3.3925418853759766 -22.521121978759766
6.408812046051025 18.503456115722656 -12.094329833984375
9.385025024414062 17.505220413208008 -2.5554683208465576
-13.015539169311523 15.015279769897461 -10.741401672363281
-7.907545566558838 17.392696380615234 -2.4909095764160156
-41.530208587646484 12.289024353027344 11.732454299926758
-18.624984741210938 -16.4829158782959 2.452317237854004
12.764477729797363 -10.24877643585205 16.50012969970703
8.653091430664062 -25.756994247436523 -9.267363548278809
47.938751220703125 3.72632098197937 10.479768753051758
44.35385513305664 18.47124671936035 14.741830825805664
12.99821949005127 -10.775606155395508 19.679733276367188
12.43269157409668 20.56285858154297 -38.320987701416016
-12.132563591003418 19.928558349609375 -36.54578399658203
-2.5940539836883545 -26.52353286743164 5.996892929077148
27.87885093688965 -6.56046199798584 -29.174482345581055
-10.009502410888672 18.48365592956543 -0.1278800666332245
2.39878249168396 19.110958099365234 -15.374177932739258
-2.3925483226776123 18.235654830932617 -16.716901779174805
-25.387691497802734 35.03575134277344 28.282766342163086
-46.548465728759766 2.294585943222046 10.800464630126953
20.815692901611328 -20.584802627563477 -22.43252182006836
21.91998291015625 34.814781188964844 26.50760269165039
-3.259705066680908 -29.590728759765625 -18.985633850097656
30.928287506103516 30.753332138061523 25.397964477539062
-22.4250545501709 10.297028541564941 -23.04520034790039
6.384205341339111 18.05991554260254 1.92341947555542
-18.70697021484375 34.58884048461914 26.752395629882812
4.489228248596191 19.186542510986328 -20.149412155151367
-41.42034149169922 28.06552505493164 22.205615997314453
26.70098876953125 32.448272705078125 24.692161560058594
12.199142456054688 10.36684799194336 10.250067710876465
41.65340042114258 26.804052352905273 22.017724990844727
-12.057741165161133 -24.91204071044922 -14.468632698059082
-22.83523178100586 -5.00791072845459 -10.474565505981445
13.455435752868652 -25.365924835205078 -8.656431198120117
0.07081270217895508 -2.110809564590454 24.251567840576172
13.20373821258545 17.81679344177246 -24.596834182739258
-15.692184448242188 12.067462921142578 -8.02717113494873
-11.357738494873047 16.00303077697754 -1.9487191438674927
-4.864215850830078 14.661534309387207 8.462433815002441
-7.323639869689941 22.395769119262695 -33.09190368652344
11.560994148254395 19.18439292907715 -28.04155921936035
18.161205291748047 -17.99646759033203 -0.26563817262649536
26.226274490356445 -8.626387596130371 -19.13216209411621
43.0937385559082 -0.02778213657438755 5.806589603424072
-13.836053848266602 -23.155912399291992 -6.606410026550293
12.451909065246582 -21.2132511138916 -2.558093786239624
50.03185272216797 16.30030059814453 17.884737014770508
-24.573942184448242 -7.940067291259766 -9.337575912475586
-7.201335906982422 -15.501287460327148 20.707048416137695
-18.346906661987305 10.064554214477539 -15.779383659362793
-18.66971206665039 -22.29795265197754 -17.52491569519043
15.17647647857666 4.942814350128174 13.444500923156738
-14.806206703186035 15.316092491149902 -15.23043155670166
22.43023681640625 6.698668479919434 -14.616747856140137
-26.087749481201172 9.76646900177002 -33.40160369873047
-46.27497482299805 24.583364486694336 16.212678909301758
7.6429243087768555 41.30921936035156 30.155376434326172
-3.2142903804779053 47.06859588623047 33.48488235473633
-18.063932418823242 12.435276985168457 -9.428374290466309
10.597550392150879 -18.221866607666016 14.007468223571777
-13.626304626464844 -26.36907386779785 -21.14977264404297
-9.700305938720703 -8.1394624710083 19.398284912109375
-4.9199419021606445 -21.381336212158203 15.782614707946777
42.41471481323242 -0.15134035050868988 13.183189392089844
-26.550594329833984 2.748422145843506 -31.800304412841797
-24.133455276489258 0.9236525893211365 -21.295490264892578
-34.62079620361328 29.84577178955078 24.823598861694336
21.443347930908203 13.238508224487305 -36.888729095458984
-29.001895904541016 -5.386415481567383 12.095418930053711
-44.04713821411133 -3.51998233795166 10.503769874572754
18.298526763916016 10.021123886108398 -16.1205997467041
-18.0188045501709 -23.3109188079834 -23.8631649017334
-23.0650691986084 8.174391746520996 -27.550193786621094
4.537596225738525 14.336604118347168 17.561321258544922
-25.31785774230957 -15.44035530090332 -28.76743507385254
21.369104385375977 4.53508186340332 -0.004858694039285183
11.50450325012207 13.283753395080566 12.6043119430542
-24.275087356567383 -13.363666534423828 -22.642375946044922
39.24605178833008 7.4857282638549805 4.112764358520508
-6.057929992675781 22.410348892211914 -36.91852951049805
2.6254661083221436 23.875276565551758 -42.1457633972168
-16.44752311706543 14.160100936889648 -23.99114227294922
2.6677963733673096 -18.64072036743164 18.48849868774414
13.780889511108398 -24.477569580078125 -3.8925254344940186
23.266130447387695 -9.3430757522583 -20.107807159423828
2.826636791229248 26.008329391479492 -41.715877532958984
15.182089805603027 15.779491424560547 -14.81798267364502
-0.8169007897377014 -10.243265151977539 21.722930908203125
-19.99814796447754 -10.516674995422363 -5.531296253204346
29.638994216918945 -2.4467554092407227 12.432632446289062
22.152042388916016 -3.544046401977539 -11.072386741638184
-21.186025619506836 -1.306071162223816 -11.80319595336914
27.32219696044922 0.9068179130554199 -2.0984091758728027
7.065907001495361 14.918705940246582 15.811957359313965
19.831642150878906 -21.655925750732422 -16.00731086730957
-33.85746383666992 2.172510862350464 12.403779983520508
18.72593879699707 11.9125394821167 -20.797948837280273
-3.381894826889038 20.355588912963867 -16.535146713256836
2.2530980110168457 20.58650016784668 -15.230053901672363
-26.0919132232666 -7.316357612609863 -25.771888732910156
13.872346878051758 37.64609909057617 28.011680603027344
-43.768035888671875 6.587824821472168 5.523143768310547
-22.929840087890625 2.934994697570801 -8.682208061218262
7.464782238006592 7.370261192321777 18.76998519897461
24.96205711364746 -11.5723295211792 -24.59003257751465
-4.809423923492432 -2.6104202270507812 23.384401321411133
21.560556411743164 4.343227386474609 -10.687674522399902
-13.51327133178711 10.112104415893555 11.699261665344238
-18.028671264648438 8.449515342712402 4.450882434844971
5.794256687164307 14.821441650390625 11.20444393157959
20.90119171142578 -4.759890079498291 14.050273895263672
-51.503173828125 18.383052825927734 15.125070571899414
11.763044357299805 -25.831218719482422 -1.3639671802520752
-37.42517852783203 31.692150115966797 21.556108474731445
-37.06370162963867 1.5717698335647583 9.424816131591797
30.086416244506836 4.714302062988281 7.494297027587891
32.809783935546875 -2.7129642963409424 -1.8778347969055176
17.928237915039062 -20.159822463989258 -15.278904914855957
-46.66908645629883 -1.4078744649887085 6.071727752685547
-7.5688347816467285 17.511978149414062 -12.384214401245117
-12.428617477416992 -16.478755950927734 16.12647819519043
-22.169591903686523 3.7251102924346924 0.5917218327522278
-23.310571670532227 -18.08605194091797 -26.27080726623535
14.878045082092285 -29.734939575195312 -23.715410232543945
-20.86064338684082 -6.474238872528076 1.6311384439468384
16.135419845581055 12.400459289550781 -10.032539367675781
14.009509086608887 16.310983657836914 -9.159147262573242
10.947996139526367 18.626651763916016 -2.323460578918457
15.699345588684082 -24.82093620300293 -14.785722732543945
5.7117767333984375 21.06219482421875 -19.18461036682129
-45.58974838256836 13.603440284729004 17.600887298583984
26.6901912689209 -4.661381244659424 -20.74666976928711
-9.646736145019531 17.015134811401367 -15.686198234558105
-50.73094940185547 17.58751678466797 19.009218215942383
23.231616973876953 -15.675429344177246 -17.036731719970703
-19.501585006713867 -5.22881555557251 7.550800323486328
13.419686317443848 -23.383445739746094 -15.15107536315918
21.616804122924805 10.89111328125 -28.596050262451172
16.635299682617188 34.931514739990234 27.58182144165039
5.622796058654785 22.785993576049805 -33.87995147705078
-2.2408804893493652 23.188735961914062 -34.711761474609375
-3.882892608642578 17.35573959350586 4.0187788009643555
-15.028360366821289 4.463442325592041 19.001008987426758
23.612567901611328 2.258369207382202 -28.002391815185547
-23.79033851623535 -2.4340386390686035 6.266164302825928
-14.29830265045166 -4.199539661407471 18.389205932617188
47.15095138549805 4.962996006011963 5.41487455368042
-30.21849822998047 -3.5301361083984375 -32.2436408996582
