-0.18431179225444794 412.4696044921875 21.776308059692383
48.13608169555664 224.46728515625 -252.7681427001953
-50.865299224853516 494.377685546875 -165.00408935546875
-27.119863510131836 114.78339385986328 -10.460222244262695
-72.03995513916016 153.9823760986328 212.44688415527344
33.220821380615234 476.5229797363281 -436.5847473144531
21.898061752319336 235.18727111816406 -213.55197143554688
-60.73820114135742 280.92266845703125 -419.71148681640625
30.806364059448242 489.1586608886719 -371.1180419921875
31.028928756713867 490.3666076660156 -339.0162353515625
-10.285846710205078 455.0537414550781 -227.74412536621094
11.585821151733398 453.0923156738281 -228.65122985839844
66.99402618408203 306.12225341796875 -113.61783599853516
-59.5942497253418 27.2381591796875 176.60726928710938
-29.406091690063477 190.4573516845703 -129.4038848876953
-16.14683723449707 137.36544799804688 -70.48687744140625
-51.95656204223633 232.136962890625 -248.1186065673828
23.110334396362305 -42.38487243652344 -2.4197752475738525
30.13252067565918 455.5052490234375 -270.6896667480469
58.4976921081543 341.82427978515625 -45.72336196899414
64.76052856445312 125.46478271484375 206.85658264160156
31.943809509277344 471.6043395996094 -353.5989074707031
-55.01416778564453 267.044189453125 -398.728515625
-13.215670585632324 546.2040405273438 -140.8892364501953
-21.160995483398438 339.7115783691406 -108.10113525390625
-3.137171506881714 341.1858825683594 -211.8130645751953
16.074522018432617 192.47650146484375 -27.099323272705078
49.47556686401367 64.39545440673828 192.23226928710938
-32.95806884765625 220.6952362060547 -155.41915893554688
32.70551300048828 306.1823425292969 0.3247759938240051
-81.01747131347656 295.5307312011719 -72.26866912841797
43.664207458496094 -28.847375869750977 143.21676635742188
-24.20817756652832 487.93145751953125 -233.0384979248047
1.0755926370620728 536.337890625 -247.31565856933594
46.07685470581055 215.19778442382812 -94.75037384033203
38.538063049316406 385.84075927734375 -78.03638458251953
-52.06959915161133 13.344003677368164 185.10621643066406
-26.192899703979492 472.4941711425781 -407.3545227050781
32.48566818237305 470.2962646484375 -424.8129577636719
-48.750423431396484 430.4229431152344 -218.7759246826172
60.77425765991211 226.9264678955078 -229.69139099121094
-26.750059127807617 294.18048095703125 27.820180892944336
11.664506912231445 543.3294677734375 -138.78668212890625
-82.98514556884766 283.79986572265625 176.81654357910156
-31.97950553894043 12.705859184265137 96.5033950805664
28.187931060791016 121.3145980834961 -51.48866653442383
-35.19404220581055 334.13763427734375 -171.4500274658203
2.7579543590545654 464.83056640625 -187.77874755859375
-23.571319580078125 470.7165832519531 -106.75849151611328
31.50676727294922 119.23796081542969 -33.32075881958008
-29.07490348815918 128.89035034179688 -29.15981674194336
-16.98142433166504 467.971923828125 -9.40395450592041
-11.438103675842285 136.2791290283203 -2.8922111988067627
-10.523662567138672 -39.26789474487305 -40.038116455078125
54.02415466308594 250.71859741210938 -325.4135437011719
52.85794448852539 242.8352508544922 -38.17527389526367
-6.32015323638916 114.9847183227539 -107.25593566894531
57.618408203125 388.05413818359375 -110.83348846435547
-49.782806396484375 259.5188903808594 -321.7224426269531
-56.30188751220703 251.63539123535156 -451.9613342285156
-31.175291061401367 517.3949584960938 -123.69281005859375
3.1962268352508545 372.9645080566406 -202.30499267578125
27.113752365112305 394.5399475097656 -187.2615509033203
-57.892704010009766 254.9916229248047 -336.585205078125
-59.99929428100586 328.9936218261719 -66.77481079101562
-1.1560959815979004 101.01211547851562 -53.450740814208984
34.585968017578125 458.44476318359375 -54.77101516723633
-64.42234802246094 120.38995361328125 205.238037109375
30.701141357421875 474.6501159667969 -388.4005126953125
30.404260635375977 15.06427001953125 38.15846633911133
-72.36483001708984 433.8976135253906 -145.52317810058594
-53.05447769165039 247.3707733154297 -284.1258239746094
65.36211395263672 468.5316162109375 -127.70979309082031
52.30809020996094 279.1993103027344 -19.5819149017334
45.56720733642578 111.410400390625 215.2561492919922
-28.961322784423828 97.75919342041016 -15.222156524658203
-56.77714538574219 224.4350128173828 -463.1389465332031
52.68669509887695 204.95506286621094 -176.85337829589844
-9.562498092651367 410.5558776855469 -75.18064880371094
-55.33277130126953 -24.315031051635742 106.59071350097656
-35.56975173950195 -14.929061889648438 130.23777770996094
-0.8397232890129089 390.81488037109375 35.72154998779297
-13.79328727722168 316.68414306640625 -6.752882957458496
33.90007019042969 472.7235107421875 -223.794921875
-57.24725341796875 466.0531005859375 -136.37913513183594
-17.489439010620117 478.87841796875 -283.6394348144531
17.84440803527832 481.73358154296875 -271.0631408691406
-49.45060348510742 200.4254150390625 -163.1848907470703
32.84492874145508 475.6369934082031 -300.6474609375
-40.72923278808594 70.3724136352539 203.63592529296875
-71.87708282470703 218.38104248046875 219.14503479003906
-12.44865894317627 500.393798828125 -182.13638305664062
-2.132350444793701 533.9921875 -174.86082458496094
6.462616443634033 238.10440063476562 14.983879089355469
51.14735412597656 268.3975524902344 -358.39886474609375
29.91632652282715 520.1630859375 -76.83470916748047
53.50299072265625 262.2470703125 -384.7873840332031
33.32249069213867 58.21012496948242 24.15258026123047
-30.187725067138672 52.77082443237305 31.57816505432129
-39.36601638793945 271.6698303222656 -171.8549346923828
-78.18253326416016 309.58758544921875 -89.73161315917969
30.84160804748535 100.78141021728516 -17.219572067260742
56.71003341674805 280.1181335449219 -70.96611785888672
52.56043243408203 465.8959045410156 -195.5326690673828
-17.01917266845703 401.4488525390625 -137.98545837402344
20.026670455932617 517.2228393554688 -154.67135620117188
-34.6085205078125 453.33929443359375 -452.96270751953125
-30.962745666503906 474.33135986328125 -384.82635498046875
-31.557392120361328 476.7950439453125 -333.84735107421875
-16.171913146972656 407.0099182128906 -15.870241165161133
40.46388244628906 474.4676513671875 -407.445068359375
-40.11204147338867 110.03030395507812 215.94834899902344
-1.4598554372787476 91.63704681396484 -91.89586639404297
-61.33576202392578 495.1466979980469 -98.92037963867188
71.01361083984375 218.09332275390625 219.40257263183594
-3.7104673385620117 275.931640625 23.35209846496582
-41.27580642700195 225.62535095214844 -209.8101043701172
12.907740592956543 115.17527770996094 -82.63762664794922
53.95616149902344 436.5550842285156 -112.08043670654297
-35.9167594909668 453.3829040527344 -46.29616165161133
-57.79540252685547 265.10430908203125 -212.106201171875
-33.13703918457031 275.5516662597656 -0.4867737591266632
-1.0670326948165894 515.4989624023438 -18.64690589904785
10.596291542053223 95.2201156616211 -35.60851287841797
2.8492178916931152 423.60748291015625 -209.7303009033203
42.749168395996094 25.103729248046875 163.34523010253906
-34.19071960449219 371.1798095703125 -48.99851608276367
25.159704208374023 153.84701538085938 -107.37288665771484
53.882476806640625 20.701772689819336 85.64637756347656
56.83367156982422 1.8282287120819092 120.89431762695312
35.95497131347656 449.9421081542969 -475.943115234375
-1.368873119354248 78.02738952636719 18.478775024414062
-76.16715240478516 338.5997009277344 -101.08704376220703
22.62697982788086 281.7635498046875 25.781089782714844
-22.10174560546875 180.92218017578125 -160.13265991210938
52.55527114868164 250.61607360839844 -272.3019714355469
55.96981430053711 255.05908203125 -166.1177978515625
3.8251469135284424 535.9447631835938 -258.59991455078125
-66.95913696289062 467.0716247558594 -186.7138214111328
15.016800880432129 169.39820861816406 -147.14878845214844
-5.864692211151123 -40.24696350097656 -22.637718200683594
17.686935424804688 254.11915588378906 -18.109983444213867
66.71068572998047 179.7256622314453 221.02757263183594
7.335513114929199 372.5977783203125 -176.67823791503906
-17.171092987060547 278.8648681640625 -98.30207824707031
0.7755407691001892 540.0833129882812 -203.3782958984375
0.8003151416778564 538.1094360351562 -253.76129150390625
0.44789057970046997 42.28812789916992 49.10823440551758
-12.885963439941406 -26.02308464050293 120.81593322753906
31.255046844482422 -19.196489334106445 129.1618194580078
25.95547103881836 378.4841613769531 -9.649821281433105
35.27567672729492 435.17633056640625 -247.83682250976562
-60.94057846069336 297.32232666015625 -34.43638229370117
80.83346557617188 257.5736999511719 205.58554077148438
-30.595046997070312 485.66656494140625 -398.5400695800781
29.59543228149414 491.87628173828125 -389.7262878417969
-34.45619201660156 481.6505126953125 -198.79994201660156
-31.12163543701172 477.5516052246094 -299.1753845214844
-13.405763626098633 351.57989501953125 24.986797332763672
-33.62044143676758 173.0089874267578 -39.70710754394531
62.06239700317383 305.50799560546875 -145.78997802734375
-39.95094299316406 -42.47333526611328 126.87477111816406
-66.27906036376953 424.2604064941406 -101.00106811523438
-36.168251037597656 467.5721740722656 -403.37066650390625
-51.71053695678711 -28.361644744873047 46.344398498535156
-46.60202407836914 259.85235595703125 -451.42218017578125
47.86639404296875 266.8583068847656 -318.35601806640625
47.353172302246094 336.98876953125 -77.84037780761719
-5.182657718658447 148.95623779296875 -123.39826965332031
-65.17454528808594 74.2545394897461 187.5080108642578
40.627506256103516 134.86981201171875 205.46109008789062
-50.502445220947266 223.38217163085938 -83.81970977783203
53.625389099121094 468.8396301269531 -246.53619384765625
58.508155822753906 235.4669647216797 -129.18850708007812
-23.089786529541016 476.12188720703125 -268.8775329589844
4.472568511962891 536.0582885742188 -251.12440490722656
15.342141151428223 482.9541931152344 -262.17169189453125
-44.66304397583008 7.18214750289917 72.05181121826172
33.420719146728516 86.59164428710938 205.6246795654297
4.641351222991943 6.483248233795166 7.960274696350098
-28.521238327026367 424.0686950683594 -484.7261962890625
-24.609638214111328 202.10911560058594 -102.79410552978516
-55.38585662841797 440.598388671875 -169.5147705078125
47.22065734863281 350.1324157714844 -20.959674835205078
-75.09949493408203 27.151275634765625 84.1968002319336
-58.038856506347656 11.871186256408691 117.92556762695312
64.21382141113281 95.59022521972656 188.12921142578125
34.26211929321289 487.23565673828125 -397.75146484375
1.377897024154663 299.5885925292969 -205.79074096679688
-38.09221267700195 501.5581359863281 -63.16292953491211
-33.107582092285156 233.06076049804688 -42.9640007019043
-19.496864318847656 -39.285987854003906 33.76359176635742
5.189516544342041 146.63694763183594 -12.498296737670898
12.943787574768066 208.9940643310547 -130.81948852539062
-60.78839111328125 176.9751434326172 219.53143310546875
33.194480895996094 434.02801513671875 -475.8255615234375
-15.147384643554688 468.3603515625 -241.62374877929688
19.26421546936035 471.32244873046875 -248.62155151367188
28.81093406677246 420.4577941894531 -65.99301147460938
-57.69729232788086 276.1457824707031 -68.31096649169922
35.93391036987305 471.4252624511719 -329.1539611816406
35.81025314331055 -12.2238187789917 90.71153259277344
49.83369445800781 246.20452880859375 -454.664794921875
-53.80271530151367 258.6299743652344 -245.60110473632812
-18.199220657348633 -28.63360595703125 82.64263916015625
-57.0749626159668 311.22601318359375 -133.05154418945312
40.832279205322266 358.4436950683594 -164.18862915039062
48.946231842041016 429.41998291015625 -491.650390625
-39.49093246459961 379.95263671875 -169.80267333984375
0.5386902689933777 256.52880859375 -174.1676483154297
36.934661865234375 194.13075256347656 -132.5642852783203
45.19023132324219 27.645654678344727 69.74060821533203
52.4959831237793 -28.622604370117188 54.93794250488281
-53.15738296508789 243.3712921142578 -320.69708251953125
15.91968059539795 196.44012451171875 -187.51426696777344
44.52283477783203 408.8987121582031 -170.84982299804688
10.659093856811523 -26.826635360717773 -30.96098518371582
-15.443442344665527 541.017333984375 -88.1264877319336
10.49364948272705 12.947957992553711 75.13015747070312
-46.482421875 462.0689392089844 -234.8268280029297
-46.608726501464844 246.1301727294922 -449.3392639160156
-30.775733947753906 1.6996872425079346 20.8380126953125
24.03912925720215 167.6438751220703 -81.10376739501953
21.14617919921875 477.8336181640625 -20.493526458740234
55.18797302246094 268.906982421875 -218.1414031982422
-31.47449493408203 25.064373016357422 173.5533905029297
18.93644905090332 7.564229488372803 156.1328582763672
53.813873291015625 260.10028076171875 -425.7763366699219
-59.44508743286133 235.8709716796875 -155.20587158203125
84.79560089111328 283.6338195800781 180.65525817871094
-23.527477264404297 458.68682861328125 -445.1488037109375
31.918447494506836 457.6971435546875 -450.42120361328125
36.81110763549805 333.0620422363281 -133.2725067138672
6.949851036071777 -44.17985153198242 -42.364295959472656
-57.83553695678711 423.1658020019531 -67.25296020507812
-55.14307403564453 369.6401062011719 -106.84420013427734
-61.59511184692383 247.44850158691406 -112.4355697631836
0.5486475825309753 266.1351318359375 -225.6167449951172
-16.727256774902344 533.0626220703125 -160.5139923095703
-38.52782440185547 430.5635681152344 -253.4684295654297
27.46277618408203 9.857117652893066 126.25929260253906
28.832233428955078 145.2703399658203 -39.086830139160156
8.14454174041748 46.111759185791016 5.633459568023682
84.76226806640625 304.49053955078125 153.52108764648438
-82.39952087402344 323.808837890625 -72.83068084716797
36.04668045043945 -41.2105598449707 37.77639389038086
40.14405822753906 494.5093688964844 -27.188766479492188
4.7433624267578125 475.1380615234375 -111.37416076660156
42.81081771850586 239.05567932128906 -84.02264404296875
-85.06290435791016 310.60430908203125 139.6798095703125
35.065460205078125 299.17510986328125 -163.8554229736328
52.86029815673828 268.20123291015625 -207.1571044921875
-19.56630516052246 210.07608032226562 1.0004781484603882
-44.9553337097168 430.3009033203125 -489.9794006347656
-53.5666389465332 48.25021743774414 159.10345458984375
-29.97520637512207 454.4925537109375 -278.439697265625
