10.874114990234375 -14.333200454711914 44.884281158447266
-7.319777011871338 -15.897307395935059 83.76481628417969
17.991092681884766 -17.441436767578125 87.98438262939453
-16.881792068481445 -12.697771072387695 51.14453125
25.12300682067871 5.14395809173584 -21.982227325439453
48.50078582763672 -8.975189208984375 56.02340316772461
-64.9420166015625 5.435966968536377 29.601919174194336
-10.376627922058105 10.075265884399414 34.866825103759766
-25.11741828918457 -9.442253112792969 81.20091247558594
73.58123016357422 12.025465965270996 18.820680618286133
70.40093994140625 4.899646759033203 33.380008697509766
-8.398399353027344 11.84981632232666 24.649980545043945
15.514213562011719 -6.5000433921813965 -31.339494705200195
-18.327056884765625 -8.29922866821289 11.902463912963867
-14.47595500946045 -17.623727798461914 74.35033416748047
21.948463439941406 -8.37336540222168 -128.75460815429688
0.0840010717511177 -13.21921443939209 43.698020935058594
24.036861419677734 -3.5112268924713135 -17.49623680114746
-22.74203872680664 -5.14292049407959 -19.40021514892578
-13.627586364746094 3.3643925189971924 31.934940338134766
21.964506149291992 8.16401195526123 -3.2425899505615234
9.935715675354004 1.8049019575119019 28.536649703979492
-20.098840713500977 -6.456706523895264 -29.50824737548828
4.6271257400512695 6.006530284881592 104.56365203857422
24.57213592529297 -5.9207048416137695 -91.96073913574219
21.405765533447266 -9.01870346069336 67.40985107421875
2.7361602783203125 -8.735797882080078 103.26494598388672
-14.440208435058594 -8.583465576171875 -107.31108093261719
-56.80642318725586 -10.494189262390137 51.303955078125
51.69644546508789 -7.292807579040527 50.113250732421875
22.225366592407227 -8.485681533813477 -107.92528533935547
83.41785430908203 16.972652435302734 -1.8388996124267578
76.10321807861328 23.204118728637695 8.870753288269043
47.89955139160156 -0.7956204414367676 66.97278594970703
28.77327537536621 -10.887768745422363 -103.13965606689453
-10.094088554382324 8.790000915527344 77.22087860107422
20.803070068359375 5.2213215827941895 -30.395408630371094
-18.26482391357422 1.2109084129333496 72.28209686279297
11.298995018005371 -3.995269298553467 -14.664950370788574
-2.724330425262451 -3.0559914112091064 -19.239370346069336
19.578393936157227 5.1205644607543945 34.88169860839844
27.362960815429688 -7.632221698760986 -52.1049919128418
25.479415893554688 -12.094482421875 -45.590396881103516
-16.710777282714844 -6.123058795928955 -99.12734985351562
19.025144577026367 -15.975739479064941 -8.188577651977539
-50.813316345214844 -6.8008246421813965 50.221649169921875
-12.340909957885742 -0.5560832023620605 81.39218139648438
-61.56679153442383 -7.053116321563721 43.811012268066406
60.13836669921875 -0.8459851145744324 40.03390121459961
-9.010149002075195 -15.549711227416992 -2.552241086959839
-9.110191345214844 -11.874770164489746 -12.193669319152832
3.2776057720184326 -3.643425941467285 -7.997816562652588
30.479955673217773 -11.521939277648926 88.92929077148438
8.579227447509766 6.171318054199219 81.29328155517578
25.371774673461914 -16.150602340698242 -76.24786376953125
26.137399673461914 5.16510534286499 -9.21886920928955
17.83277702331543 3.1118416786193848 80.9394760131836
-19.113656997680664 -8.933466911315918 93.2060775756836
21.95948600769043 -6.244777202606201 24.791183471679688
-24.002437591552734 -8.112232208251953 -85.45498657226562
-7.206614017486572 -4.262756824493408 130.3757781982422
3.769495964050293 5.942101955413818 116.47489166259766
0.507527232170105 4.522434234619141 107.66483306884766
3.043928384780884 -11.395235061645508 126.72319793701172
-26.584135055541992 4.086551189422607 -133.82789611816406
-62.88916778564453 -3.4482007026672363 30.68981170654297
69.14508819580078 -2.297416925430298 42.06113052368164
79.22772216796875 8.557826042175293 11.965341567993164
26.499094009399414 -8.704060554504395 85.77497863769531
-25.77509880065918 12.793971061706543 -135.5889434814453
29.250036239624023 14.929208755493164 -136.2451171875
6.46051549911499 8.45545768737793 12.442032814025879
-38.553314208984375 -11.186796188354492 61.372474670410156
13.503955841064453 6.881340980529785 -4.717030048370361
-33.62099075317383 -5.018296718597412 75.85750579833984
27.184967041015625 5.096261024475098 -134.62002563476562
70.79955291748047 -2.078056812286377 31.58659553527832
19.708654403686523 8.207013130187988 6.74268102645874
9.814108848571777 -4.024724960327148 43.130653381347656
-17.20816421508789 -12.2597074508667 -52.550960540771484
-73.86528015136719 14.412078857421875 11.567131996154785
15.574540138244629 3.4896340370178223 -46.847896575927734
20.118621826171875 -11.964134216308594 -51.48128890991211
-14.710538864135742 -17.46710968017578 -96.31455993652344
52.012657165527344 -1.8615968227386475 56.948123931884766
-15.771286964416504 -13.222567558288574 -38.75385284423828
5.560699939727783 -16.685148239135742 85.59922790527344
-18.422931671142578 -2.5709142684936523 36.57979202270508
19.624862670898438 -21.51282501220703 -86.77323150634766
1.4583126306533813 9.971396446228027 -2.4116196632385254
-34.43398666381836 -16.81987762451172 76.25787353515625
26.14132308959961 -15.371374130249023 -92.1884765625
83.82183837890625 16.27849769592285 -3.133855104446411
83.25145721435547 10.5149507522583 -5.5256195068359375
-40.944149017333984 -4.154767990112305 53.9249267578125
-2.716590642929077 -7.71035099029541 114.56233978271484
17.445087432861328 7.854391574859619 56.573341369628906
-19.33961296081543 7.043665409088135 -10.2462158203125
-9.03569507598877 -15.021294593811035 10.135211944580078
3.7771952152252197 0.08349258452653885 130.80177307128906
25.40973663330078 4.319549560546875 69.11854553222656
-20.076927185058594 -8.787789344787598 -127.71614074707031
75.94291687011719 21.106338500976562 11.522411346435547
-4.772779941558838 -17.67043113708496 93.13996887207031
-17.59639549255371 -9.981119155883789 -86.22271728515625
9.130523681640625 -11.659768104553223 24.310317993164062
-2.7436301708221436 3.050764560699463 127.5604476928711
-54.67470169067383 -2.497231960296631 51.45980453491211
2.842381238937378 -17.631059646606445 126.08467102050781
-15.358304977416992 -7.368038177490234 -125.1870346069336
8.634942054748535 13.208907127380371 37.41230773925781
23.967777252197266 7.318142414093018 -16.781675338745117
23.331876754760742 -18.585498809814453 78.07097625732422
-9.224929809570312 5.7663893699646 -13.979204177856445
-17.522554397583008 3.75840425491333 -24.898611068725586
17.67535400390625 8.027938842773438 -19.017826080322266
0.30939358472824097 0.19471730291843414 86.05473327636719
-9.366950988769531 -5.780435085296631 92.06885528564453
20.030723571777344 -14.482200622558594 57.059391021728516
-22.097932815551758 -5.531518936157227 -94.08296966552734
9.192578315734863 12.126555442810059 69.07347106933594
-19.53931999206543 -15.143900871276855 3.0227038860321045
-3.3860299587249756 5.83357572555542 0.30380094051361084
-58.193153381347656 -8.42145824432373 53.0117073059082
15.269725799560547 -9.837340354919434 98.64102935791016
4.497103691101074 -2.5292022228240967 67.43696594238281
9.817314147949219 -1.9819715023040771 96.38931274414062
23.807994842529297 -13.894791603088379 1.8523238897323608
-0.10717760771512985 12.382902145385742 35.53629684448242
20.28553009033203 -6.370353698730469 -84.9728775024414
19.575632095336914 -13.945531845092773 -79.91789245605469
-15.379547119140625 2.4098825454711914 -4.819935321807861
23.5583553314209 -13.105546951293945 52.886817932128906
23.626638412475586 6.615307331085205 -11.750785827636719
-23.510562896728516 -6.83751106262207 64.06246185302734
56.28956985473633 1.5419420003890991 48.265872955322266
-22.433300018310547 -12.110967636108398 -105.1931381225586
-4.309116840362549 -10.348855972290039 28.67721176147461
-7.512621879577637 -7.478287220001221 -28.25563621520996
82.47237396240234 10.316679954528809 -4.829826354980469
81.23191833496094 5.8205037117004395 -8.278433799743652
19.810020446777344 5.9875054359436035 18.575780868530273
-14.660829544067383 -14.569231033325195 -121.16531372070312
-52.18940734863281 1.1338732242584229 42.145660400390625
-15.742513656616211 -14.838356018066406 90.55934143066406
-5.242955207824707 0.4550762474536896 14.974859237670898
81.43728637695312 2.079545259475708 0.9282515048980713
83.44905853271484 9.527640342712402 -1.383872389793396
60.784488677978516 -6.3148016929626465 48.59064865112305
-17.663026809692383 -9.12972640991211 2.4603610038757324
79.84978485107422 -2.46293044090271 10.800044059753418
-19.46326446533203 -13.29279613494873 -72.04325103759766
65.30888366699219 -7.65008544921875 36.54187774658203
-8.078263282775879 -14.780911445617676 58.984779357910156
-4.692489147186279 -6.275695323944092 108.41990661621094
12.50459098815918 -13.381653785705566 73.6486587524414
44.06037139892578 -10.050684928894043 70.0592041015625
-19.325529098510742 -1.3595072031021118 -127.42820739746094
35.2344970703125 -1.9559483528137207 63.248531341552734
-0.7750393748283386 13.503499984741211 22.22183609008789
-1.0924588441848755 -18.947067260742188 55.626976013183594
-3.0180022716522217 5.53382682800293 120.16777801513672
21.266164779663086 -6.889094352722168 46.06382369995117
-13.956742286682129 -7.4698004722595215 25.96817398071289
-10.757505416870117 -15.628576278686523 -69.84494018554688
-1.4802484512329102 -16.619661331176758 121.74932098388672
-58.59333038330078 -9.983241081237793 44.619083404541016
21.41004180908203 -3.6605026721954346 -42.652626037597656
13.596952438354492 5.174431800842285 84.3714828491211
10.810774803161621 -6.403794765472412 -51.265438079833984
-10.789734840393066 -5.257855415344238 -54.19441223144531
-7.362123489379883 8.404409408569336 48.3994255065918
0.3865974545478821 -17.71253776550293 6.924724102020264
-21.203025817871094 5.962772846221924 -135.7860870361328
-21.673620223999023 -9.136940956115723 -44.904518127441406
-8.463456153869629 -7.214468002319336 -44.20744705200195
-15.095808029174805 -4.984529972076416 -112.4305191040039
23.460254669189453 -0.06455737352371216 -1.8210018873214722
68.78882598876953 -8.720086097717285 40.12899398803711
11.018424034118652 3.0250167846679688 -27.175168991088867
-1.8919146060943604 -2.2726800441741943 -25.39894676208496
7.486266613006592 -16.752927780151367 54.222755432128906
13.011961936950684 -10.498321533203125 -44.71015167236328
10.489706039428711 -7.382089138031006 129.54315185546875
14.32484245300293 -11.504110336303711 -26.675853729248047
-18.947982788085938 -14.977691650390625 -135.58688354492188
-3.2195146083831787 13.058207511901855 2.986330032348633
-6.258090972900391 13.289045333862305 19.058298110961914
18.36358642578125 9.607240676879883 76.38220977783203
21.770673751831055 -6.891475677490234 15.416540145874023
-48.24734878540039 0.5420227646827698 55.445518493652344
83.44876861572266 15.074976921081543 0.8181885480880737
76.31459045410156 20.601024627685547 10.31036376953125
83.33023071289062 10.794573783874512 -1.3268406391143799
-11.238093376159668 -16.91476821899414 92.25296020507812
12.49531364440918 -8.449868202209473 -59.85995101928711
-56.64244842529297 -6.159634113311768 36.831451416015625
-73.51905059814453 5.067601203918457 14.69382095336914
14.396276473999023 -15.671123504638672 -21.539894104003906
-13.517280578613281 -5.597519874572754 44.748104095458984
20.979440689086914 -17.76887321472168 -103.24894714355469
-8.044602394104004 12.699202537536621 12.95242691040039
-5.972135543823242 -2.9358646869659424 120.97200775146484
17.922985076904297 -3.222851276397705 -55.84772872924805
9.350754737854004 -18.14521598815918 17.265705108642578
-1.8510689735412598 -18.01051139831543 18.185306549072266
24.646364212036133 -7.78141975402832 -121.73867797851562
65.86820220947266 2.3801610469818115 36.226139068603516
6.187039852142334 9.687541961669922 3.5077931880950928
-6.3970561027526855 5.020559310913086 -27.347530364990234
-61.200218200683594 -0.34925153851509094 37.393924713134766
4.515494346618652 -21.126802444458008 70.90060424804688
-21.41897964477539 -7.860445499420166 -41.05753707885742
33.108272552490234 -1.1162478923797607 79.3913345336914
-14.163867950439453 6.261310577392578 17.333511352539062
-6.287276268005371 13.708537101745605 35.76533889770508
70.3274917602539 2.5233349800109863 37.19976806640625
72.72564697265625 6.230135917663574 28.672414779663086
-19.03754997253418 -5.79802942276001 -113.51532745361328
-24.59319496154785 3.05545711517334 -130.37844848632812
62.04542541503906 0.6609575748443604 47.72648239135742
-35.477474212646484 -15.875509262084961 69.00212097167969
-61.44805908203125 -9.306062698364258 37.05573654174805
10.732755661010742 -8.278350830078125 114.0362777709961
53.703617095947266 -11.938048362731934 59.38943862915039
15.936997413635254 -12.525261878967285 -67.22850799560547
17.05962562561035 -12.70181941986084 -92.66637420654297
-21.436368942260742 -5.90913200378418 -9.065733909606934
33.18501281738281 -13.35554313659668 73.21759796142578
-0.8485650420188904 9.836250305175781 65.7062759399414
-54.75847244262695 -10.489229202270508 45.286808013916016
-17.668001174926758 4.294372081756592 4.765908718109131
-42.69566345214844 -5.82241678237915 62.363807678222656
-76.30160522460938 -2.4482028484344482 0.9010680913925171
9.837297439575195 -0.9570423364639282 115.0838394165039
8.147879600524902 14.03039836883545 48.760799407958984
-21.22089958190918 -13.210060119628906 -19.181533813476562
-16.01619529724121 0.3170875310897827 -45.2708740234375
53.42087936401367 -2.6076581478118896 47.06710433959961
-15.924969673156738 -14.901556015014648 -113.06770324707031
-24.066116333007812 4.792757034301758 76.5989990234375
24.85201072692871 -13.376609802246094 -115.6490249633789
9.202980995178223 13.23967170715332 25.717878341674805
-11.588984489440918 -7.823122501373291 -93.24810028076172
-14.441316604614258 4.874009132385254 60.76896667480469
9.654141426086426 -13.243178367614746 2.3416900634765625
-75.7686767578125 -1.0594099760055542 6.125409126281738
24.279170989990234 -12.071786880493164 -59.64695739746094
-78.4118881225586 9.4901762008667 0.47288939356803894
-76.2857894897461 -1.2813332080841064 0.07675065845251083
-47.77730178833008 -12.99203872680664 64.55122375488281
13.596980094909668 -10.300570487976074 60.809242248535156
22.73417854309082 -5.518569469451904 -71.6419448852539
-14.211274147033691 -7.590866565704346 -64.65166473388672
-17.824844360351562 -20.02497100830078 -85.10586547851562
25.9599609375 -11.820165634155273 -129.4296417236328
