100.34152221679688 55.3270149230957 93.61531066894531
-56.56696701049805 -122.89337158203125 275.0549621582031
60.886714935302734 -0.9705883264541626 18.284242630004883
39.7507209777832 -24.433629989624023 27.16182518005371
114.22137451171875 8.367520332336426 -78.18234252929688
73.27851867675781 24.759719848632812 -49.236576080322266
19.967796325683594 39.56418991088867 44.826297760009766
-110.47796630859375 48.32148742675781 -22.47105598449707
11.870270729064941 -52.28217315673828 -78.28288269042969
22.54645347595215 49.67483139038086 -44.33173370361328
55.44252395629883 -3.114065408706665 -47.19623565673828
-18.79410743713379 56.07620620727539 213.61569213867188
-26.88370132446289 91.5172348022461 254.65628051757812
11.45323371887207 -46.71755599975586 -14.844350814819336
-133.41749572753906 8.48157787322998 -69.65119171142578
93.7195053100586 100.36396026611328 -57.50303268432617
-64.54437255859375 117.93898010253906 -77.75010681152344
6.236698627471924 -99.36351776123047 122.36479187011719
-19.121213912963867 26.94843864440918 225.8509979248047
58.458221435546875 27.930362701416016 -61.902278900146484
42.49121856689453 -21.99947166442871 203.48297119140625
-57.797340393066406 -47.544410705566406 284.7236328125
-25.413928985595703 43.154170989990234 172.97386169433594
29.04648208618164 130.65362548828125 -52.258148193359375
-47.077877044677734 18.833494186401367 -57.89488220214844
12.833819389343262 -46.45484924316406 248.12184143066406
-41.8455924987793 104.35819244384766 253.3616943359375
-32.242374420166016 54.813907623291016 193.77769470214844
-105.40149688720703 -55.231449127197266 -71.08788299560547
-114.20033264160156 -75.94384002685547 -73.66808319091797
5.925665378570557 -115.18706512451172 40.37887954711914
-52.11602020263672 -87.0248031616211 271.4189453125
-79.13491821289062 -50.893333435058594 269.7319641113281
-97.10665130615234 46.618839263916016 119.5928726196289
58.50894546508789 -107.1729507446289 257.1904296875
6.806642532348633 122.75048065185547 -73.17671203613281
-80.4676284790039 58.954689025878906 100.06549072265625
-23.358474731445312 5.463267803192139 140.81771850585938
117.54486083984375 58.59498977661133 249.15322875976562
-64.69105529785156 -0.4610404968261719 -5.891331195831299
-92.36518859863281 62.525394439697266 -43.47451400756836
18.236783981323242 -110.66104888916016 125.44618225097656
17.92270851135254 56.17490768432617 205.975830078125
58.135135650634766 -25.11512565612793 248.73716735839844
15.689757347106934 -111.21965789794922 70.37544250488281
-53.09808349609375 -11.635552406311035 -34.06474685668945
55.6895637512207 -28.80562400817871 -11.345561981201172
-119.66004180908203 -66.43711853027344 262.537109375
133.67762756347656 19.36127281188965 -52.01779556274414
21.404281616210938 -127.97784423828125 -64.32290649414062
22.122283935546875 -56.740570068359375 -26.344650268554688
-21.698379516601562 -62.519920349121094 265.7632751464844
-95.98233795166016 -6.378354549407959 -52.764888763427734
-3.6436493396759033 58.61469268798828 188.2200927734375
102.57842254638672 52.06436538696289 287.0249328613281
-23.108341217041016 19.382312774658203 61.97850799560547
-40.444129943847656 -16.997295379638672 247.8113250732422
-18.613876342773438 43.07036590576172 -89.71788787841797
134.15269470214844 -0.8674630522727966 266.9925537109375
-37.149478912353516 -114.62934112548828 -55.790706634521484
-19.660934448242188 -113.9284896850586 -46.52549362182617
-60.64289855957031 -115.65142822265625 -74.62041473388672
-143.23956298828125 9.889138221740723 -57.610801696777344
-2.5444440841674805 3.730998992919922 20.622220993041992
-100.21002197265625 69.50762176513672 116.43710327148438
-12.794794082641602 -51.69118118286133 210.35948181152344
3.1642980575561523 -104.23503875732422 135.35745239257812
-95.77318572998047 49.92948913574219 41.70262908935547
4.43568754196167 -120.56631469726562 128.12078857421875
-21.717090606689453 -29.520313262939453 268.707275390625
-72.95539855957031 116.04993438720703 268.966552734375
10.225558280944824 -48.06855010986328 175.6613311767578
-12.774129867553711 -19.114261627197266 160.33409118652344
-46.16564178466797 15.350278854370117 170.0567169189453
5.382637023925781 -105.70784759521484 200.67237854003906
30.79429817199707 -58.27633285522461 206.7958526611328
-20.87233543395996 -0.2595495283603668 72.59027862548828
-136.59669494628906 25.846145629882812 -74.25502014160156
-116.42261505126953 44.94522476196289 -50.299224853515625
-99.00393676757812 57.49085998535156 170.2196502685547
-36.544395446777344 -34.06140899658203 171.5665740966797
113.1805191040039 -76.4531478881836 -57.22531509399414
-48.969295501708984 8.103351593017578 23.096139907836914
-37.180023193359375 47.71135330200195 -33.32149887084961
-70.51026153564453 60.10860824584961 -54.14166259765625
-36.589691162109375 118.96432495117188 -58.66098403930664
3.530771017074585 123.22727966308594 270.58868408203125
-95.83772277832031 58.53297805786133 234.28671264648438
69.40998077392578 -105.1653060913086 271.79638671875
33.97345733642578 -27.143020629882812 156.5282745361328
55.689979553222656 -2.7722463607788086 -21.44912338256836
93.81300354003906 43.66645431518555 -25.06975746154785
21.911359786987305 -27.731237411499023 -42.67933654785156
75.10554504394531 -124.12049102783203 259.4956359863281
-44.748619079589844 -8.350204467773438 40.326805114746094
-48.67523193359375 -34.91734313964844 -33.303749084472656
-87.16699981689453 -22.435890197753906 -51.97924041748047
24.206745147705078 -101.96572875976562 -55.3794059753418
61.38981246948242 2.055199146270752 234.76214599609375
94.57103729248047 -9.003458023071289 257.3529357910156
11.221077919006348 -111.1881103515625 -12.09022045135498
-70.2504653930664 92.39995574951172 -74.29991149902344
92.0099105834961 61.77096939086914 68.74361419677734
4.184433460235596 14.877583503723145 -86.75840759277344
-103.13060760498047 61.851261138916016 205.4656524658203
-18.809654235839844 129.71530151367188 -55.44647979736328
-75.966796875 -120.89068603515625 -59.1168327331543
-0.7765978574752808 -113.73466491699219 166.2967071533203
3.4203219413757324 1.6606228351593018 101.89695739746094
-0.5198594331741333 -113.6803970336914 -36.70588684082031
56.22050476074219 127.68315124511719 257.0552673339844
-20.83957290649414 34.13560485839844 257.6366882324219
-7.198718547821045 5.704116344451904 104.45072937011719
-15.42575740814209 -6.608097076416016 197.36419677734375
-36.39262008666992 120.08636474609375 274.8241882324219
-31.615747451782227 25.691980361938477 147.72755432128906
-15.04794692993164 48.738006591796875 -17.200294494628906
104.7172622680664 65.5484619140625 -1.6823782920837402
5.715550899505615 -5.640870571136475 65.03995513916016
43.22502517700195 1.3748258352279663 156.30337524414062
109.90599060058594 52.11511993408203 85.02762603759766
91.11680603027344 -84.96527099609375 -53.058258056640625
9.60709285736084 -111.75296020507812 245.37738037109375
-101.07217407226562 -82.95649719238281 274.5077819824219
67.41551971435547 108.4081802368164 -70.03441619873047
5.953271389007568 -19.926910400390625 130.03228759765625
-13.719545364379883 -109.69547271728516 134.0740203857422
-86.76261138916016 -102.59110260009766 256.703125
-115.30318450927734 -35.77794647216797 -55.243011474609375
-119.7254867553711 38.2784423828125 -75.35686492919922
-0.356060653924942 -112.90058898925781 95.95081329345703
-96.55912017822266 44.22154998779297 65.75444793701172
95.76513671875 57.238380432128906 113.3722152709961
-101.41813659667969 67.43661499023438 18.392927169799805
-105.19185638427734 50.08223342895508 75.32267761230469
-13.654512405395508 35.31932830810547 42.35041046142578
59.32345962524414 -3.7632532119750977 178.36183166503906
-106.68408966064453 88.62102508544922 -70.46855926513672
33.61888885498047 46.112823486328125 229.41282653808594
85.30493927001953 61.77521514892578 -39.53736114501953
-118.82914733886719 72.04497528076172 274.1822204589844
37.38533401489258 82.81884765625 -70.02652740478516
-104.27103424072266 56.835906982421875 0.8838880062103271
-52.85014343261719 -38.15702438354492 -15.053132057189941
6.60893440246582 -122.1011734008789 4.917288780212402
-47.835487365722656 -10.84130859375 162.48294067382812
-138.40948486328125 -8.204106330871582 257.23187255859375
-92.3432388305664 63.48208999633789 49.026939392089844
-25.506187438964844 -45.79703903198242 -48.70203399658203
-54.38997268676758 -10.123751640319824 206.335205078125
23.93321990966797 9.53364086151123 25.78437614440918
37.76399230957031 4.239462852478027 257.14276123046875
-80.23377990722656 -96.71078491210938 -85.73751831054688
49.716407775878906 47.340904235839844 -71.16368865966797
-104.5173568725586 57.67832946777344 31.724760055541992
34.16816329956055 23.107484817504883 -36.75824737548828
97.64383697509766 73.72330474853516 260.65667724609375
44.58428192138672 -42.72087478637695 250.22787475585938
-89.16934967041016 58.12386703491211 142.4492950439453
22.563011169433594 29.22063446044922 145.59120178222656
98.6751480102539 57.293922424316406 31.031299591064453
-86.06127166748047 -14.096575736999512 -72.16014099121094
22.737497329711914 39.09886169433594 195.43093872070312
-90.0564956665039 90.64892578125 267.92840576171875
-32.815372467041016 -38.24240493774414 -2.268705368041992
-120.75385284423828 -39.8426399230957 289.72454833984375
-116.33802032470703 64.39605712890625 -49.30062484741211
-13.883756637573242 -120.373779296875 -79.82996368408203
19.0697078704834 12.904534339904785 182.32736206054688
9.00192928314209 47.45603942871094 20.911319732666016
-92.25047302246094 57.643802642822266 11.405019760131836
-122.82196044921875 -45.073978424072266 269.09759521484375
37.84817886352539 20.601720809936523 151.13819885253906
49.775840759277344 113.79875946044922 270.9473571777344
-2.1279404163360596 -128.5571746826172 -43.2706413269043
-82.15133666992188 -97.68145751953125 -60.072120666503906
-42.62881088256836 -48.05440139770508 216.5158233642578
101.43789672851562 -86.05684661865234 263.0036926269531
-48.38698959350586 38.44493865966797 209.21206665039062
-54.20315170288086 73.12491607666016 255.16897583007812
-86.09291076660156 63.67040252685547 93.3249282836914
-7.949016571044922 -119.13587951660156 42.34764862060547
13.973764419555664 -2.2780582904815674 -30.822731018066406
106.70087432861328 -3.0985827445983887 286.178466796875
-35.844146728515625 31.18105697631836 -6.529650688171387
10.625594139099121 -115.8585205078125 202.32627868652344
104.14976501464844 -48.32715606689453 281.2121887207031
-107.6833724975586 61.01370620727539 -84.42971801757812
73.49922943115234 -111.83770751953125 -70.80240631103516
-11.809552192687988 6.377777099609375 124.13286590576172
-5.170073509216309 -99.0241928100586 -36.70319747924805
-5.297752857208252 -61.50422668457031 -27.918975830078125
5.235415458679199 58.311729431152344 -29.772945404052734
7.175450325012207 96.8175048828125 -56.313438415527344
-98.58787536621094 49.52299118041992 193.01148986816406
-4.247142791748047 -116.997314453125 216.12881469726562
26.85544204711914 -60.04343795776367 286.2187194824219
-132.98252868652344 22.453046798706055 274.925537109375
-109.55979919433594 54.35596466064453 196.1631317138672
-122.76898956298828 -19.8409423828125 -72.78340911865234
104.41297912597656 87.63239288330078 254.44674682617188
101.6489486694336 70.45869445800781 236.26075744628906
4.730295181274414 42.90937042236328 155.06092834472656
-59.21602249145508 -106.88288879394531 256.25592041015625
-53.089107513427734 65.70655059814453 -60.998443603515625
48.70624923706055 24.579132080078125 190.3753662109375
26.450611114501953 0.6434899568557739 136.99452209472656
30.40785026550293 -5.888759613037109 -64.99322509765625
114.09219360351562 70.58173370361328 -86.3777084350586
27.865066528320312 55.043540954589844 1.5178900957107544
-127.21746063232422 59.85681915283203 -55.03086471557617
-39.03069305419922 -21.74457550048828 -63.782867431640625
87.63172912597656 54.24421691894531 -8.252225875854492
50.088783264160156 12.247387886047363 -8.050919532775879
106.7690658569336 57.4902229309082 -41.362178802490234
-101.39083862304688 55.46051025390625 -26.35031509399414
65.16056060791016 124.07135772705078 -57.38816833496094
66.52061462402344 71.24063110351562 -87.47392272949219
39.81547927856445 25.77956771850586 26.738218307495117
-73.4393539428711 45.31663513183594 274.3548278808594
-101.54906463623047 48.18505859375 253.8599853515625
-108.1631088256836 68.00331115722656 72.69823455810547
-98.12089538574219 57.00982666015625 102.43006134033203
-20.87643051147461 -7.288610458374023 -25.40157699584961
-2.2117602825164795 -112.4887924194336 10.44207763671875
98.15229797363281 56.028465270996094 155.33221435546875
-15.547592163085938 -119.82402801513672 125.63594055175781
-14.720429420471191 -119.70175170898438 248.2307891845703
-110.17134094238281 89.54242706298828 287.994140625
4.5795722007751465 58.22058868408203 -68.03047943115234
76.177490234375 114.83503723144531 261.59954833984375
-0.15131554007530212 -128.95669555664062 264.0135803222656
-73.24217224121094 -12.687841415405273 279.7917175292969
108.04456329345703 -69.86827087402344 -80.09378051757812
13.657761573791504 22.6490421295166 64.74344635009766
-9.12527084350586 23.47159194946289 -50.20938491821289
-5.627377986907959 -106.03157043457031 49.18172836303711
-2.4373717308044434 -48.47248077392578 34.37125778198242
110.41893768310547 -48.8570671081543 257.0169372558594
0.18585538864135742 6.130923748016357 0.0266750305891037
-32.638614654541016 75.77172088623047 -75.09284973144531
78.5679931640625 -51.45149612426758 -68.3866958618164
-7.215705871582031 -7.4214396476745605 34.45379638671875
-25.743120193481445 130.79164123535156 -78.12312316894531
-4.230429172515869 -4.422502517700195 236.7927703857422
130.26356506347656 -14.95988655090332 -70.23473358154297
13.099580764770508 58.04538345336914 262.9483337402344
-92.41043090820312 61.82413864135742 70.32966613769531
-49.64304733276367 24.79024887084961 -24.800716400146484
-98.94134521484375 34.092342376708984 -48.445491790771484
-101.49374389648438 41.03084182739258 -29.0894775390625
100.32186126708984 52.26439666748047 -1.6046091318130493
-119.61173248291016 -2.7580671310424805 273.5578308105469
99.41951751708984 43.38320541381836 257.25433349609375
99.02875518798828 56.928924560546875 218.2503662109375
37.34592819213867 128.0919952392578 -69.36893463134766
