-50.445674896240234 5.914481163024902 20.927785873413086
-1.1091930866241455 -41.121395111083984 16.08925437927246
19.01164436340332 -76.58665466308594 79.2522964477539
-24.43584632873535 32.42496871948242 10.994307518005371
5.711782455444336 -6.149143695831299 76.00659942626953
-3.720494508743286 -23.00820541381836 15.966876983642578
-21.346948623657227 -70.33548736572266 62.29935836791992
-9.21538257598877 -62.72251510620117 68.83061218261719
13.170852661132812 -55.58626937866211 53.51932144165039
-17.26859474182129 -48.226234436035156 56.76902389526367
-11.093713760375977 -38.269432067871094 8.923466682434082
-40.648555755615234 41.24496078491211 9.409992218017578
26.09396743774414 -32.383975982666016 34.170108795166016
-6.432974338531494 -44.724273681640625 10.604086875915527
-29.240909576416016 35.39429473876953 16.775619506835938
-8.20020866394043 -29.509023666381836 78.73812866210938
12.897027015686035 -47.0650634765625 44.65024948120117
-6.091588020324707 11.62369441986084 46.84882354736328
-67.95849609375 24.654361724853516 13.570385932922363
-4.117732524871826 -1.4341480731964111 33.03615951538086
-20.944015502929688 -35.865447998046875 79.89654541015625
40.23540496826172 60.967506408691406 4.938695430755615
-4.204764366149902 -70.60230255126953 71.22114562988281
34.47290802001953 0.7044446468353271 13.845114707946777
-7.356922626495361 74.56745910644531 24.723955154418945
-5.962972640991211 -44.38047409057617 96.62649536132812
24.594743728637695 -62.9027099609375 61.11927032470703
43.23594665527344 3.342482805252075 5.324516773223877
-43.25544357299805 29.613122940063477 14.71959400177002
-26.605831146240234 25.896080017089844 5.207535743713379
61.057003021240234 6.529963493347168 15.723102569580078
2.9938466548919678 52.38970947265625 11.0411958694458
15.716089248657227 14.197395324707031 30.47755241394043
18.171445846557617 -62.923763275146484 26.145097732543945
68.30763244628906 12.767144203186035 10.58396053314209
6.808948993682861 -82.65357971191406 65.89116668701172
62.36775207519531 15.19973373413086 23.353853225708008
-6.770721435546875 79.50104522705078 19.39577865600586
6.084998607635498 -54.50727462768555 6.018026828765869
-45.779930114746094 3.9366488456726074 3.9702377319335938
68.9146499633789 13.135135650634766 35.76481628417969
-5.0717949867248535 -7.000027179718018 4.56043815612793
17.61037254333496 -32.4767951965332 51.96452713012695
-10.01317024230957 -42.66607666015625 4.2880072593688965
-62.54177474975586 48.03445816040039 14.879504203796387
16.256479263305664 -6.607970714569092 43.471717834472656
-44.521785736083984 -34.847496032714844 11.82071590423584
53.67625427246094 -53.52214050292969 14.026779174804688
-0.8572859764099121 -31.84309196472168 19.4200496673584
-0.5119304060935974 8.990192413330078 36.83948516845703
-69.8034896850586 22.64812469482422 19.99209976196289
27.70084571838379 31.204998016357422 13.344423294067383
-3.8900322914123535 -12.735279083251953 80.44744873046875
-0.8953740000724792 -12.73872184753418 68.8746566772461
-26.20587730407715 25.61916732788086 7.750893592834473
24.77137565612793 -25.25059700012207 35.22732925415039
23.273441314697266 -58.495487213134766 81.47919464111328
27.473583221435547 -39.08007049560547 80.4167251586914
7.743457317352295 28.345197677612305 12.085677146911621
13.537285804748535 22.99591827392578 10.482830047607422
8.049455642700195 -65.59564971923828 11.368171691894531
-9.566459655761719 -71.4447021484375 49.59860610961914
-8.459663391113281 68.29095458984375 26.534502029418945
56.48334884643555 0.8990393280982971 5.61669921875
-35.78093719482422 33.858699798583984 8.871417045593262
-17.978912353515625 21.717710494995117 21.96254539489746
-93.94278717041016 32.21146011352539 3.99765682220459
-8.044593811035156 7.328673362731934 20.26182746887207
1.977713942527771 -42.903018951416016 97.00729370117188
33.85408401489258 35.62015914916992 13.826066970825195
3.6493730545043945 46.6198616027832 4.240957260131836
5.009618759155273 -7.734194755554199 79.67330169677734
-5.37679386138916 -0.5348197817802429 3.5484330654144287
10.25170612335205 -15.898287773132324 38.80929183959961
25.29299545288086 -3.9201819896698 28.897300720214844
17.688180923461914 -4.057043075561523 33.80670928955078
-63.737388610839844 -50.04425811767578 7.626171588897705
-8.212029457092285 -43.60685348510742 47.307373046875
3.17628812789917 -6.797847747802734 53.86155700683594
1.659589171409607 -13.5963134765625 45.512428283691406
-6.5605621337890625 48.831016540527344 10.917757034301758
-25.040218353271484 17.5087947845459 8.148215293884277
0.47136515378952026 24.815465927124023 25.3728084564209
-40.08088302612305 7.238821983337402 14.873785972595215
45.47837448120117 49.90009689331055 8.294395446777344
0.6848291158676147 23.26519012451172 31.201519012451172
-1.6592414379119873 53.58968734741211 17.21384048461914
-73.89160919189453 17.202157974243164 16.185829162597656
-6.699579238891602 64.5979232788086 6.290743827819824
8.41010856628418 -60.562835693359375 6.160818576812744
16.583309173583984 -18.301156997680664 77.78577423095703
52.04013442993164 -56.825538635253906 20.689250946044922
4.322117805480957 47.06232833862305 13.535454750061035
2.1398797035217285 -43.70940017700195 90.07823181152344
66.6932373046875 16.8797550201416 26.220848083496094
23.23954963684082 -47.09963607788086 74.5763168334961
-22.691726684570312 31.55636978149414 20.397994995117188
0.5410138368606567 -49.173851013183594 93.82017517089844
-8.303866386413574 7.804755687713623 52.6307258605957
19.396373748779297 -31.236961364746094 27.81023406982422
-9.431516647338867 -37.37383270263672 80.54606628417969
1.980527639389038 7.247501850128174 24.01268768310547
-33.034385681152344 -32.76211166381836 9.589523315429688
-5.367280960083008 -43.45634460449219 76.4184341430664
-64.15325164794922 5.346970081329346 14.445818901062012
59.30327224731445 -58.31919479370117 7.6340742111206055
-12.964594841003418 18.819366455078125 27.58208656311035
-6.930177688598633 -37.775238037109375 97.64213562011719
-49.529258728027344 38.18718338012695 14.79005241394043
2.417785167694092 -32.565940856933594 88.88284301757812
40.66318130493164 59.38482666015625 11.067204475402832
-8.054606437683105 -22.32390785217285 44.090972900390625
-76.85515594482422 25.174236297607422 16.757776260375977
24.922685623168945 26.003576278686523 19.20697021484375
6.615127086639404 -15.831245422363281 34.411678314208984
-39.10862350463867 -31.90483856201172 16.375354766845703
-9.437545776367188 -5.833853721618652 63.012977600097656
6.453532695770264 23.394922256469727 16.3501033782959
24.69724464416504 -35.070255279541016 28.726572036743164
7.789816379547119 -70.48373413085938 91.59888458251953
-20.06233024597168 -68.63138580322266 65.23991394042969
36.52099609375 39.248497009277344 14.2147216796875
-58.925716400146484 -38.2824821472168 4.61394739151001
52.041446685791016 3.613558053970337 14.32542610168457
71.63868713378906 15.24637222290039 25.155704498291016
6.1726155281066895 12.908440589904785 28.219907760620117
-35.16813278198242 34.05080032348633 20.327316284179688
-86.44312286376953 30.141263961791992 9.868321418762207
23.02827262878418 -22.921659469604492 15.477558135986328
2.971090316772461 -56.22248077392578 79.9431381225586
4.293260097503662 -80.18447875976562 88.97372436523438
-5.712612628936768 -6.7121710777282715 39.15601348876953
-17.559791564941406 -28.548202514648438 51.2666130065918
-22.472814559936523 -70.0643539428711 81.15493774414062
-6.057759761810303 72.44096374511719 11.823637962341309
9.781442642211914 -52.67980194091797 48.98643493652344
49.49187088012695 -44.9209098815918 26.875669479370117
-44.9479866027832 7.79204797744751 13.03859806060791
25.37282943725586 -58.380985260009766 85.31793975830078
31.089214324951172 24.478378295898438 6.639244079589844
13.370699882507324 2.883474111557007 16.406414031982422
-2.5712802410125732 -68.03044128417969 57.63835906982422
-42.689579010009766 -6.388874053955078 13.051145553588867
12.235400199890137 -37.32261276245117 89.91017150878906
68.29389953613281 15.606623649597168 32.968475341796875
36.93827438354492 31.5467586517334 3.9026904106140137
45.97542953491211 54.22382354736328 10.556697845458984
42.669090270996094 -49.45756530761719 29.462322235107422
-6.0223846435546875 -53.294410705566406 95.96269989013672
-24.649110794067383 -52.18611145019531 77.50980377197266
-18.932546615600586 -53.490966796875 67.75706481933594
-34.05896759033203 -34.04300308227539 18.083396911621094
-43.91808319091797 -35.6363639831543 3.388420820236206
24.465328216552734 -58.818031311035156 61.59735107421875
12.135491371154785 -71.4722671508789 51.03110885620117
45.13528823852539 38.50721740722656 6.088150501251221
11.586864471435547 -58.60979461669922 65.32496643066406
20.415180206298828 26.336816787719727 11.141483306884766
-12.837388038635254 -15.94029712677002 68.47554016113281
-4.698128700256348 -81.63839721679688 58.95508575439453
67.06369018554688 11.163241386413574 18.65270233154297
2.25821590423584 -57.897193908691406 14.470266342163086
-9.032876014709473 -10.130287170410156 12.03345012664795
-39.56576156616211 36.93811798095703 16.412439346313477
-14.546862602233887 -28.7653751373291 64.1702651977539
19.967309951782227 -12.999574661254883 56.65880584716797
-9.276747703552246 -77.77936553955078 55.21784210205078
-24.653522491455078 -28.269664764404297 75.73371887207031
-13.460660934448242 -67.58658599853516 52.742862701416016
-13.950150489807129 6.083123207092285 39.49034118652344
-3.978780508041382 3.2565648555755615 64.5342788696289
-11.127609252929688 -69.61837768554688 60.28825759887695
13.686888694763184 -26.5364990234375 63.40469741821289
-20.924907684326172 -30.72504234313965 13.854896545410156
-14.131629943847656 -34.74042510986328 15.604015350341797
39.623023986816406 -39.35004425048828 34.336917877197266
8.729531288146973 14.801064491271973 36.694122314453125
6.787463665008545 -47.9387321472168 77.3197021484375
-17.882131576538086 -14.947084426879883 74.95332336425781
15.66986083984375 -2.0078349113464355 5.006249904632568
-15.992594718933105 -17.4560489654541 8.208240509033203
-9.186614036560059 -42.083621978759766 18.748369216918945
-39.292484283447266 28.09578514099121 12.625542640686035
22.98716163635254 -6.4408979415893555 20.828704833984375
18.85870933532715 -65.8483657836914 17.332395553588867
29.047100067138672 -32.03019714355469 18.699665069580078
-14.128379821777344 -16.52635383605957 59.6438102722168
66.11756134033203 -64.41796112060547 1.461715579032898
-7.011979579925537 -85.71920776367188 71.86390686035156
-26.503040313720703 -66.04303741455078 65.77271270751953
9.750259399414062 -20.5556697845459 12.831153869628906
-81.72537994384766 22.195632934570312 11.863454818725586
-81.41606903076172 24.891197204589844 6.985666275024414
38.10597610473633 -4.289285182952881 21.5518856048584
-9.370697975158691 23.938278198242188 16.520456314086914
9.488554000854492 18.614086151123047 10.420087814331055
-87.07389831542969 28.57682228088379 5.280264377593994
-77.7078857421875 -47.09280776977539 8.397332191467285
-13.184545516967773 -73.36759185791016 54.304718017578125
-27.622392654418945 32.6620979309082 8.876640319824219
-14.639248847961426 -72.831787109375 90.24290466308594
-13.821481704711914 -44.6749267578125 45.29468536376953
24.96463966369629 -49.11920166015625 85.54219818115234
-70.58370208740234 19.53968620300293 23.48573112487793
17.024925231933594 -21.49332046508789 32.072105407714844
-11.24083137512207 74.8875961303711 25.143339157104492
11.256680488586426 -75.64128875732422 55.8751106262207
23.16419792175293 16.596858978271484 10.84227180480957
-9.394455909729004 -18.295358657836914 87.10250091552734
-3.6327075958251953 -20.788318634033203 31.6773681640625
36.433292388916016 26.50324249267578 17.18622398376465
20.920215606689453 -36.93601608276367 80.86044311523438
-7.550466537475586 -35.60869216918945 19.858808517456055
-3.546502113342285 -47.20176315307617 54.911808013916016
-39.433799743652344 -37.98061752319336 15.304998397827148
3.615438461303711 -40.5622673034668 49.20825958251953
-10.1831693649292 77.79644775390625 22.42742919921875
18.059555053710938 5.514716625213623 12.566903114318848
8.615901947021484 -52.70460891723633 44.393463134765625
-8.007829666137695 83.0904541015625 25.162437438964844
-26.550920486450195 -62.17882537841797 80.6054458618164
13.242755889892578 17.902849197387695 28.124059677124023
-24.348819732666016 -64.73812103271484 86.24601745605469
1.9273346662521362 -0.49834486842155457 68.85089111328125
2.2931315898895264 -51.250244140625 13.947261810302734
-25.16656494140625 -62.67976379394531 66.13774871826172
-4.54819917678833 59.66656494140625 10.11026382446289
-13.404815673828125 -51.66845703125 90.26687622070312
-6.846731185913086 13.691146850585938 25.230701446533203
-32.83260726928711 1.4889788627624512 4.885805606842041
-2.132812976837158 -31.562177658081055 4.688512325286865
1.7941724061965942 -27.06883430480957 13.889751434326172
-25.529569625854492 16.105607986450195 9.01481819152832
22.12144660949707 -34.64463806152344 69.46619415283203
-12.341197967529297 -78.20701599121094 74.97550201416016
2.841858386993408 -47.292076110839844 44.9759635925293
12.179570198059082 -35.917327880859375 56.26043701171875
54.58146667480469 12.495881080627441 11.002786636352539
-5.978960037231445 -29.115692138671875 92.73530578613281
11.732203483581543 -68.14867401123047 76.21188354492188
7.234007358551025 -54.39202117919922 12.109100341796875
23.525495529174805 27.526044845581055 16.906187057495117
-17.180498123168945 -11.80288314819336 29.51654624938965
-20.614206314086914 5.4287238121032715 6.7059712409973145
6.61242151260376 43.585567474365234 5.248355865478516
46.930381774902344 -2.4994821548461914 17.20710563659668
42.24638366699219 -45.0361213684082 22.033510208129883
-5.776654243469238 -55.27683639526367 64.02733612060547
27.20217514038086 -30.004024505615234 15.221345901489258
-26.479944229125977 26.96712303161621 23.751554489135742
-25.76090431213379 -18.33681297302246 7.042322158813477
19.418214797973633 -18.178512573242188 56.6486930847168
-6.035037517547607 -24.120346069335938 88.89865112304688
21.059667587280273 -63.5035514831543 31.1536865234375
-43.6059684753418 -43.718902587890625 12.512414932250977
56.50537872314453 -0.344119131565094 14.862176895141602
17.598159790039062 -20.311704635620117 10.5187349319458
64.32475280761719 -63.59339141845703 2.7853825092315674
69.39810180664062 9.26551628112793 9.674114227294922
39.191261291503906 19.637893676757812 6.937944412231445
-34.56319808959961 -22.522592544555664 7.092956066131592
-90.50814819335938 28.934036254882812 6.881494522094727
-23.63200569152832 -61.895626068115234 75.36942291259766
-11.117806434631348 -31.032611846923828 19.37500762939453
-17.602222442626953 -25.135616302490234 18.836191177368164
-26.560882568359375 -48.42507553100586 63.38993453979492
20.897777557373047 -23.064863204956055 72.00326538085938
17.798479080200195 -11.963346481323242 50.92933654785156
-60.25107192993164 9.70140266418457 8.790931701660156
-11.250972747802734 -2.009661912918091 27.47487449645996
-24.725370407104492 -30.7283935546875 61.12057113647461
-71.96708679199219 -48.87269973754883 9.099185943603516
-32.87934875488281 26.191408157348633 15.36888599395752
69.20557403564453 11.857291221618652 26.268325805664062
-1.3587337732315063 -69.50780487060547 49.857154846191406
13.46358585357666 -14.322430610656738 53.43796157836914
5.259657382965088 -54.20384979248047 71.9814682006836
54.974342346191406 -51.91059494018555 19.43671226501465
-20.843881607055664 -57.46763610839844 84.260009765625
13.649678230285645 -60.483917236328125 21.395719528198242
32.39809799194336 28.288976669311523 21.498733520507812
-5.746135711669922 -11.72419261932373 72.90452575683594
40.17060089111328 34.31671905517578 13.79374885559082
20.412927627563477 -1.3610429763793945 33.732303619384766
20.177143096923828 1.0357955694198608 27.053421020507812
32.37119674682617 -39.457542419433594 36.037322998046875
10.745229721069336 -19.725976943969727 69.31497955322266
6.996985912322998 36.98957061767578 16.17247200012207
7.29995059967041 -40.61295700073242 95.86620330810547
-78.06278228759766 -46.97238540649414 14.303482055664062
-31.825361251831055 26.672008514404297 22.879871368408203
-65.61246490478516 19.737590789794922 13.125605583190918
-23.83283805847168 -2.908754825592041 20.91448402404785
9.236859321594238 -53.326148986816406 98.10591888427734
-24.789411544799805 -40.70063781738281 59.6611213684082
25.56414222717285 -59.54697799682617 65.04973602294922
-8.015210151672363 -82.91885375976562 63.42095947265625
-4.177305221557617 -31.775646209716797 74.23188018798828
-68.95919799804688 14.738018989562988 18.321760177612305
26.562028884887695 7.662571430206299 9.47850513458252
16.332670211791992 -66.419921875 58.331565856933594
-14.118825912475586 -75.70531463623047 63.403079986572266
7.485719203948975 46.2548828125 7.195530891418457
-6.729931831359863 -58.52827453613281 53.170738220214844
-51.212833404541016 7.894338130950928 18.55250358581543
19.413333892822266 -63.15090560913086 30.844879150390625
46.44470977783203 -43.17860794067383 23.78815269470215
-25.095809936523438 -70.53018188476562 65.4134521484375
-0.5509793162345886 77.0940933227539 13.352945327758789
-12.800634384155273 9.418245315551758 6.575649261474609
11.846925735473633 -63.85747146606445 16.725976943969727
6.745952129364014 64.38116455078125 10.830434799194336
-56.779232025146484 6.783740043640137 5.498147964477539
20.57285499572754 -53.27946090698242 61.97711181640625
-10.331955909729004 -36.696434020996094 94.98006439208984
14.554840087890625 -24.154205322265625 12.802090644836426
18.648887634277344 -69.7578125 65.84049224853516
5.519783973693848 -58.245086669921875 12.12498950958252
5.318264007568359 -6.694588661193848 25.32093048095703
-5.9900946617126465 -53.67164993286133 6.516695976257324
30.845182418823242 -5.1966352462768555 25.93695640563965
-5.865545272827148 -22.5233211517334 6.815272808074951
7.286148548126221 2.6166021823883057 8.950716018676758
-33.86737823486328 -40.84865951538086 12.474370002746582
-14.129427909851074 3.1439571380615234 19.645368576049805
12.200855255126953 -20.80314826965332 55.17292785644531
31.029644012451172 -3.772834300994873 20.375099182128906
76.36799621582031 16.284236907958984 39.26664733886719
-2.453697681427002 -54.48885726928711 17.386280059814453
11.888811111450195 -29.00028419494629 90.87202453613281
19.474098205566406 -67.7216796875 86.05831909179688
-10.43716812133789 13.762946128845215 34.015377044677734
14.379342079162598 -42.510536193847656 81.89591217041016
5.189339637756348 -11.97812557220459 57.40056228637695
-9.06906509399414 -13.170631408691406 29.889177322387695
30.568445205688477 30.04380989074707 16.228971481323242
4.865803241729736 1.4275002479553223 32.603050231933594
-15.35302448272705 -1.8261499404907227 42.388648986816406
-7.156065464019775 -32.196685791015625 9.779399871826172
0.5944398641586304 -22.950777053833008 85.61502838134766
-29.4813232421875 -30.27446174621582 4.012844085693359
-24.351364135742188 -24.511484146118164 2.592991590499878
19.260520935058594 -39.19377136230469 88.33645629882812
39.583595275878906 -33.22700881958008 29.331775665283203
-6.959117412567139 52.98322677612305 9.350175857543945
11.90776538848877 14.32165813446045 7.4578537940979
-20.288829803466797 -44.99014663696289 67.80122375488281
-1.3219902515411377 8.679880142211914 50.541412353515625
-16.429546356201172 21.934696197509766 25.603958129882812
1.5738129615783691 -18.16827964782715 40.580997467041016
-20.736454010009766 1.1997387409210205 3.1851131916046143
23.692323684692383 -17.340858459472656 64.96359252929688
-10.442524909973145 -43.056819915771484 94.51496887207031
-8.505823135375977 -47.57707977294922 67.6221694946289
-34.896942138671875 -23.447771072387695 5.929699420928955
-19.964256286621094 -3.1874494552612305 5.841431140899658
-72.97393035888672 22.162113189697266 11.634029388427734
-6.296760082244873 -2.248403549194336 45.005149841308594
20.634838104248047 -13.325749397277832 25.481016159057617
-59.29929733276367 55.047325134277344 8.980722427368164
-2.6357290744781494 -74.53773498535156 63.01118469238281
6.332137584686279 -15.180023193359375 84.318115234375
-47.7631950378418 -2.4728329181671143 7.064510822296143
6.7135162353515625 -66.09043884277344 8.491050720214844
-30.12041473388672 -2.7448232173919678 5.073390007019043
-0.7364373207092285 -13.513089179992676 19.273462295532227
13.64328384399414 -9.403907775878906 70.38652038574219
35.17211151123047 -42.37738800048828 34.502498626708984
-1.3244972229003906 -42.2735595703125 78.33419799804688
1.1804927587509155 -43.83333969116211 11.836206436157227
-24.333925247192383 -41.62058639526367 71.0443115234375
-14.849520683288574 -59.07196807861328 49.2987060546875
21.593889236450195 -18.388158798217773 73.96554565429688
5.26363468170166 -40.91862869262695 74.1157455444336
24.48731803894043 8.948405265808105 16.65550994873047
-44.12113952636719 -7.946811676025391 8.396649360656738
47.71943283081055 43.76444625854492 9.0062837600708
28.251869201660156 -38.90784454345703 24.595762252807617
-31.27777099609375 32.23829650878906 6.918438911437988
6.4165778160095215 -61.337833404541016 76.26907348632812
5.172054290771484 -71.77413177490234 74.45932006835938
64.80318450927734 7.977793216705322 7.347611904144287
-26.425622940063477 -27.71737289428711 19.34147071838379
30.703441619873047 20.746065139770508 13.459749221801758
-20.29397964477539 -64.0493392944336 87.07661437988281
-6.296650409698486 67.80148315429688 6.43983268737793
-25.2203311920166 -30.45173454284668 77.55443572998047
-19.448869705200195 -10.041281700134277 8.201253890991211
36.37067413330078 48.474159240722656 11.056327819824219
-61.90742111206055 43.35853576660156 13.776679992675781
-7.836668491363525 67.27298736572266 23.840068817138672
-3.5392725467681885 66.06751251220703 15.225095748901367
6.868772029876709 4.584434509277344 63.58490753173828
10.19064998626709 -55.77817916870117 8.229037284851074
16.083538055419922 -12.295577049255371 33.08711624145508
13.146541595458984 -4.5298542976379395 14.504638671875
-58.41022491455078 -1.2515488862991333 16.535268783569336
-5.508286952972412 -35.22016143798828 1.1564249992370605
58.425567626953125 8.165963172912598 3.773833990097046
-17.836246490478516 -2.1037001609802246 38.074249267578125
-6.954969882965088 -75.97193145751953 55.79963684082031
-18.245100021362305 -4.079274654388428 32.99169158935547
6.227346420288086 -63.368106842041016 96.41008758544922
25.076566696166992 -20.299480438232422 26.32857894897461
15.524023056030273 -31.805187225341797 72.5807113647461
32.902957916259766 -32.542503356933594 32.511940002441406
-45.946895599365234 34.840885162353516 12.180644989013672
-20.646163940429688 -62.304718017578125 65.68989562988281
-7.0610175132751465 -61.993892669677734 59.520450592041016
-14.477526664733887 10.254779815673828 34.398033142089844
-26.339126586914062 -9.539759635925293 11.428426742553711
33.79319763183594 -6.881781578063965 23.957483291625977
26.98870086669922 -56.734230041503906 80.47650909423828
-48.43553924560547 35.46388244628906 23.19584083557129
12.098539352416992 -82.28652954101562 67.09933471679688
-11.846394538879395 -46.79584884643555 11.6444673538208
26.9345645904541 -54.93776321411133 78.25249481201172
-8.055848121643066 5.594089508056641 30.967844009399414
24.30691909790039 16.536090850830078 24.235942840576172
0.9963711500167847 -49.615074157714844 7.469976902008057
-8.256969451904297 -15.748783111572266 19.482521057128906
-26.88080406188965 -60.05950164794922 62.150447845458984
4.17838716506958 -29.507490158081055 75.10210418701172
-25.20342254638672 1.8673372268676758 11.48965072631836
-72.06916046142578 13.196471214294434 14.092880249023438
3.4232215881347656 -82.71741485595703 90.31195068359375
-8.011728286743164 -52.89918518066406 15.354647636413574
-4.054438591003418 -1.5287108421325684 72.95040130615234
13.72181224822998 3.8592119216918945 54.14138412475586
28.764652252197266 -22.816884994506836 29.7689151763916
-17.73443603515625 -66.968017578125 68.22833251953125
-10.152259826660156 -12.684738159179688 83.78933715820312
-20.529041290283203 28.37335777282715 13.980545997619629
21.910791397094727 -61.729549407958984 31.21111297607422
42.94315719604492 -8.289039611816406 6.6437506675720215
25.782793045043945 -52.226173400878906 70.5124740600586
1.855516791343689 -61.09218978881836 60.30128860473633
4.693996906280518 69.89630889892578 12.730669021606445
-37.1953010559082 -5.043537616729736 9.557394981384277
24.38349723815918 -13.654427528381348 61.918304443359375
60.79957580566406 13.139514923095703 12.489967346191406
38.427852630615234 3.029071092605591 10.536079406738281
20.920076370239258 -42.46332931518555 55.36693572998047
19.258420944213867 -57.4545783996582 89.80692291259766
-6.213873863220215 1.460093379020691 12.466856956481934
16.22162437438965 4.238511085510254 5.373916149139404
13.14599609375 10.353822708129883 2.686481475830078
-30.546876907348633 -22.03058433532715 10.764397621154785
-25.266796112060547 -24.737796783447266 22.895021438598633
38.73007583618164 37.9620475769043 4.5095624923706055
-12.020668983459473 15.528901100158691 5.0708441734313965
-20.134265899658203 -55.009429931640625 89.92932891845703
12.774103164672852 -40.28236770629883 75.26527404785156
44.85115051269531 1.226476788520813 7.921329021453857
14.857888221740723 -75.43223571777344 70.16044616699219
3.1509315967559814 65.52937316894531 15.594887733459473
0.040474798530340195 -16.371381759643555 14.288816452026367
5.775031089782715 4.6786370277404785 57.636207580566406
10.552090644836426 -23.8288631439209 84.64440155029297
-21.89339256286621 -19.5897159576416 56.89449691772461
-21.758617401123047 -74.54359436035156 66.06748962402344
18.379348754882812 4.425759315490723 30.239665985107422
23.5216121673584 -34.55704116821289 22.44978141784668
21.9814395904541 -28.35149574279785 36.2481575012207
15.430754661560059 -33.42284393310547 64.38037872314453
18.862855911254883 -6.4176459312438965 27.93900489807129
0.30216184258461 67.4939956665039 7.684607982635498
22.13957405090332 -18.548912048339844 57.2999153137207
25.914464950561523 -62.24239730834961 73.06465148925781
-15.676453590393066 -65.06908416748047 90.2124252319336
8.919650077819824 11.062850952148438 16.552371978759766
-29.530841827392578 33.05293273925781 21.72402572631836
21.94982147216797 -23.98845100402832 32.521690368652344
-79.03923797607422 -51.86153793334961 13.468774795532227
5.653108596801758 7.281328201293945 41.98971176147461
25.91780662536621 -44.478355407714844 63.24947738647461
-10.878347396850586 -24.04070472717285 90.34866333007812
-60.72941589355469 -0.05583000183105469 18.06349754333496
-13.148993492126465 -1.9940470457077026 52.98102951049805
9.094655990600586 2.811222553253174 20.253250122070312
1.2229301929473877 -82.90479278564453 79.01329040527344
13.431397438049316 -48.4228401184082 48.23683547973633
-25.306859970092773 -43.2661247253418 82.58668518066406
-8.497774124145508 -42.361114501953125 87.45284271240234
-2.819049596786499 4.714995861053467 15.428281784057617
34.22163391113281 56.370731353759766 8.615538597106934
-15.439464569091797 -23.724811553955078 5.675995826721191
-15.907293319702148 -34.39702224731445 58.57421875
-17.05411148071289 -54.044429779052734 51.936317443847656
0.9698812365531921 -56.92607116699219 87.22310638427734
22.820322036743164 -65.64627838134766 81.07758331298828
2.4201107025146484 0.36983466148376465 57.06138229370117
-58.02461242675781 38.98963928222656 11.23320484161377
18.22165870666504 -17.30929183959961 34.41989517211914
9.67669677734375 -46.78324890136719 85.52147674560547
25.851871490478516 -1.586089849472046 28.50286293029785
37.3449592590332 54.567867279052734 12.695867538452148
0.07110856473445892 26.32982635498047 5.691179275512695
-43.57674026489258 37.35081100463867 10.622666358947754
24.152725219726562 54.152530670166016 5.550841808319092
-27.890174865722656 4.84045934677124 7.246448040008545
-20.44788932800293 10.998372077941895 8.55358600616455
-61.32411193847656 -39.01301574707031 10.45940113067627
-23.722511291503906 6.010082244873047 21.632177352905273
4.873966217041016 -22.930797576904297 19.308826446533203
0.8548908233642578 -25.801055908203125 60.626014709472656
5.8275628089904785 -7.000815391540527 48.235477447509766
47.40180206298828 42.987606048583984 3.712106466293335
10.019940376281738 19.00893211364746 23.041248321533203
23.144672393798828 5.038520336151123 22.594825744628906
-24.7784481048584 -68.52534484863281 69.10969543457031
3.665987730026245 -11.757081985473633 6.8690338134765625
-82.63761901855469 28.40015983581543 16.873703002929688
-20.096939086914062 18.416603088378906 12.170295715332031
18.838651657104492 -59.62812423706055 23.09649658203125
13.995710372924805 -3.883100748062134 55.981754302978516
2.9764480590820312 -16.526731491088867 53.096954345703125
-36.068016052246094 -42.03810119628906 4.372849464416504
13.125642776489258 -58.689090728759766 96.87443542480469
7.892317771911621 -18.19843101501465 63.297489166259766
21.97686767578125 -54.21482849121094 56.75686264038086
60.37604904174805 3.0904431343078613 10.080175399780273
-0.0746808797121048 -4.147006034851074 61.61030197143555
12.316752433776855 -56.51348876953125 15.218928337097168
18.750810623168945 -12.97097396850586 12.329596519470215
19.725553512573242 15.720337867736816 6.967258453369141
-15.172761917114258 12.386214256286621 27.112632751464844
18.127687454223633 -29.52285385131836 78.40021514892578
4.3699951171875 -20.655393600463867 24.40478515625
-8.315574645996094 -53.50515365600586 46.66206359863281
-51.83314514160156 -48.467960357666016 4.906022071838379
-19.964683532714844 32.0582389831543 11.291498184204102
-3.1085457801818848 -3.342231512069702 20.3892879486084
19.37208366394043 -61.444828033447266 71.48811340332031
-4.688261985778809 -65.09403228759766 48.71623611450195
-14.352960586547852 -24.46088981628418 48.78661346435547
11.819116592407227 -64.12215423583984 49.67493438720703
19.32289695739746 -64.7240219116211 20.101579666137695
19.490367889404297 -21.819385528564453 36.18091583251953
-2.34197735786438 20.20258331298828 22.352285385131836
46.65337371826172 33.33704376220703 8.030583381652832
4.933108329772949 77.8390121459961 11.631111145019531
42.74864196777344 38.993003845214844 14.656667709350586
12.298835754394531 -25.25248146057129 74.12972259521484
31.46782875061035 61.835487365722656 9.925854682922363
-8.467754364013672 3.8204774856567383 56.427406311035156
53.288211822509766 7.138922214508057 3.998598337173462
-7.499243259429932 -78.86737823486328 81.4722671508789
-14.743510246276855 -46.30497360229492 76.21565246582031
-48.72842025756836 -34.0096549987793 6.217292785644531
-33.04961013793945 41.044647216796875 16.987184524536133
-24.936664581298828 -15.785901069641113 62.30941390991211
33.692413330078125 -36.96611022949219 37.444908142089844
7.546414375305176 -2.1654915809631348 72.54119110107422
24.517549514770508 -70.27996826171875 66.62977600097656
-21.727075576782227 -31.341094970703125 56.65790939331055
1.1116909980773926 -61.83872604370117 69.80082702636719
23.807323455810547 -28.50978660583496 37.62828063964844
-3.6199047565460205 -21.042200088500977 68.67363739013672
-21.62482452392578 -19.473770141601562 60.72882843017578
5.543823719024658 23.154022216796875 26.1134033203125
-9.101773262023926 13.818757057189941 37.17979049682617
-0.983991265296936 15.15105152130127 27.811555862426758
-36.03695297241211 -24.90427589416504 14.23364543914795
-6.487027168273926 20.33909797668457 29.09366226196289
-25.79106330871582 -56.91424560546875 68.410400390625
-10.610265731811523 10.754770278930664 42.80154037475586
-44.9692268371582 38.93062210083008 18.620359420776367
-14.609729766845703 -15.810065269470215 27.397602081298828
0.10752427577972412 -59.87727737426758 98.07142639160156
22.762874603271484 -71.719970703125 72.39559936523438
40.792457580566406 50.22623062133789 12.853436470031738
-3.277437686920166 -37.84326171875 64.10272216796875
0.25980260968208313 35.38518142700195 23.302001953125
6.08139705657959 -11.85528564453125 75.94639587402344
-20.217357635498047 -70.4969711303711 86.23308563232422
40.99555587768555 27.498321533203125 6.673133850097656
-29.41183090209961 1.4332455396652222 24.024185180664062
0.5151796936988831 63.649253845214844 16.058246612548828
-28.43659210205078 -27.03158187866211 13.900594711303711
18.446636199951172 -48.45874786376953 91.02802276611328
45.49760055541992 45.261775970458984 13.632925033569336
6.813138008117676 -32.95259094238281 43.48355484008789
-7.776119232177734 6.095740795135498 39.65657043457031
29.230358123779297 23.36054229736328 20.811437606811523
10.179129600524902 -46.64644241333008 95.77075958251953
-0.8172258734703064 31.61964988708496 21.83003044128418
15.33837890625 -47.64598083496094 87.78031158447266
54.1744270324707 -59.086666107177734 13.748501777648926
18.82602310180664 -28.172094345092773 55.811668395996094
30.81397819519043 0.13367129862308502 8.979622840881348
-17.83772087097168 -38.19081497192383 89.13724517822266
-6.24322509765625 -15.993696212768555 4.764934539794922
48.02772903442383 -52.77582931518555 18.80057144165039
-10.934803009033203 -6.46691370010376 18.611328125
-58.93693923950195 -46.57975387573242 8.51756763458252
-39.834774017333984 -42.93824768066406 9.51962947845459
-2.9048078060150146 -17.953081130981445 10.870892524719238
-9.169548034667969 -35.90711212158203 55.95429611206055
-0.07528076320886612 74.64559936523438 7.35130500793457
21.87969398498535 -28.20401382446289 64.2715072631836
-9.21654224395752 -51.94623565673828 12.140289306640625
-16.62550926208496 -28.169391632080078 83.1251449584961
13.016987800598145 -12.01522159576416 45.722320556640625
49.92062759399414 -57.02167510986328 14.564408302307129
-10.49612045288086 13.981805801391602 15.511663436889648
-3.916160821914673 -26.15102195739746 23.31141471862793
66.7048110961914 17.42136573791504 16.797183990478516
-61.57351303100586 16.05320930480957 19.522262573242188
-58.7418212890625 43.45027160644531 8.138676643371582
6.13698148727417 -10.079977989196777 69.64187622070312
-54.966697692871094 2.515200138092041 19.4164981842041
8.14592170715332 -5.2953691482543945 63.159820556640625
48.693267822265625 37.19751739501953 9.841650009155273
8.870171546936035 -18.42081642150879 28.032983779907227
8.927456855773926 -20.67853355407715 89.21600341796875
-8.895814895629883 -19.031179428100586 76.5407485961914
-21.98969268798828 -40.98854064941406 87.23223114013672
-3.4834868907928467 -30.337976455688477 44.67319869995117
51.08672332763672 -6.85701847076416 5.815881729125977
24.918773651123047 2.2196223735809326 24.958791732788086
-24.640296936035156 -62.38047790527344 82.22579956054688
53.65068435668945 8.365524291992188 9.115427017211914
70.53606414794922 14.200614929199219 32.83229446411133
-8.080254554748535 -46.50333786010742 3.264591932296753
-65.18161010742188 6.413911819458008 19.184505462646484
2.932997226715088 -23.492382049560547 7.430071830749512
0.31719863414764404 60.50314712524414 6.697490215301514
-29.95708465576172 -6.75240421295166 6.147550106048584
-11.977978706359863 -21.801532745361328 50.0341682434082
4.540195465087891 37.828712463378906 7.101560592651367
5.850546360015869 -14.454367637634277 20.613279342651367
-10.105753898620605 -19.967710494995117 82.63616943359375
24.155290603637695 -66.60783386230469 63.09266662597656
5.610389709472656 -55.21811294555664 61.78703689575195
28.640413284301758 -5.8837890625 9.960124015808105
17.922067642211914 11.461217880249023 20.97410774230957
-6.662327766418457 -57.07825469970703 13.830353736877441
-21.618629455566406 13.828216552734375 8.062575340270996
68.98919677734375 17.375682830810547 20.711780548095703
17.036006927490234 -16.968721389770508 35.4169807434082
65.92522430419922 12.64085578918457 28.52731704711914
3.3791141510009766 -20.7927303314209 75.98536682128906
20.609651565551758 -60.423240661621094 16.982608795166016
15.560691833496094 -74.81588745117188 87.71397399902344
-53.160804748535156 34.29085922241211 20.645938873291016
26.19188690185547 -16.24226188659668 20.157855987548828
31.056570053100586 -8.380721092224121 22.752634048461914
36.42792892456055 39.78172302246094 10.449522018432617
43.92430877685547 -42.33513259887695 30.650251388549805
-23.68771743774414 16.968849182128906 21.816364288330078
-7.519196510314941 65.03834533691406 24.854686737060547
-33.72159957885742 42.336605072021484 14.501914024353027
5.246038436889648 29.391658782958984 22.259248733520508
28.610210418701172 15.453149795532227 15.358314514160156
-2.5611989498138428 -16.217206954956055 86.28207397460938
32.820552825927734 34.10403060913086 8.30496597290039
6.789948463439941 -53.8685417175293 85.40320587158203
11.692936897277832 -36.721309661865234 46.31336212158203
63.21009063720703 18.565563201904297 16.37076759338379
15.331647872924805 -2.5491724014282227 62.5035514831543
-76.98493957519531 24.7109375 19.901294708251953
22.31690216064453 18.2393798828125 28.16824722290039
-21.02911949157715 -11.006087303161621 66.59796142578125
-42.176082611083984 -30.947490692138672 9.17101001739502
15.478442192077637 -47.546897888183594 57.12773895263672
-11.883715629577637 -48.678653717041016 44.74515914916992
-37.39460372924805 6.565020561218262 7.6375579833984375
25.921113967895508 -40.889991760253906 69.60346984863281
-1.8198070526123047 2.269759178161621 23.64809226989746
2.043806552886963 -36.7790641784668 79.9137954711914
3.2706820964813232 60.693641662597656 14.149863243103027
8.766103744506836 8.46568775177002 31.301851272583008
-29.09630012512207 -36.049251556396484 10.86479377746582
40.75985336303711 -40.71092987060547 24.91977310180664
-9.368614196777344 -25.2258358001709 18.56880760192871
-53.38266372680664 -40.005252838134766 5.063641548156738
29.39350128173828 -22.69266128540039 18.219127655029297
-15.775714874267578 -45.61185836791992 64.17329406738281
-4.122319221496582 -77.69770050048828 84.98436737060547
28.581466674804688 59.377132415771484 3.507023572921753
-16.245697021484375 -78.38542938232422 79.23856353759766
4.418644905090332 -25.43198013305664 91.76058959960938
62.96892547607422 -61.47129440307617 4.007667064666748
32.5728874206543 -10.087274551391602 17.311279296875
25.453426361083984 -15.332454681396484 16.651288986206055
-21.75204086303711 -13.704485893249512 61.06981658935547
3.2188310623168945 13.455556869506836 45.702266693115234
35.6983528137207 34.2262077331543 17.50849723815918
14.87650203704834 -14.643800735473633 22.36346435546875
6.192549228668213 -30.039365768432617 67.0079574584961
-18.641189575195312 -35.34102249145508 67.03997039794922
-18.65471649169922 17.876041412353516 6.717447757720947
-3.120636224746704 17.7808780670166 35.73545455932617
-0.6776763200759888 -11.604015350341797 61.477970123291016
-12.903009414672852 -9.299081802368164 36.01094055175781
-11.572151184082031 22.30963706970215 8.241859436035156
-4.34078311920166 -24.99837303161621 2.5756285190582275
-11.997614860534668 -19.558618545532227 4.759957313537598
-9.731050491333008 -14.094305038452148 46.50802230834961
17.01604652404785 -55.407745361328125 83.54698944091797
15.406940460205078 -80.92359924316406 74.86022186279297
18.184221267700195 -30.014385223388672 84.56227111816406
17.199682235717773 23.717967987060547 16.57164764404297
-15.024819374084473 -83.16864776611328 70.4392318725586
-3.6515629291534424 -7.537405014038086 52.20916748046875
10.387943267822266 12.14299488067627 39.801639556884766
-53.7589111328125 40.99384307861328 21.05590057373047
-5.883298397064209 -59.616939544677734 7.823363304138184
26.589040756225586 -38.69076919555664 32.883140563964844
-27.399682998657227 19.878925323486328 14.929580688476562
-2.0992684364318848 -79.44998168945312 68.59149932861328
45.42254638671875 -49.99435806274414 25.830062866210938
-52.051719665527344 -3.327730655670166 13.882672309875488
3.8655943870544434 -66.22237396240234 85.27943420410156
20.273900985717773 -29.636659622192383 19.306961059570312
-18.75287437438965 -3.412402629852295 11.84424114227295
11.122284889221191 -59.54277420043945 9.932064056396484
-3.5265884399414062 15.9042387008667 9.65966510772705
12.259760856628418 -76.12266540527344 82.75285339355469
4.402525901794434 -64.17684936523438 56.04677963256836
12.968122482299805 -61.98158264160156 82.2612075805664
-18.072040557861328 -46.35517501831055 86.45355224609375
-10.626370429992676 -62.93089294433594 52.288082122802734
37.275909423828125 27.01560401916504 11.299521446228027
-55.42143249511719 -40.8973274230957 11.532768249511719
-17.61573600769043 -26.020870208740234 71.79891204833984
-18.844736099243164 18.1460018157959 29.61094856262207
-45.50624465942383 -41.82624435424805 5.9754815101623535
24.689067840576172 -34.645320892333984 76.27095794677734
-2.9897944927215576 -54.40850067138672 56.08914566040039
-57.426937103271484 37.20700454711914 19.550859451293945
26.08528709411621 58.65982437133789 8.115534782409668
40.574771881103516 -49.09567642211914 23.85445785522461
10.5349760055542 -35.44594192504883 95.2281265258789
-65.68274688720703 -42.988548278808594 12.91211986541748
48.202388763427734 35.93891906738281 3.959956407546997
9.561262130737305 -32.7801513671875 81.49818420410156
-1.5732276439666748 -35.557281494140625 46.186424255371094
-2.8181960582733154 -10.448431015014648 27.95599937438965
25.878936767578125 -28.213796615600586 37.21662521362305
5.170067310333252 -31.379104614257812 52.98532485961914
21.517423629760742 -12.590010643005371 68.91487121582031
7.305083274841309 -56.66927719116211 79.8394546508789
-10.690709114074707 -47.24860763549805 58.79541778564453
54.67132568359375 -57.72649383544922 8.42546558380127
-23.934871673583984 -15.854883193969727 58.07755661010742
24.76630210876465 -46.55105972290039 57.22434616088867
-22.934764862060547 -43.38906478881836 54.56651306152344
-39.88168716430664 -34.27525329589844 10.19638729095459
18.52922821044922 -55.68281936645508 54.23213577270508
11.303038597106934 -53.61341857910156 91.79962921142578
63.510528564453125 17.720325469970703 20.922557830810547
-12.33491325378418 -70.90406036376953 69.41256713867188
-17.286771774291992 -17.21489906311035 2.6743249893188477
-5.891329765319824 -26.733280181884766 59.7119140625
6.147439479827881 -69.84832000732422 67.39068603515625
14.316082954406738 7.785280704498291 39.0227165222168
-79.62019348144531 28.910139083862305 10.281023025512695
37.58174133300781 34.14527130126953 2.1575446128845215
-9.245326042175293 -39.25474166870117 44.72251892089844
-12.555660247802734 -59.462738037109375 97.30364227294922
-3.172610282897949 -24.035057067871094 29.634843826293945
18.55733871459961 -11.394489288330078 62.88098907470703
41.82893753051758 26.170164108276367 12.564367294311523
14.802234649658203 -51.7523193359375 75.86381530761719
1.901308536529541 -54.70004653930664 49.249366760253906
-3.066694498062134 -53.29740524291992 75.14862060546875
11.09582233428955 -13.222688674926758 81.43144989013672
-78.26171112060547 24.989091873168945 7.233224868774414
40.77913284301758 -12.526212692260742 11.429601669311523
-0.6288093328475952 -35.64794921875 15.187806129455566
8.647302627563477 -82.49894714355469 74.14775085449219
-31.693204879760742 6.465001106262207 8.460988998413086
6.8690409660339355 19.02289390563965 29.863574981689453
-64.23021697998047 11.019867897033691 22.24822425842285
-21.390317916870117 -8.561081886291504 23.31867218017578
-2.357956886291504 -65.18435668945312 62.52080535888672
0.4785805344581604 11.866867065429688 17.266441345214844
-3.0650010108947754 -21.769758224487305 45.87386703491211
-17.620569229125977 10.080885887145996 15.279644012451172
-5.223108291625977 -39.340415954589844 19.40325164794922
-12.901444435119629 23.7215518951416 20.73219108581543
-14.733162879943848 -74.99725341796875 84.94268798828125
6.312435626983643 -6.792848110198975 38.3487434387207
-21.46539878845215 -20.525169372558594 23.487768173217773
31.256898880004883 0.051498059183359146 3.8996598720550537
-10.196402549743652 -50.96278381347656 51.2506103515625
12.201627731323242 -1.6554876565933228 66.55655670166016
-25.420074462890625 -18.54949951171875 19.079883575439453
-27.890037536621094 -8.293798446655273 19.126747131347656
49.83588790893555 0.8502237200737 2.9757535457611084
2.2171177864074707 -26.395246505737305 48.22701644897461
27.573617935180664 -36.2574348449707 20.32061767578125
-20.09912109375 -25.183992385864258 13.333553314208984
20.12726402282715 -24.706497192382812 26.63667869567871
10.462652206420898 -83.18648529052734 83.32891845703125
23.342796325683594 -51.5544548034668 85.3127212524414
50.72058868408203 -47.11045837402344 23.02506446838379
-11.066000938415527 1.8009287118911743 22.156946182250977
-9.768445014953613 -67.5213851928711 63.847984313964844
-6.863401412963867 -59.00078582763672 46.279579162597656
-33.37875747680664 -8.800366401672363 9.988525390625
-27.96807289123535 -15.479387283325195 13.441566467285156
-13.667702674865723 -46.28286361694336 83.18598937988281
-17.010417938232422 4.161789894104004 10.87598705291748
14.315492630004883 -37.50722122192383 67.98101806640625
-6.592449188232422 32.45041275024414 12.566230773925781
-29.945507049560547 37.719661712646484 11.295038223266602
-54.775081634521484 4.410419464111328 11.141020774841309
2.959747314453125 55.801090240478516 5.28372859954834
-44.11650466918945 31.101415634155273 11.965862274169922
-10.325902938842773 81.56417846679688 22.49602508544922
42.80060577392578 53.45622634887695 11.38565731048584
-57.06446075439453 35.73773956298828 16.411998748779297
-2.1753787994384766 -38.87205123901367 5.536457538604736
-6.186872482299805 67.75899505615234 13.607528686523438
-43.86636734008789 1.0739047527313232 17.585905075073242
16.82662010192871 -47.75129318237305 68.94567108154297
-64.34675598144531 -42.72692108154297 6.969393730163574
-0.1709757149219513 -18.749223709106445 49.31663513183594
-31.846288681030273 -6.809150218963623 17.96536636352539
9.078485488891602 1.7530490159988403 65.73875427246094
-1.542702555656433 71.85851287841797 17.763036727905273
20.456716537475586 -58.59894561767578 30.193336486816406
24.71396827697754 -46.79764938354492 80.96146392822266
-20.96815299987793 -42.90625 88.92329406738281
4.34541130065918 -5.863291263580322 69.4483871459961
-33.2718620300293 3.0932395458221436 14.908820152282715
-74.03218841552734 -44.3917121887207 7.8475141525268555
15.891375541687012 -67.60238647460938 15.519137382507324
-24.563743591308594 10.047429084777832 12.49596881866455
18.091516494750977 -40.92265701293945 72.12223052978516
-22.285242080688477 -18.34032440185547 68.1944808959961
-16.690475463867188 -7.282679557800293 60.428157806396484
34.674034118652344 -34.56609344482422 23.431758880615234
-36.02059555053711 -26.884864807128906 8.22484302520752
-23.828815460205078 -56.848228454589844 59.707645416259766
13.142559051513672 9.217159271240234 8.111072540283203
-4.800449848175049 45.47097396850586 4.332180023193359
70.95802307128906 11.764521598815918 29.579456329345703
1.6734904050827026 -20.82353973388672 4.34221887588501
57.170780181884766 -56.42629623413086 16.64273452758789
9.730273246765137 -23.32203483581543 46.197479248046875
50.507144927978516 -3.9293432235717773 13.125432968139648
-5.92229700088501 -69.1039810180664 95.31967163085938
-10.740876197814941 -49.292057037353516 7.09158992767334
-1.0363531112670898 -6.538895606994629 14.928787231445312
11.874857902526855 -76.00971221923828 90.44438171386719
-16.687870025634766 -62.475643157958984 59.40904998779297
-8.01475715637207 -13.954952239990234 39.130340576171875
13.130497932434082 -50.012447357177734 81.43273162841797
-12.15129280090332 -33.601985931396484 47.92341613769531
26.5162296295166 -51.56394958496094 61.13908767700195
-0.046117253601551056 -18.631092071533203 59.662841796875
-62.45527648925781 43.50558853149414 7.199395656585693
19.163822174072266 -48.150108337402344 51.53722381591797
-34.27556228637695 28.03581428527832 7.971399307250977
-23.28940200805664 -30.54487419128418 70.0985336303711
-18.801057815551758 -16.1054630279541 53.89683532714844
15.61392593383789 1.7033703327178955 50.65968704223633
-12.738064765930176 -22.310718536376953 63.17056655883789
-19.997465133666992 -40.87007141113281 60.93730926513672
35.796817779541016 54.29020690917969 3.2586522102355957
-6.615419864654541 -1.684252142906189 58.45882034301758
20.721393585205078 -15.961709022521973 66.37596893310547
7.171310901641846 -46.96097183227539 55.8153190612793
-6.03072452545166 38.84955978393555 10.957060813903809
39.37300491333008 45.75906753540039 10.143202781677246
73.16360473632812 15.37308120727539 37.08036422729492
42.20271301269531 -14.352424621582031 6.686296463012695
39.93125534057617 -7.011264324188232 15.577106475830078
-42.272029876708984 -5.73231840133667 5.5445709228515625
12.634573936462402 -22.97323226928711 22.86936378479004
7.669976711273193 -37.06879806518555 62.8852653503418
-10.788553237915039 -48.9097900390625 81.2161636352539
-48.574153900146484 -39.129886627197266 13.150442123413086
-19.694747924804688 -27.632925033569336 61.11912155151367
38.08427429199219 -0.6899937391281128 16.20693016052246
-46.97658157348633 -40.44662094116211 16.240997314453125
10.707850456237793 -46.3256721496582 66.01611328125
-17.577438354492188 0.7697198390960693 32.180084228515625
48.57107162475586 39.6395378112793 13.561380386352539
-79.67210388183594 24.493549346923828 13.48130989074707
-10.377504348754883 -30.444089889526367 44.52370071411133
-7.836477756500244 14.227218627929688 41.23806381225586
63.73361587524414 15.6543607711792 27.026517868041992
1.2749359607696533 -42.63376998901367 58.49905014038086
-21.17687225341797 -65.59333038330078 89.57601165771484
-12.576562881469727 6.742664337158203 49.19316864013672
16.07860565185547 -17.406646728515625 35.96764373779297
10.84595775604248 -17.661848068237305 44.77958297729492
-22.423786163330078 -28.533050537109375 5.680793762207031
-61.63477325439453 48.68733596801758 9.256423950195312
-1.9340977668762207 -66.64250183105469 76.95207214355469
-21.497209548950195 -24.6165828704834 77.1319580078125
22.748287200927734 -19.768985748291016 60.296810150146484
34.259002685546875 -43.592220306396484 28.41984748840332
-9.375029563903809 -12.804847717285156 53.87546157836914
-23.048147201538086 -53.37730026245117 85.28794860839844
-11.1979341506958 -25.47632598876953 55.93256759643555
17.891786575317383 -21.45125961303711 58.64628601074219
-36.17833709716797 -35.66410446166992 3.392666816711426
-11.023886680603027 -19.931928634643555 45.6715087890625
-12.518282890319824 -8.432957649230957 27.4964656829834
1.9208275079727173 6.908316612243652 1.6452934741973877
37.69149398803711 18.952695846557617 11.885194778442383
-4.173081398010254 -48.962982177734375 14.61977767944336
-4.999916076660156 -47.71070861816406 17.77004051208496
24.533275604248047 2.3918676376342773 17.834436416625977
-11.8261079788208 -64.61671447753906 48.226985931396484
24.274311065673828 53.826515197753906 2.752772331237793
-16.747119903564453 -20.450864791870117 67.06451416015625
43.99314498901367 56.0350341796875 6.227529525756836
1.4889463186264038 -18.880550384521484 30.433700561523438
-5.2707343101501465 -16.338184356689453 58.494041442871094
31.97549819946289 -9.271078109741211 12.348090171813965
24.325519561767578 -13.509560585021973 15.660538673400879
-3.0561683177948 -51.365360260009766 85.07063293457031
2.2081375122070312 42.49205017089844 20.165382385253906
-19.457263946533203 -73.27516174316406 71.6268081665039
19.276443481445312 -60.439239501953125 32.491947174072266
-70.18008422851562 -44.75005340576172 12.837508201599121
-10.266098022460938 -11.15388298034668 65.38427734375
2.3782994747161865 37.21234893798828 21.05304718017578
-18.637121200561523 -21.354162216186523 55.582275390625
22.957000732421875 58.00215530395508 2.847548484802246
-14.042236328125 -47.565303802490234 45.20116424560547
-5.796271800994873 -43.177738189697266 18.990156173706055
-49.04238510131836 -46.8112907409668 10.023762702941895
44.09654998779297 2.0296432971954346 13.897812843322754
26.871984481811523 -53.839359283447266 82.10665130615234
-10.614520072937012 2.7151684761047363 44.11792755126953
-14.92422103881836 -9.075291633605957 48.665096282958984
-37.30705642700195 -39.633583068847656 6.724551200866699
-64.08583068847656 -49.648155212402344 4.251253128051758
-11.573759078979492 -30.75055694580078 88.49195098876953
-6.509438514709473 40.72514724731445 15.762885093688965
4.848454475402832 5.063098907470703 4.815760135650635
-59.43146514892578 6.208693981170654 19.642810821533203
22.60045623779297 -69.59217834472656 76.07220458984375
-49.519474029541016 10.257006645202637 14.077417373657227
30.136857986450195 -28.140953063964844 24.924680709838867
20.763425827026367 -30.740562438964844 32.5965576171875
-51.46298599243164 -48.89274978637695 9.26301383972168
1.611626386642456 -46.57975769042969 65.56228637695312
0.0708664059638977 -45.146488189697266 43.03989028930664
-15.710469245910645 -69.86151123046875 54.09336471557617
6.159094333648682 -45.04534149169922 86.89366149902344
-19.054859161376953 -61.704402923583984 54.97639465332031
-3.23107647895813 -18.78998565673828 27.153606414794922
-55.37715148925781 1.8964027166366577 6.948838233947754
-35.09743881225586 -1.789908528327942 21.58304786682129
-5.0240068435668945 -76.876220703125 90.89086151123047
-79.90995025634766 -49.71937561035156 14.82371711730957
-24.846567153930664 -64.56017303466797 71.21810150146484
1.7202345132827759 31.047409057617188 16.27778434753418
-51.57059860229492 -34.95193862915039 6.947112083435059
-16.715633392333984 -34.98435592651367 52.42473220825195
-55.090267181396484 46.977840423583984 13.662276268005371
-19.4366455078125 -65.55818939208984 78.948974609375
-5.559760570526123 -24.10614776611328 51.59663391113281
24.568105697631836 -36.818450927734375 60.03321838378906
23.253183364868164 -31.739032745361328 57.40315628051758
-39.42244338989258 35.23468780517578 13.131996154785156
-3.169107437133789 7.858814716339111 58.32250213623047
-4.01552677154541 -36.53261947631836 91.31891632080078
-3.036510705947876 6.0688676834106445 5.103506088256836
-20.49675178527832 -49.75358963012695 80.4847640991211
0.996642529964447 -57.631385803222656 6.206575393676758
-57.495121002197266 12.336392402648926 15.12872314453125
-20.647205352783203 -11.857518196105957 16.684600830078125
-45.82569885253906 31.219247817993164 13.438243865966797
-13.784737586975098 -40.50716781616211 63.391056060791016
-2.7405614852905273 -6.795088291168213 75.40550231933594
13.5665283203125 -1.056855320930481 28.834426879882812
-3.2538442611694336 -64.36878204345703 87.32106018066406
-5.872251987457275 -4.004978179931641 68.07942962646484
-2.186556100845337 38.13350296020508 19.83925437927246
-13.168347358703613 -20.347856521606445 22.111547470092773
14.844721794128418 -0.5169674754142761 39.97127914428711
8.752462387084961 -41.587562561035156 43.35362243652344
4.239748954772949 -63.7597541809082 8.790292739868164
-46.76120376586914 31.401277542114258 16.228328704833984
-6.520789623260498 -34.65897750854492 68.8548583984375
1.969785451889038 -73.43270874023438 76.6839370727539
-72.41771697998047 27.937299728393555 13.532652854919434
18.762571334838867 -39.58930587768555 62.93769836425781
14.655254364013672 -65.40415954589844 91.58989715576172
5.206787109375 -61.0020751953125 47.492652893066406
15.809002876281738 -60.75777816772461 12.928936004638672
-2.911867141723633 -15.998152732849121 36.14521026611328
-42.43876647949219 2.2053678035736084 6.583258152008057
-0.2361668050289154 44.46979522705078 13.813013076782227
-1.2872304916381836 79.99649047851562 22.79302406311035
-15.132975578308105 -47.6820068359375 50.10237121582031
-0.5574191808700562 1.8298784494400024 47.39472961425781
-13.204241752624512 -56.944297790527344 60.9267463684082
4.556458473205566 -73.46216583251953 54.58154296875
-10.548110961914062 -33.027374267578125 95.33547973632812
20.822246551513672 20.476303100585938 21.72201919555664
-80.7376937866211 -49.68427276611328 20.228742599487305
12.578638076782227 -64.01741790771484 7.5485334396362305
-90.84967041015625 32.551822662353516 4.979192733764648
7.7726593017578125 -58.73481750488281 91.18535614013672
-57.86281204223633 53.197723388671875 6.268462181091309
40.783206939697266 47.89012145996094 3.5023386478424072
-40.92809295654297 -1.1449220180511475 24.083650588989258
-25.798559188842773 -57.5273323059082 82.20319366455078
-12.30158519744873 -8.02707290649414 73.35685729980469
-11.848719596862793 -22.386672973632812 12.373027801513672
-13.363390922546387 -60.24479675292969 78.07774353027344
-67.32484436035156 14.2121000289917 11.280930519104004
4.016363620758057 -79.9488296508789 59.17439270019531
9.231698036193848 -37.85798645019531 69.75331115722656
-20.618619918823242 -74.73941802978516 77.68189239501953
-6.732895374298096 17.51780891418457 38.29927444458008
-36.24647521972656 -30.000707626342773 15.475812911987305
-13.093367576599121 -39.677162170410156 71.38893127441406
-28.55208396911621 -2.6927428245544434 26.771263122558594
9.741530418395996 4.818624019622803 48.88133239746094
-3.608428478240967 -59.26567077636719 12.197961807250977
-54.6301383972168 41.405914306640625 13.206512451171875
-48.560455322265625 2.7799484729766846 19.636573791503906
