22.901477813720703 13.289843559265137 97.81026458740234
-1.1096632480621338 26.715330123901367 39.177406311035156
-15.598132133483887 -6.572714805603027 32.10596466064453
30.10297393798828 -39.01447296142578 40.0880126953125
-50.26704788208008 -38.07693099975586 19.113405227661133
23.740428924560547 63.68045425415039 6.4311394691467285
-5.0961594581604 3.937746047973633 56.66447830200195
10.058791160583496 -32.78628158569336 64.03189849853516
-1.1677199602127075 1.8393722772598267 90.02922058105469
-28.80027198791504 -4.135774612426758 23.19806480407715
19.7794189453125 -83.2669906616211 22.227489471435547
6.14996862411499 12.219757080078125 107.67149353027344
-14.669517517089844 8.006407737731934 81.20156860351562
7.211269378662109 -61.14396667480469 39.04548263549805
7.947077751159668 -51.13978958129883 30.594913482666016
-3.5224485397338867 39.9723014831543 28.94159698486328
58.15766143798828 -10.681550979614258 11.564041137695312
19.195293426513672 59.98039245605469 8.733741760253906
-36.18603515625 -82.07389831542969 21.026140213012695
20.05990219116211 -52.26785659790039 31.88017463684082
26.565635681152344 -48.30058670043945 34.0112190246582
-30.51060676574707 0.19404716789722443 31.006181716918945
53.94115447998047 -6.971535682678223 19.307226181030273
63.30373001098633 -16.909788131713867 7.952226638793945
2.5250020027160645 12.59029769897461 94.2005386352539
-58.3410530090332 1.375579595565796 9.598711013793945
-16.239709854125977 -46.31753921508789 39.57944107055664
-20.445981979370117 -41.716094970703125 36.32904815673828
-4.262585163116455 37.481597900390625 11.69791030883789
14.075163841247559 -1.3761184215545654 37.050498962402344
8.309598922729492 0.3048960864543915 41.97449493408203
43.42734909057617 -2.226621150970459 16.566375732421875
-33.562522888183594 -6.030459880828857 28.53620719909668
5.476191997528076 -36.02067565917969 49.54024124145508
-3.3390820026397705 -38.16316604614258 46.95738220214844
8.19957447052002 42.88026809692383 105.8102798461914
0.503053605556488 -13.816858291625977 104.134765625
8.789664268493652 -5.389843463897705 45.7209587097168
13.47164535522461 38.093990325927734 26.583253860473633
1.7215243577957153 35.96263122558594 32.016143798828125
11.501994132995605 -11.50693130493164 92.29674530029297
56.05000305175781 -61.53508758544922 11.426358222961426
-23.395240783691406 -66.14495086669922 30.508440017700195
-0.65921550989151 50.73683547973633 17.353649139404297
57.25630569458008 -0.25271403789520264 12.728320121765137
20.202930450439453 32.612823486328125 30.642793655395508
-28.06344985961914 -39.95123291015625 39.97091293334961
-3.0784926414489746 -21.866424560546875 69.16529846191406
7.070065498352051 33.76870346069336 87.15522766113281
-21.764461517333984 -1.8150739669799805 43.869049072265625
1.7587674856185913 1.0781278610229492 100.35250854492188
26.883419036865234 46.97104263305664 18.773914337158203
-3.5937750339508057 63.813289642333984 9.179566383361816
14.632664680480957 -1.0967518091201782 105.9833984375
13.372442245483398 9.694997787475586 105.78384399414062
-7.909099102020264 -50.09266662597656 44.85498046875
20.969993591308594 50.81203079223633 12.418578147888184
-60.030941009521484 -52.4765510559082 13.552011489868164
-7.002929210662842 35.015140533447266 26.73820686340332
26.2183837890625 -16.71465301513672 44.68828582763672
-3.1098952293395996 47.079769134521484 21.63167953491211
-27.323917388916016 -73.38301849365234 22.448040008544922
44.1894645690918 -56.14249038696289 24.76323890686035
-2.234166145324707 35.03419876098633 112.67244720458984
19.581499099731445 -14.540042877197266 36.29227066040039
-35.14630889892578 -23.128528594970703 30.318767547607422
7.5956220626831055 -21.279306411743164 50.017024993896484
-30.5450382232666 -60.73365020751953 23.097848892211914
-40.19432067871094 -50.076847076416016 15.689745903015137
-18.363191604614258 -19.69460678100586 41.65031051635742
39.801395416259766 -58.490989685058594 22.78650665283203
26.453428268432617 -65.21586608886719 22.733417510986328
36.74888610839844 10.308187484741211 23.121315002441406
15.184014320373535 10.101224899291992 31.7746524810791
19.57568359375 3.301166296005249 31.634742736816406
-5.966119766235352 44.51691818237305 12.613743782043457
-22.7559757232666 -13.287471771240234 44.856510162353516
-21.23729133605957 -67.13377380371094 30.323348999023438
-18.841815948486328 -35.42686462402344 38.519020080566406
1.5986629724502563 44.215335845947266 13.395339012145996
14.42085075378418 44.095375061035156 11.721287727355957
-14.055635452270508 -60.874412536621094 22.96005630493164
-28.490745544433594 -67.9353256225586 20.01719856262207
12.097431182861328 -15.940655708312988 81.2895278930664
14.11794376373291 2.299391746520996 55.89474868774414
28.1267147064209 4.297591686248779 26.810731887817383
5.017076015472412 -56.94367599487305 32.2609977722168
36.49154281616211 -6.271130084991455 26.324291229248047
-18.784385681152344 9.547849655151367 89.9215087890625
-14.31147289276123 25.86607551574707 32.79971694946289
-29.47562599182129 12.707736015319824 23.030353546142578
25.29203224182129 -35.76444625854492 51.79383087158203
20.18437385559082 3.1797356605529785 95.7980728149414
-5.228335857391357 -18.034095764160156 61.665130615234375
-50.82977294921875 -2.351473093032837 10.29981803894043
20.48697280883789 38.182464599609375 10.126505851745605
25.642194747924805 -32.59038162231445 46.78424835205078
9.05978775024414 -49.57150650024414 35.65485382080078
-8.41486930847168 34.79335021972656 103.99259185791016
-22.4566707611084 5.586514472961426 33.44759750366211
1.5210553407669067 39.912353515625 95.52435302734375
-21.369464874267578 -13.812689781188965 32.57270812988281
-26.018718719482422 -22.767942428588867 32.4790153503418
24.321306228637695 80.62593078613281 13.345773696899414
21.736833572387695 -40.332183837890625 39.578285217285156
18.97987937927246 20.12077522277832 23.53915786743164
6.4022345542907715 10.386726379394531 30.133642196655273
-61.63709259033203 -59.07575988769531 11.305923461914062
-42.36945724487305 5.653741359710693 21.64069175720215
6.374822616577148 42.500858306884766 94.76985931396484
2.9968066215515137 -5.432436466217041 94.56938171386719
-73.16496276855469 -64.50537109375 10.038809776306152
-5.908192157745361 78.25399780273438 7.784712791442871
25.551219940185547 -44.1974983215332 26.63755226135254
14.367353439331055 9.952296257019043 80.35224151611328
55.16682052612305 -64.9283447265625 15.47927188873291
12.040157318115234 37.643272399902344 93.75276184082031
-3.7444660663604736 -30.386632919311523 57.63783264160156
43.82672882080078 -61.46443176269531 19.86267852783203
-11.097818374633789 -2.6691882610321045 43.76435470581055
-12.52312183380127 23.17713737487793 37.83839797973633
16.956308364868164 -42.21987533569336 33.02586364746094
-14.361852645874023 57.098236083984375 7.817649841308594
17.59500503540039 15.500235557556152 26.153242111206055
-16.336227416992188 45.61512756347656 12.223381042480469
-64.71920013427734 -58.05416488647461 10.199569702148438
9.405648231506348 18.735626220703125 44.51392364501953
63.47942352294922 -11.93382453918457 7.375843048095703
-34.4008903503418 -30.6407413482666 26.448810577392578
7.455950736999512 -23.125770568847656 83.43937683105469
-6.499574184417725 32.26073455810547 12.455692291259766
-23.067886352539062 -65.51747131347656 16.43803596496582
-0.1946752667427063 -21.534996032714844 88.43455505371094
12.293246269226074 13.585906028747559 113.9329605102539
24.259851455688477 72.19409942626953 6.452936172485352
-19.24277114868164 -64.29383087158203 34.36152267456055
-4.0358428955078125 9.241822242736816 31.06822395324707
38.08312225341797 -42.790287017822266 30.91314125061035
-56.34235382080078 3.291846513748169 8.643571853637695
10.949318885803223 -65.7603988647461 30.391191482543945
-1.299678921699524 28.898977279663086 104.03945922851562
51.98749923706055 3.0838735103607178 14.852505683898926
14.923894882202148 -25.21782684326172 45.31660842895508
15.626653671264648 2.6871843338012695 108.75515747070312
24.497974395751953 -8.074089050292969 44.93257522583008
51.640281677246094 -4.2975311279296875 10.18958854675293
7.8129777908325195 -62.832401275634766 20.60784912109375
26.110759735107422 -11.29843521118164 30.311981201171875
-7.947678089141846 12.697880744934082 82.72218322753906
-44.960548400878906 2.4086110591888428 17.33561897277832
-34.128475189208984 11.847055435180664 15.96817398071289
6.33640193939209 23.354427337646484 99.98312377929688
-14.626267433166504 32.68704605102539 24.993196487426758
-9.091530799865723 53.94429016113281 6.226301193237305
-26.217266082763672 15.997552871704102 28.12677001953125
30.73943328857422 -1.7781480550765991 34.50143814086914
18.882537841796875 33.22861862182617 12.438849449157715
8.772612571716309 -15.268348693847656 73.98005676269531
20.278358459472656 46.62415313720703 22.23752212524414
-29.691904067993164 -38.011024475097656 23.689334869384766
-18.616535186767578 15.321784019470215 86.06695556640625
34.0161247253418 -37.82355880737305 23.254053115844727
-7.022623538970947 -10.286378860473633 104.82111358642578
-2.6213133335113525 -4.5669965744018555 68.12779235839844
15.343453407287598 25.83243179321289 28.0039005279541
14.933504104614258 -46.23957443237305 38.03852081298828
13.185072898864746 45.91387176513672 20.984424591064453
18.517578125 -3.4886882305145264 32.2084846496582
-13.181197166442871 60.178558349609375 7.495792865753174
-1.202006220817566 -30.868595123291016 52.873268127441406
-4.653910160064697 -11.102800369262695 102.2700424194336
3.111593246459961 22.878557205200195 75.79473876953125
-2.200753927230835 11.231534004211426 50.5471305847168
39.28125762939453 5.225366592407227 23.648488998413086
-34.439701080322266 -41.473548889160156 26.95115852355957
-34.7595100402832 -41.43760299682617 34.05707550048828
63.179290771484375 -16.53396224975586 11.616538047790527
25.966964721679688 -16.6029052734375 31.0972843170166
-8.300759315490723 29.91740608215332 18.023099899291992
-5.190035343170166 24.507061004638672 18.36603546142578
45.577308654785156 -48.36974334716797 20.802967071533203
15.679264068603516 39.752113342285156 10.764232635498047
-67.18031311035156 -61.302391052246094 11.265256881713867
-49.61935806274414 -43.540306091308594 25.349647521972656
24.824207305908203 -77.29650115966797 23.851701736450195
-17.48748207092285 -20.57359504699707 70.06144714355469
-35.15109634399414 -74.73341369628906 18.117511749267578
10.669815063476562 17.418350219726562 29.49115753173828
3.245826244354248 19.42725372314453 31.08026885986328
-12.059041023254395 32.6569709777832 106.98072052001953
18.985130310058594 6.644392490386963 87.33251190185547
3.4200327396392822 1.6377480030059814 80.42655944824219
34.18190002441406 -14.468708038330078 24.57542610168457
1.863690733909607 -28.830528259277344 73.72747802734375
0.15249425172805786 35.36756134033203 20.81926155090332
10.455801010131836 35.267520904541016 19.798534393310547
22.70777702331543 -83.40129089355469 18.445554733276367
-9.280543327331543 32.64891052246094 90.88043975830078
27.119104385375977 -5.061307430267334 27.263954162597656
27.53689193725586 -10.135586738586426 44.16462707519531
-14.397068977355957 -27.85591697692871 49.776329040527344
-2.9237265586853027 -4.705047130584717 101.53563690185547
24.503192901611328 -76.95040130615234 20.504356384277344
22.48329734802246 44.1822509765625 8.926424980163574
-36.50485610961914 -32.94375991821289 35.775108337402344
38.64387893676758 -57.75920104980469 18.254384994506836
-5.610949993133545 59.14359664916992 6.844083786010742
37.31606674194336 -48.39773178100586 20.50232696533203
45.987361907958984 -1.6060643196105957 12.15936279296875
-45.64725875854492 -3.2781028747558594 8.110688209533691
-24.078407287597656 13.464410781860352 31.989404678344727
-15.954313278198242 19.679189682006836 35.46326446533203
-35.779014587402344 -66.997802734375 17.887208938598633
28.356033325195312 44.928592681884766 19.49171257019043
17.566059112548828 -81.50286102294922 20.30422592163086
22.582284927368164 9.206473350524902 93.73629760742188
24.295318603515625 40.77576446533203 14.907821655273438
48.29961013793945 -6.956358909606934 22.822265625
-10.697110176086426 -16.400806427001953 89.94548034667969
17.16905975341797 30.15053939819336 17.650047302246094
35.661861419677734 -0.030428677797317505 17.949296951293945
19.21057891845703 4.634012699127197 101.76957702636719
2.8463385105133057 -7.753185272216797 84.09744262695312
10.274076461791992 19.005674362182617 87.3759765625
-50.485713958740234 -53.802310943603516 11.858745574951172
-12.03718090057373 -18.173542022705078 49.62313461303711
18.120630264282227 -57.2378044128418 36.71432113647461
-2.280181884765625 19.50322914123535 76.63482666015625
-20.91053581237793 -59.642948150634766 32.84761047363281
7.673033714294434 -1.2088347673416138 62.73823165893555
-37.91638946533203 3.6440012454986572 23.792604446411133
-38.142208099365234 8.112052917480469 12.312458992004395
-1.2409911155700684 26.690067291259766 81.17449188232422
-19.10067367553711 -11.012228012084961 36.22977066040039
0.574167788028717 0.5550351142883301 47.045291900634766
20.669384002685547 -40.602699279785156 50.4139518737793
52.525943756103516 -0.743279218673706 19.220603942871094
-14.340649604797363 -63.605926513671875 29.915517807006836
-6.225613594055176 -4.15571928024292 94.29344940185547
39.920467376708984 11.168229103088379 23.622934341430664
9.530630111694336 39.38740539550781 101.4500961303711
44.35597229003906 -15.380858421325684 19.39583396911621
-32.56599807739258 2.332354784011841 18.03159523010254
-3.557370662689209 -26.564464569091797 83.99887084960938
12.74061393737793 -57.83437728881836 38.195030212402344
-41.632259368896484 -3.958836555480957 12.778634071350098
-4.375093460083008 -18.01163101196289 100.34986114501953
-9.529906272888184 34.11226272583008 11.993362426757812
-25.27874183654785 -51.42599868774414 29.11735725402832
-25.634937286376953 -42.082523345947266 30.816341400146484
-44.12228012084961 -38.64741516113281 27.770919799804688
18.472118377685547 23.344026565551758 91.35689544677734
13.135211944580078 -38.00798416137695 42.055946350097656
17.399044036865234 19.789142608642578 109.98353576660156
16.44072914123535 -8.90458869934082 40.86474609375
14.055424690246582 31.713796615600586 103.52642059326172
12.715391159057617 -12.427977561950684 61.066558837890625
-43.199649810791016 0.4341093897819519 20.580373764038086
-14.775914192199707 29.745677947998047 106.331787109375
-17.35655403137207 -65.77532196044922 18.010210037231445
-18.8183536529541 -67.98421478271484 23.334787368774414
24.350553512573242 77.7615966796875 9.851273536682129
17.43163299560547 -32.306148529052734 54.40462112426758
9.638421058654785 -28.505950927734375 71.64531707763672
25.31631088256836 -89.46517181396484 23.866342544555664
3.647878885269165 27.25347900390625 76.29568481445312
-11.65607738494873 20.546592712402344 81.75831604003906
9.379319190979004 28.711261749267578 31.638586044311523
1.414245843887329 33.48316955566406 31.470298767089844
-27.80882453918457 -11.136632919311523 28.769563674926758
-2.3595666885375977 25.167797088623047 91.90245819091797
22.134965896606445 -59.27362060546875 28.85409164428711
29.933238983154297 -52.3419189453125 26.617530822753906
31.673038482666016 -12.070611953735352 34.16873550415039
-31.822904586791992 -19.39541244506836 34.11825180053711
-28.827707290649414 -10.834254264831543 36.20981979370117
42.08267593383789 0.582944929599762 26.00285530090332
7.519941806793213 -8.993917465209961 103.06077575683594
-22.251008987426758 -56.460784912109375 25.457523345947266
-19.335372924804688 10.693344116210938 102.58623504638672
-50.00162124633789 10.073173522949219 10.249593734741211
-10.056105613708496 -20.193065643310547 76.84819030761719
-11.66022777557373 53.69975280761719 14.519600868225098
5.556947231292725 28.68799591064453 37.599002838134766
-0.06952649354934692 8.272127151489258 98.53994750976562
11.752708435058594 11.918864250183105 40.733882904052734
43.02968215942383 8.799022674560547 23.421085357666016
-63.86767578125 -2.9723832607269287 4.548068046569824
-13.551289558410645 -57.92229080200195 40.017433166503906
-7.28666353225708 -39.41617202758789 51.32931137084961
-47.022560119628906 -9.27182674407959 9.588571548461914
8.552490234375 -5.195258140563965 72.99720764160156
-25.694856643676758 4.971052169799805 18.986358642578125
6.596781253814697 1.9613640308380127 110.499267578125
-26.003559112548828 -33.029747009277344 45.24202346801758
-9.746804237365723 -49.541324615478516 36.65835952758789
2.1483170986175537 5.945499897003174 37.3758659362793
43.232749938964844 -12.655991554260254 23.528501510620117
4.176587104797363 -11.993501663208008 51.166683197021484
-28.54927635192871 -21.359529495239258 36.86171340942383
-24.58547019958496 -13.722919464111328 36.46018600463867
-20.912792205810547 2.781564712524414 23.840410232543945
35.80812454223633 -51.507904052734375 28.886104583740234
-32.63422393798828 -47.35194778442383 17.111433029174805
-27.60396957397461 -54.89854049682617 22.4870548248291
26.27147102355957 37.70579147338867 23.56502342224121
-18.296939849853516 36.270103454589844 20.287126541137695
3.1739282608032227 42.51606369018555 105.16627502441406
-12.239799499511719 6.222494602203369 87.57923889160156
-64.03437805175781 -9.949501991271973 2.7723960876464844
23.48945426940918 -9.219989776611328 49.192047119140625
42.07191467285156 -51.269161224365234 30.892826080322266
3.984806537628174 23.58108901977539 34.986690521240234
16.336801528930664 23.28948974609375 102.67724609375
-6.4246978759765625 15.935296058654785 77.61833190917969
-5.9006667137146 -31.16699981689453 71.7780990600586
64.8043212890625 -75.4410629272461 14.142037391662598
-30.53372573852539 -31.171377182006836 43.839210510253906
-16.74381446838379 25.75560760498047 26.76310920715332
-65.25914001464844 -7.798338890075684 3.5617189407348633
-55.28683853149414 -45.962867736816406 10.378037452697754
41.645111083984375 -39.33112335205078 23.98995590209961
47.46771240234375 7.97961950302124 17.745582580566406
33.665428161621094 -29.26046371459961 35.542781829833984
-15.383578300476074 10.4745454788208 108.93408203125
19.717456817626953 28.287811279296875 103.2048110961914
-15.328410148620605 28.48736000061035 99.92350769042969
11.959990501403809 29.039735794067383 87.15616607666016
-11.506193161010742 2.1411077976226807 38.18428421020508
40.94308853149414 -14.776227951049805 18.41547393798828
-14.666609764099121 -2.5290844440460205 95.39018249511719
-8.556550025939941 -6.678282737731934 49.9920768737793
-4.394487380981445 2.268254280090332 77.01890563964844
-42.7244873046875 10.49606990814209 17.04126739501953
31.649309158325195 6.458371639251709 30.758337020874023
13.656959533691406 10.94050121307373 90.40216064453125
24.91039276123047 -39.55107879638672 50.39424133300781
1.7428523302078247 -36.930702209472656 63.59099197387695
47.07038497924805 1.1688634157180786 21.885204315185547
2.721325397491455 15.694124221801758 77.18318939208984
-53.68242263793945 -41.36918640136719 12.872916221618652
-47.82760238647461 -40.842281341552734 28.3287353515625
-49.52301025390625 -49.2492561340332 15.437686920166016
-6.674093723297119 54.835205078125 17.110458374023438
-46.84639358520508 3.8681511878967285 7.703646659851074
51.16481399536133 -15.192737579345703 15.619244575500488
-54.306053161621094 -51.38276672363281 20.292285919189453
25.511186599731445 27.220977783203125 24.414167404174805
1.3661019802093506 14.907512664794922 35.30386734008789
-33.61298370361328 -9.073956489562988 18.380962371826172
-1.2846094369888306 52.37930679321289 12.510541915893555
-16.363740921020508 41.92279815673828 18.70833396911621
-67.2711410522461 -5.810334205627441 2.5609867572784424
-6.130434036254883 -3.9612951278686523 107.37051391601562
-47.385276794433594 8.346660614013672 15.735103607177734
13.796720504760742 -51.14358901977539 41.64067077636719
29.374897003173828 -39.8953857421875 29.017465591430664
-33.186500549316406 -82.64546966552734 20.262794494628906
43.92680740356445 -44.837650299072266 28.052471160888672
17.452205657958984 27.67195701599121 108.44599151611328
25.15763282775879 -29.190654754638672 34.30635070800781
-13.974020004272461 -7.694248199462891 87.64354705810547
30.819129943847656 47.528804779052734 12.727737426757812
30.469772338867188 10.12470817565918 32.3475456237793
64.57218933105469 -73.60238647460938 12.972097396850586
18.30399513244629 -17.33382797241211 48.9600830078125
12.658016204833984 -76.45077514648438 21.57851219177246
-24.159337997436523 -40.414764404296875 43.98143768310547
-37.06482696533203 10.958807945251465 21.16737174987793
-13.078420639038086 9.492010116577148 37.79877471923828
15.45389461517334 -20.830692291259766 59.163909912109375
15.596118927001953 25.75809669494629 36.64905548095703
-58.359981536865234 -2.9664053916931152 3.8909835815429688
-3.205486297607422 15.47162914276123 25.09771728515625
12.342551231384277 -75.93242645263672 23.36138153076172
-14.098466873168945 24.377153396606445 91.73464965820312
19.70660400390625 15.520017623901367 100.93133544921875
21.022510528564453 51.015602111816406 6.580886363983154
29.336759567260742 30.41907501220703 26.527999877929688
53.165008544921875 -10.904151916503906 20.044830322265625
-29.205472946166992 -43.6225471496582 22.8553466796875
-7.221136093139648 67.4839096069336 5.92568826675415
39.631919860839844 -54.70545196533203 29.498144149780273
32.5265998840332 -52.91141128540039 23.47113037109375
16.706310272216797 -6.325510025024414 53.06550216674805
25.98225975036621 30.037248611450195 19.74480438232422
-51.10643005371094 -43.512664794921875 19.968238830566406
-56.87712860107422 -6.091054439544678 7.326870441436768
-25.11295509338379 -59.44841766357422 18.45244598388672
-10.415423393249512 18.351741790771484 29.08514976501465
-16.612619400024414 -64.67556762695312 33.77812576293945
15.75596809387207 -24.56229591369629 65.96773529052734
-18.472179412841797 -61.40504455566406 18.296262741088867
29.901498794555664 51.341800689697266 13.254731178283691
-43.63294982910156 -46.9671516418457 24.26339340209961
-10.19482135772705 16.521072387695312 100.75086975097656
-0.7645105719566345 23.619346618652344 25.55310821533203
7.1411356925964355 24.745210647583008 24.903453826904297
-22.345081329345703 5.7931036949157715 40.26320266723633
-14.925458908081055 -9.538780212402344 58.51346206665039
30.021087646484375 -32.32695388793945 30.00922203063965
-21.91878890991211 -5.386366367340088 31.7642765045166
-6.419610977172852 19.317333221435547 114.87293243408203
11.617356300354004 22.9958553314209 19.833139419555664
-38.04883575439453 -88.15984344482422 24.32486915588379
-19.517183303833008 -20.273113250732422 60.24754333496094
-5.610037803649902 39.25013732910156 98.04335021972656
8.951725006103516 8.34391975402832 53.45866775512695
-12.836273193359375 37.49692153930664 12.73205852508545
20.518239974975586 -62.52213668823242 24.745412826538086
7.889606475830078 -18.5295467376709 54.683677673339844
-24.863187789916992 -23.75551986694336 49.87045669555664
5.644073486328125 11.26129150390625 80.11233520507812
-4.409422397613525 -42.938880920410156 40.60436248779297
3.384382724761963 -45.86600875854492 37.07316207885742
22.831504821777344 21.57382583618164 96.09868621826172
13.88405704498291 -5.829759120941162 61.86220932006836
-47.60283279418945 -37.92303466796875 17.240924835205078
-6.890354156494141 -34.30437469482422 66.61310577392578
-56.05061340332031 -53.47859191894531 11.769892692565918
11.865086555480957 21.01712417602539 79.71784973144531
17.164716720581055 -57.84190368652344 31.576126098632812
12.507018089294434 -2.7727489471435547 95.24260711669922
5.08251428604126 -2.133890151977539 71.62530517578125
17.20030975341797 31.868541717529297 98.62323760986328
-4.764517307281494 32.930294036865234 89.60107421875
-11.268568992614746 30.42567253112793 112.97525787353516
-6.76641321182251 19.456424713134766 39.94085693359375
7.110612869262695 -39.32508087158203 55.21354675292969
-71.42149353027344 -61.88559341430664 9.260483741760254
-40.31461715698242 -32.512149810791016 20.85526466369629
-11.529211044311523 -52.67618179321289 43.83711242675781
21.817047119140625 -66.71888732910156 28.350486755371094
-9.39484977722168 32.77642822265625 34.2789192199707
8.173471450805664 28.968032836914062 113.67534637451172
4.160661697387695 -50.61444091796875 43.9736328125
-5.3095808029174805 -47.160369873046875 43.436546325683594
20.324323654174805 -63.39695739746094 31.849681854248047
0.23477420210838318 -4.162108898162842 110.34569549560547
-13.296363830566406 5.65391731262207 48.294921875
-40.52869415283203 -39.029720306396484 34.97236633300781
-26.098140716552734 -62.73927307128906 29.67864990234375
20.09670639038086 -86.29935455322266 21.51899528503418
12.953716278076172 -41.98181915283203 46.91587829589844
-12.781908988952637 -11.373950958251953 69.43685150146484
-16.613689422607422 -37.49105453491211 48.8380126953125
-9.681673049926758 6.880608558654785 111.2018051147461
37.10775375366211 -35.661766052246094 28.6059513092041
-23.500898361206055 8.702360153198242 25.722253799438477
46.46019744873047 -58.071468353271484 15.87822437286377
-30.046335220336914 7.748137950897217 30.746475219726562
-23.02589225769043 -30.287336349487305 55.53649139404297
21.51572608947754 19.466373443603516 33.24939727783203
12.188669204711914 -4.834643363952637 85.70687103271484
-7.742923259735107 -1.9526243209838867 69.14984893798828
-42.69624710083008 -41.16316604614258 18.339908599853516
42.63911056518555 -10.49817180633545 15.504863739013672
-20.774904251098633 14.67691421508789 88.5573959350586
16.993410110473633 -74.21966552734375 26.16273307800293
13.73381233215332 -46.8272819519043 44.33123779296875
21.31856918334961 -44.85403823852539 43.85401153564453
-36.58500671386719 -30.81952667236328 20.923547744750977
7.310662269592285 26.45908546447754 28.495756149291992
1.303578495979309 28.729843139648438 29.77021598815918
-34.77981185913086 -43.399105072021484 19.700267791748047
4.301042556762695 39.3984375 89.86474609375
3.4486196041107178 39.57524108886719 112.11642456054688
10.7945556640625 -43.176368713378906 41.16617965698242
3.6313130855560303 -25.425901412963867 57.960121154785156
-9.122421264648438 -7.0156073570251465 80.52375030517578
50.011959075927734 -61.08997344970703 22.231576919555664
21.357887268066406 8.995494842529297 37.63936996459961
-5.162062168121338 59.32817840576172 12.847468376159668
16.043498992919922 -77.16712951660156 18.120534896850586
16.20244598388672 28.921083450317383 13.639004707336426
8.033506393432617 -57.35538101196289 24.649364471435547
-38.17035675048828 -5.431589126586914 21.07439422607422
20.775009155273438 16.584110260009766 88.55608367919922
-18.433218002319336 -48.907188415527344 29.59355354309082
14.17007827758789 3.0001087188720703 45.688865661621094
2.5174765586853027 -17.098642349243164 93.58837127685547
14.148283004760742 -68.88591766357422 21.272350311279297
27.51555633544922 5.297860622406006 38.134498596191406
-20.0242977142334 16.363664627075195 94.05001831054688
-5.35370397567749 1.2827898263931274 111.8965835571289
17.11601448059082 15.653215408325195 43.34928512573242
-28.035869598388672 -32.64906311035156 31.172889709472656
13.180602073669434 30.620197296142578 94.0252456665039
-38.315086364746094 -49.29199981689453 15.062041282653809
-28.778383255004883 -59.252593994140625 19.18651008605957
0.17114737629890442 17.165321350097656 91.53953552246094
-14.405445098876953 47.94736099243164 9.339408874511719
57.328895568847656 -4.347842216491699 14.394893646240234
-0.7560642957687378 -23.435651779174805 51.96247863769531
26.33417510986328 -5.842532157897949 39.187347412109375
35.42802810668945 -40.45487594604492 21.929454803466797
26.225631713867188 -84.02369689941406 18.871997833251953
17.78238296508789 13.945230484008789 81.86346435546875
53.11185073852539 -57.36051940917969 18.912353515625
-17.150585174560547 53.76137924194336 10.89949893951416
-1.044879674911499 11.765893936157227 111.79607391357422
-13.822052955627441 23.461748123168945 108.14268493652344
22.618955612182617 -21.32482147216797 39.6414794921875
-6.071797847747803 -0.6643491983413696 61.81209182739258
-13.494046211242676 -36.811038970947266 40.84489059448242
-8.8449125289917 -38.77329635620117 42.884788513183594
-11.93171501159668 -35.347721099853516 59.69820785522461
-10.95583724975586 -8.175055503845215 100.21977233886719
20.035314559936523 -0.6684490442276001 39.67487335205078
-13.811114311218262 -25.914731979370117 63.82185745239258
59.683658599853516 -68.31822967529297 11.434686660766602
53.53060531616211 -57.22285461425781 13.163813591003418
