207.05221557617188 102.8131332397461 18.415555953979492
-13.422945976257324 229.05865478515625 36.51476287841797
-18.123924255371094 -108.909912109375 0.6572043895721436
-44.766517639160156 70.9507827758789 17.146034240722656
-5.821196556091309 -84.7200927734375 16.044017791748047
-141.00726318359375 67.45464324951172 15.870295524597168
-9.993804931640625 247.64907836914062 28.23271369934082
-26.184053421020508 253.3044891357422 41.820594787597656
-112.5896224975586 -7.619688510894775 -0.021541791036725044
111.26943969726562 14.301361083984375 -19.050701141357422
81.91560363769531 18.86733055114746 17.904870986938477
-0.7003074288368225 -47.97712707519531 37.158042907714844
-26.38254737854004 -73.66543579101562 17.308408737182617
-0.03157231956720352 302.0085754394531 92.89993286132812
13.835939407348633 84.56350708007812 1.0498672723770142
26.06498146057129 88.74332427978516 16.37892723083496
-10.561945915222168 -139.54368591308594 45.17564392089844
-18.40587043762207 64.148681640625 36.41423416137695
-55.593868255615234 273.9556579589844 42.511451721191406
-15.643054008483887 -91.34892272949219 -4.087901592254639
-0.006487261038273573 310.4573669433594 74.99653625488281
-25.41681671142578 -113.08686828613281 33.912906646728516
166.0804901123047 97.63814544677734 15.66660213470459
142.36936950683594 38.46322250366211 16.427459716796875
-102.17864990234375 10.570331573486328 -20.16170883178711
-168.85264587402344 46.39311599731445 18.257835388183594
-26.287748336791992 115.29446411132812 26.60767936706543
15.213726043701172 209.16128540039062 40.27260971069336
106.13682556152344 -4.228431701660156 -12.683990478515625
30.7127685546875 11.613534927368164 26.732524871826172
-69.83055877685547 47.77541732788086 11.759696006774902
-4.698245048522949 9.61529541015625 -2.3680241107940674
-60.35778045654297 42.558570861816406 22.0833683013916
-24.518678665161133 74.03126525878906 37.935943603515625
68.673095703125 8.157506942749023 13.845663070678711
-5.847987651824951 -255.97390747070312 16.947919845581055
1.0062135457992554 219.88461303710938 17.427160263061523
0.08278907835483551 279.1705322265625 102.7625503540039
-259.9508972167969 120.72398376464844 21.107229232788086
0.7679216861724854 -93.7901840209961 -2.9232027530670166
24.912378311157227 55.280033111572266 33.951194763183594
-33.62860107421875 33.95525360107422 11.51496696472168
22.011085510253906 -145.20216369628906 23.383413314819336
57.7873420715332 74.42314147949219 11.206625938415527
93.39180755615234 3.3972222805023193 -12.788615226745605
0.0063033378683030605 309.12774658203125 118.82270050048828
-190.71636962890625 80.26873779296875 18.861217498779297
51.681297302246094 281.5866394042969 43.14494705200195
-96.21927642822266 21.146495819091797 15.692662239074707
-2.029602527618408 -50.54682540893555 21.306861877441406
-99.47604370117188 57.36152648925781 -12.459760665893555
-105.57662200927734 -7.101167678833008 -20.73944664001465
1.5781712532043457 88.9399185180664 47.874549865722656
171.09201049804688 50.88383102416992 17.936548233032227
-75.789794921875 17.593494415283203 21.920562744140625
-6.195398330688477 58.95875930786133 -6.886410713195801
20.48822021484375 -21.671707153320312 4.128451347351074
-4.269782543182373 -135.74603271484375 48.452964782714844
-0.03017195500433445 319.0016174316406 48.771575927734375
0.023505929857492447 235.30796813964844 65.35458374023438
-16.43931007385254 147.71461486816406 9.851639747619629
-27.68580436706543 -59.49778366088867 17.580272674560547
0.09281719475984573 243.71766662597656 73.36092376708984
7.756308078765869 31.6469783782959 1.6787970066070557
-79.03849029541016 306.6250305175781 43.48178482055664
-61.26091384887695 34.403099060058594 10.271510124206543
-60.07490921020508 58.32224655151367 6.815483093261719
61.88965606689453 29.09585189819336 11.2866849899292
51.13787841796875 24.97246551513672 17.854267120361328
178.35609436035156 64.13423919677734 18.311302185058594
-175.3490447998047 69.64639282226562 20.473535537719727
-53.581268310546875 -4.623325824737549 18.340295791625977
-6.006138324737549 -20.72464942932129 22.50564193725586
2.0752463340759277 203.87330627441406 46.605079650878906
-22.661273956298828 110.35993194580078 10.462015151977539
17.500408172607422 105.16679382324219 0.7858119010925293
112.80033111572266 78.59378051757812 13.485635757446289
-15.758459091186523 161.32766723632812 6.367631912231445
-22.040800094604492 -21.905275344848633 32.88075256347656
20.371356964111328 -71.11419677734375 3.953456401824951
-27.702756881713867 -123.7232437133789 14.581250190734863
27.379655838012695 -183.57962036132812 31.843463897705078
10.790217399597168 45.34097671508789 11.473126411437988
3.33211612701416 125.82080078125 3.3387184143066406
3.173185110092163 -264.825439453125 19.79011344909668
27.72966766357422 -76.87205505371094 26.68730926513672
-21.17241859436035 -194.59481811523438 37.55052947998047
48.871578216552734 9.782201766967773 7.761141300201416
2.768195390701294 52.23622131347656 -5.8954949378967285
233.7571258544922 86.10803985595703 18.711071014404297
25.59526252746582 -129.00999450683594 33.128414154052734
43.55983352661133 47.38530349731445 16.23954963684082
-164.6954345703125 77.15137481689453 18.493484497070312
-219.9329071044922 82.4952621459961 18.97129249572754
4.012041091918945 -225.85549926757812 38.58987045288086
28.769142150878906 303.6405944824219 44.97433853149414
-4.050164222717285 -268.75244140625 12.426202774047852
178.7247772216797 104.75401306152344 17.678720474243164
113.33755493164062 23.312227249145508 -9.862637519836426
120.30174255371094 89.22357177734375 14.020245552062988
153.2390594482422 39.11781311035156 18.104751586914062
-4.92451286315918 84.19486999511719 0.27336421608924866
6.062391757965088 -235.34727478027344 26.26612663269043
-141.52113342285156 38.551353454589844 16.53897476196289
-4.602032661437988 186.52020263671875 12.424915313720703
-24.76328468322754 296.30828857421875 44.187713623046875
-102.07828521728516 84.04256439208984 15.908843040466309
-29.680084228515625 303.04718017578125 44.966270446777344
2.2631330490112305 233.1576385498047 54.23402786254883
-104.7151870727539 66.38325500488281 -9.874164581298828
1.8084230422973633 257.5347900390625 29.567914962768555
-69.51423645019531 2.7699809074401855 14.888886451721191
15.202109336853027 -198.2037811279297 -2.827850341796875
-80.74755096435547 27.21950912475586 12.718832015991211
-94.8853530883789 86.19129943847656 16.01432991027832
-4.820316314697266 215.33721923828125 44.723487854003906
155.39622497558594 66.31718444824219 18.519405364990234
2.614267110824585 -55.846954345703125 -2.0267856121063232
5.45023775100708 225.59884643554688 25.51506996154785
-13.083568572998047 186.12689208984375 29.30295181274414
262.04266357421875 110.1664810180664 25.387779235839844
201.64410400390625 71.66813659667969 18.88421630859375
4.976576805114746 191.10780334472656 8.687082290649414
254.66932678222656 119.11173248291016 21.26395606994629
-13.664844512939453 -236.1044921875 5.558586120605469
26.76493263244629 -22.019920349121094 32.098472595214844
-21.621700286865234 -172.97897338867188 33.524871826171875
104.90457916259766 15.228251457214355 15.392317771911621
107.70525360107422 1.2864583730697632 2.6883580684661865
20.543432235717773 -162.04783630371094 35.15304183959961
-49.86881637573242 300.2723083496094 43.85398483276367
7.594503879547119 100.70170593261719 -2.809194803237915
-4.284500598907471 25.387996673583984 -5.10369348526001
-56.73480987548828 277.51239013671875 42.84090805053711
15.414114952087402 72.7236328125 44.851470947265625
26.136127471923828 -91.29769897460938 15.31153678894043
-188.90000915527344 96.6355209350586 17.819604873657227
-14.922393798828125 257.6542663574219 36.537471771240234
-4.8385419845581055 -16.36727523803711 48.06145477294922
-28.30550193786621 -162.76470947265625 13.748770713806152
0.02859433926641941 316.89373779296875 98.23603057861328
-107.3562240600586 56.97578048706055 -15.539565086364746
-134.5264434814453 88.08467102050781 17.038869857788086
-14.976236343383789 3.697624921798706 -1.514028549194336
-16.641700744628906 -197.78468322753906 -0.06863007694482803
-126.79254150390625 37.76536178588867 18.33222007751465
162.93824768066406 97.60930633544922 17.785978317260742
-92.70040893554688 28.901081085205078 -13.172487258911133
14.155449867248535 158.99842834472656 4.940405368804932
-149.98219299316406 50.421451568603516 18.04625129699707
-5.296593189239502 44.027400970458984 -1.315603494644165
-209.13531494140625 104.23429870605469 18.368919372558594
2.502209424972534 72.32593536376953 16.684741973876953
190.57041931152344 95.47985076904297 18.158702850341797
-31.585893630981445 54.48240661621094 19.74185562133789
15.847895622253418 -32.44795608520508 -2.5424036979675293
-57.01818084716797 -4.016496181488037 9.13349723815918
44.60063171386719 66.9876937866211 11.49216365814209
-2.4185631275177 -192.9472198486328 19.295618057250977
104.9854736328125 61.12358093261719 -9.735448837280273
104.55187225341797 63.8001823425293 6.421633243560791
228.35403442382812 115.87879943847656 17.547317504882812
45.070533752441406 85.00797271728516 16.36433219909668
4.4485392570495605 265.0732727050781 46.332069396972656
21.725664138793945 -177.20852661132812 40.062808990478516
177.64378356933594 88.10803985595703 18.273921966552734
-16.449443817138672 -80.17266082763672 -2.373746871948242
24.122264862060547 82.17869567871094 5.930990695953369
8.00898265838623 176.10462951660156 4.568655967712402
-13.34399127960205 231.26507568359375 44.22023391723633
-25.0567569732666 249.83396911621094 41.86800765991211
-13.542633056640625 -216.40560913085938 5.475604057312012
-158.12991333007812 92.9183120727539 17.102802276611328
-3.5476250648498535 170.19664001464844 9.132469177246094
-25.737775802612305 -205.42063903808594 18.83605194091797
-21.199811935424805 152.93899536132812 37.79010009765625
-20.817583084106445 -200.7586669921875 5.717240810394287
-48.729190826416016 83.87017822265625 12.392056465148926
-68.10803985595703 81.29023742675781 16.084657669067383
-140.75082397460938 44.392452239990234 20.55940055847168
-6.308818817138672 -104.31997680664062 45.60584259033203
-196.40269470214844 68.39189147949219 18.41632080078125
-52.229469299316406 -1.7302955389022827 7.694490909576416
-6.092434406280518 -215.14247131347656 23.389657974243164
20.205005645751953 -80.08776092529297 41.22693634033203
9.11676025390625 -44.138343811035156 2.2287261486053467
21.08698272705078 -193.89649963378906 24.31621551513672
-27.82597541809082 39.700809478759766 29.310653686523438
108.52392578125 52.801597595214844 -3.710672616958618
-91.31916809082031 70.44188690185547 15.330816268920898
-44.486167907714844 61.79026412963867 9.697877883911133
-0.5190891027450562 -178.85052490234375 41.598045349121094
56.791969299316406 -1.0795456171035767 12.666114807128906
92.65805053710938 14.385878562927246 18.541913986206055
67.68513488769531 53.00789260864258 11.908427238464355
-0.01258355937898159 322.933837890625 69.82769012451172
-12.918770790100098 -90.24443054199219 32.216312408447266
17.208724975585938 56.64391326904297 45.11903762817383
27.400442123413086 -47.38410568237305 29.087867736816406
-31.09663200378418 -5.324706077575684 24.61280059814453
3.5775341987609863 186.20944213867188 49.42412567138672
-23.530527114868164 -75.16403198242188 37.78647232055664
-22.277212142944336 -2.9358017444610596 5.448113441467285
78.41692352294922 296.16485595703125 43.0772705078125
-146.670166015625 30.477724075317383 19.606281280517578
63.26673126220703 312.2431335449219 44.67560577392578
-3.766012668609619 -3.887789726257324 13.295236587524414
3.4092044830322266 -175.7996368408203 18.441390991210938
-0.0855943039059639 224.04310607910156 56.76919937133789
3.715571880340576 -141.11561584472656 44.94308090209961
-129.29913330078125 22.425689697265625 18.67778968811035
117.9971694946289 -0.7774102091789246 -4.1969380378723145
-29.015300750732422 -122.77127075195312 26.76329231262207
-107.73212432861328 27.556760787963867 21.165319442749023
19.207857131958008 196.53245544433594 22.780550003051758
98.79346466064453 27.700225830078125 4.32956600189209
1.8513948917388916 61.98045349121094 42.50914764404297
157.1953125 58.3343391418457 20.41377830505371
-16.827892303466797 -216.4558868408203 36.243709564208984
-7.907144546508789 180.95164489746094 40.31049728393555
105.6157455444336 66.37067413330078 14.120973587036133
23.46143341064453 -193.98414611816406 9.494712829589844
-6.43710470199585 245.55125427246094 44.27475357055664
4.4185099601745605 -263.9288330078125 9.897624015808105
0.004627373069524765 341.8275451660156 120.68824768066406
-21.76643180847168 35.897483825683594 42.44987106323242
3.5726442337036133 137.5784912109375 50.47450256347656
-68.25666809082031 27.101404190063477 15.385270118713379
10.851814270019531 16.919458389282227 6.572348117828369
2.6301534175872803 161.26104736328125 41.63957595825195
3.1162524223327637 -35.94795608520508 13.159598350524902
91.8268051147461 66.9198226928711 14.621013641357422
29.831178665161133 24.76414680480957 11.914417266845703
-47.53870391845703 -10.031639099121094 12.449771881103516
15.858160972595215 -31.032447814941406 27.637470245361328
18.19664764404297 48.56501388549805 43.76514434814453
-4.532723426818848 -6.459299087524414 -4.245603084564209
8.514013290405273 -212.00039672851562 4.5961174964904785
35.24703598022461 -23.838720321655273 19.035404205322266
1.3042134046554565 77.63165283203125 49.18085861206055
63.738338470458984 281.857666015625 42.461830139160156
-14.323394775390625 138.81549072265625 2.0221211910247803
-177.03770446777344 82.08247375488281 18.280311584472656
20.278100967407227 -139.5890655517578 41.005516052246094
15.120637893676758 -66.55873107910156 29.104961395263672
-4.618888854980469 67.58602142333984 -2.2854554653167725
-43.38059616088867 270.0632629394531 42.551788330078125
-13.163320541381836 -187.62774658203125 -2.792961359024048
-0.006888316012918949 276.1285400390625 78.3509292602539
-227.33462524414062 107.71021270751953 18.3384952545166
7.768412113189697 -29.952756881713867 42.970924377441406
16.084402084350586 -71.8951416015625 43.57780075073242
31.79146385192871 -1.5939117670059204 22.298486709594727
0.6390699744224548 107.34037780761719 15.071654319763184
-4.699707508087158 270.46697998046875 35.4977912902832
-54.515357971191406 11.961894989013672 13.141569137573242
29.415456771850586 292.95648193359375 45.07146072387695
59.95537185668945 15.134605407714844 9.53259563446045
-25.12441062927246 168.28787231445312 30.67656135559082
47.41841506958008 20.457496643066406 11.168083190917969
63.55104446411133 284.79083251953125 44.34357452392578
-60.081687927246094 -7.5983076095581055 14.428929328918457
-110.13113403320312 45.98418045043945 -4.720449447631836
18.668903350830078 251.99497985839844 37.447391510009766
-117.24982452392578 20.019601821899414 -1.7362470626831055
-129.1825714111328 26.68284797668457 15.407767295837402
-22.484323501586914 106.16581726074219 29.95846939086914
-4.768845081329346 -29.238515853881836 45.37621307373047
8.17353630065918 108.23570251464844 40.88783645629883
20.982120513916016 78.3998031616211 38.41175079345703
28.930946350097656 -64.09500122070312 26.70128631591797
-0.44414272904396057 -64.10784149169922 46.85231399536133
118.70932006835938 37.085426330566406 -12.86088752746582
-35.11559295654297 22.55567741394043 23.922887802124023
-6.5155558586120605 -0.32102900743484497 32.81502151489258
82.42728424072266 -2.829972505569458 16.997068405151367
95.59062194824219 3.207866907119751 1.4079928398132324
0.07042388617992401 260.11517333984375 78.19950866699219
-32.67376708984375 89.78428649902344 10.781396865844727
-116.169677734375 -3.792238473892212 -2.7476694583892822
-21.887380599975586 -153.87948608398438 30.61695671081543
-46.89836120605469 45.83082962036133 23.112749099731445
-66.60770416259766 311.8747863769531 44.53190231323242
52.167781829833984 270.7890625 42.295536041259766
-0.01498205866664648 331.9771728515625 89.13799285888672
-0.1946244239807129 249.02378845214844 27.465070724487305
10.671708106994629 -113.17190551757812 8.28220272064209
-19.02731704711914 53.984619140625 1.8575551509857178
139.68507385253906 54.74498748779297 18.041818618774414
-6.828232288360596 -127.44844055175781 24.861555099487305
24.104896545410156 -172.5869598388672 13.459643363952637
13.353619575500488 -119.04414367675781 41.23270034790039
15.0441312789917 -3.800852060317993 3.4854581356048584
22.256132125854492 97.54285430908203 32.585880279541016
98.1151123046875 36.35528564453125 9.57023811340332
0.22822777926921844 -103.58191680908203 48.698455810546875
-19.80350685119629 45.238059997558594 42.463008880615234
131.2631072998047 26.27326774597168 17.568052291870117
-104.03094482421875 42.582183837890625 10.60789966583252
-19.929561614990234 -26.441720962524414 5.843897819519043
72.11333465576172 34.09749221801758 18.079357147216797
20.682945251464844 -204.88455200195312 31.8917236328125
18.22178077697754 168.285888671875 43.25504684448242
3.350393056869507 2.0724146366119385 46.56008529663086
-254.9910125732422 104.19153594970703 21.173757553100586
27.78813362121582 -62.29774475097656 14.722211837768555
166.7303466796875 78.1767807006836 18.836471557617188
-4.183464527130127 -38.29484939575195 46.34705352783203
94.07796478271484 50.7513542175293 14.543085098266602
95.79920959472656 51.50931167602539 -1.3404558897018433
0.6950700879096985 149.55899047851562 8.100518226623535
0.5261338353157043 201.5120849609375 18.0231876373291
-111.07538604736328 60.4061393737793 -1.580831527709961
-124.25992584228516 59.7216682434082 17.818044662475586
28.59651756286621 -116.45790100097656 22.430131912231445
0.038605786859989166 252.12155151367188 66.71367645263672
-111.02506256103516 -1.0929299592971802 -13.300826072692871
103.99407958984375 42.01042938232422 -18.470918655395508
-79.7864761352539 85.21073150634766 16.8909854888916
69.91551971435547 -15.748446464538574 18.512351989746094
-183.73165893554688 62.52058792114258 17.972787857055664
60.037540435791016 16.47300148010254 16.21427345275879
56.733543395996094 18.100391387939453 20.417734146118164
-5.619884014129639 -164.3822784423828 9.456962585449219
-23.206207275390625 -49.96637725830078 23.577844619750977
6.856504917144775 -13.110876083374023 41.31822204589844
-8.891799926757812 159.22764587402344 1.8227840662002563
21.840404510498047 -93.25469970703125 2.085969924926758
-6.444948673248291 -142.86651611328125 -0.5688909292221069
190.8692169189453 60.87571716308594 18.783918380737305
-209.99913024902344 110.9461669921875 17.334640502929688
22.849166870117188 21.847930908203125 31.8732852935791
-48.79728317260742 -21.228702545166016 17.81850814819336
-37.7995491027832 291.7707214355469 43.906429290771484
11.055450439453125 96.06671142578125 46.41727066040039
-1.0409425497055054 91.91289520263672 17.663793563842773
7.615164279937744 8.717914581298828 32.21950149536133
-20.52690887451172 276.531005859375 44.485687255859375
67.3714599609375 297.0766906738281 43.2813606262207
-26.71808433532715 134.56358337402344 25.153841018676758
-17.24028968811035 -53.04918670654297 4.0930562019348145
-248.47923278808594 114.47824096679688 18.645034790039062
-6.970932483673096 79.56509399414062 46.162174224853516
-25.571170806884766 -130.9818572998047 31.62799835205078
-103.00279235839844 -0.7001546621322632 -4.827368259429932
-0.7464265823364258 -25.145633697509766 -1.563840627670288
97.07081604003906 82.80050659179688 15.097966194152832
-15.694671630859375 166.81446838378906 40.84907150268555
-73.17015075683594 45.07522964477539 19.607568740844727
-62.56886672973633 45.25706481933594 16.03513526916504
-0.041364509612321854 304.4361267089844 107.13545989990234
0.005961377173662186 336.47174072265625 113.8548583984375
4.124434947967529 281.7499694824219 36.31766128540039
14.632969856262207 -48.610836029052734 43.22474670410156
-16.686107635498047 -63.89014434814453 37.896331787109375
107.98470306396484 -4.212471961975098 -4.775321960449219
56.00326156616211 62.70219802856445 19.043811798095703
253.20330810546875 91.93486785888672 18.682802200317383
-217.1643524169922 99.75048065185547 18.30293083190918
-112.78192901611328 19.96695327758789 17.353090286254883
-110.18656921386719 22.427188873291016 5.701810359954834
56.10110855102539 40.637962341308594 13.998897552490234
214.90695190429688 78.71758270263672 19.131046295166016
-3.9763786792755127 181.4940948486328 48.36027908325195
-13.074613571166992 -231.0985870361328 35.23143768310547
250.66360473632812 104.02791595458984 19.841623306274414
-62.51247024536133 63.78936767578125 13.928202629089355
34.311710357666016 273.795166015625 42.611080169677734
23.115238189697266 139.15570068359375 22.05410385131836
26.790754318237305 -128.3507080078125 21.954010009765625
-142.65072631835938 69.22323608398438 19.936912536621094
0.022159136831760406 319.3941650390625 57.7295036315918
-15.32204532623291 2.2142562866210938 45.42407989501953
-161.86962890625 66.36186981201172 17.988149642944336
-15.181331634521484 120.68367004394531 45.57734298706055
10.101653099060059 52.5893440246582 -4.270716190338135
-1.742544174194336 -50.11491775512695 47.4474983215332
8.97658920288086 41.67815399169922 -5.2813801765441895
167.5390167236328 91.05550384521484 15.51602840423584
12.006933212280273 179.22634887695312 23.7962646484375
0.807733952999115 -82.98538208007812 44.88456726074219
26.04452896118164 51.84599304199219 6.88944149017334
40.190330505371094 303.58563232421875 44.595211029052734
1.4085314273834229 310.38934326171875 46.06573486328125
94.08361053466797 45.2718620300293 -13.615503311157227
-0.017154091969132423 295.7122497558594 115.58206939697266
-24.507877349853516 -186.18905639648438 14.607503890991211
-27.18611717224121 -45.476768493652344 12.559030532836914
68.92860412597656 55.51542282104492 20.583480834960938
149.58375549316406 87.47737121582031 17.148094177246094
7.237090587615967 -147.5496826171875 8.980286598205566
26.795339584350586 291.9402770996094 43.20339584350586
-59.18825149536133 68.23258972167969 7.734640598297119
-56.207481384277344 81.67192840576172 13.304879188537598
79.46916961669922 314.16717529296875 44.25864028930664
26.880922317504883 -39.247161865234375 10.613167762756348
18.39511489868164 133.33712768554688 41.85688781738281
19.858497619628906 148.7769775390625 6.436654567718506
8.007366180419922 36.58449935913086 43.368751525878906
15.189724922180176 34.049964904785156 26.992795944213867
20.03575325012207 95.00956726074219 2.1020233631134033
70.2523422241211 285.8451843261719 43.14051055908203
-6.773906707763672 108.24992370605469 45.95085525512695
-2.273888349533081 317.1300354003906 47.46352005004883
3.753220319747925 -82.76268005371094 20.637691497802734
-9.231168746948242 48.61555099487305 21.974910736083984
0.5588103532791138 -256.0370178222656 2.598053455352783
-0.016609998419880867 322.10382080078125 124.6210708618164
22.564210891723633 -36.56889724731445 39.5245361328125
5.8724399423226714e-05 325.5083312988281 82.01303100585938
-13.800891876220703 94.21831512451172 -1.9059962034225464
114.9293212890625 50.34062957763672 -16.10249900817871
106.76136779785156 20.203367233276367 6.554582595825195
-141.22964477539062 29.233884811401367 18.197324752807617
0.6647019982337952 279.64892578125 53.73845672607422
12.056618690490723 6.8918585777282715 -5.508289337158203
-24.48630142211914 86.71395874023438 33.6928825378418
-35.86177062988281 85.95696258544922 21.38541030883789
-102.3564453125 68.25696563720703 13.456442832946777
-107.25731658935547 62.646484375 0.15163621306419373
17.489824295043945 -223.13992309570312 36.18880081176758
-2.333209276199341 -162.89598083496094 -6.933585166931152
-9.91791820526123 -69.86640930175781 -5.822861671447754
-6.546225070953369 139.04701232910156 40.738983154296875
8.186421394348145 209.9752655029297 21.69940948486328
1.8410826921463013 -238.3033905029297 5.193373203277588
128.6841278076172 89.01595306396484 16.648618698120117
-3.6949167251586914 -102.17841339111328 25.189929962158203
-6.13109827041626 104.68034362792969 -1.39413321018219
23.312469482421875 31.042217254638672 40.54426193237305
40.729469299316406 22.647876739501953 23.397363662719727
53.85446548461914 -13.971746444702148 13.677308082580566
1.564049243927002 -76.80973815917969 -4.230927467346191
27.284706115722656 70.33026885986328 28.125776290893555
-34.81093215942383 6.019628524780273 24.297880172729492
-5.979644775390625 -244.9707489013672 21.091121673583984
0.5309796929359436 -157.30264282226562 39.18733596801758
12.798406600952148 -134.43846130371094 -5.403171062469482
-12.13405704498291 32.5594482421875 -4.404811382293701
95.45743560791016 -3.6812171936035156 -18.409391403198242
1.028794765472412 -203.60353088378906 41.98012161254883
-53.2768669128418 88.34765625 17.275114059448242
-21.031383514404297 164.0985870361328 19.772403717041016
-22.15235137939453 300.9958801269531 45.1933708190918
-25.776975631713867 -40.69027328491211 32.95301055908203
110.68378448486328 40.445465087890625 10.094353675842285
-5.105650901794434 -116.47216033935547 41.999534606933594
-30.420866012573242 -34.75651931762695 18.119266510009766
28.290733337402344 -169.1928253173828 30.882659912109375
8.25084114074707 235.371337890625 37.096229553222656
-15.580646514892578 -40.898685455322266 40.28136444091797
115.99675750732422 -0.1662558764219284 -14.117179870605469
11.051759719848633 -182.69000244140625 -2.7259299755096436
-207.07720947265625 82.73655700683594 18.52143669128418
8.506819725036621 133.74383544921875 10.844649314880371
25.24374771118164 265.73193359375 42.92974090576172
-20.247127532958984 -93.12486267089844 7.951221942901611
-98.43657684326172 33.12986755371094 5.551488399505615
1.4137009382247925 93.14433288574219 0.37732425332069397
20.240589141845703 -228.189208984375 24.111705780029297
-234.71456909179688 87.90743255615234 18.712100982666016
59.53017807006836 58.00881576538086 8.706287384033203
-93.28104400634766 -1.6402513980865479 -13.896233558654785
-16.404804229736328 35.58991622924805 -2.316439390182495
31.280292510986328 -11.447161674499512 9.979894638061523
-0.2792254686355591 122.2798080444336 40.192291259765625
14.884315490722656 66.9144058227539 0.24279318749904633
-11.330094337463379 220.63162231445312 24.040151596069336
224.32066345214844 104.87191009521484 18.407291412353516
0.08561203628778458 290.27215576171875 71.25801086425781
-19.602014541625977 133.8968048095703 6.02833890914917
-3.134963035583496 302.922119140625 46.54994201660156
-0.036887168884277344 309.0450439453125 58.255741119384766
-10.724817276000977 20.95223045349121 13.655601501464844
12.863190650939941 -254.9979248046875 17.557287216186523
-1.6934270858764648 18.424161911010742 46.65238571166992
-9.200883865356445 27.6363582611084 37.74290084838867
-113.95755767822266 60.39781951904297 -8.018110275268555
-66.76136779785156 301.5150451660156 43.7244873046875
19.851177215576172 115.34967803955078 24.925689697265625
11.862725257873535 -99.7386703491211 37.281898498535156
-151.9769744873047 35.728763580322266 18.337732315063477
-69.04811096191406 290.82916259765625 42.79860305786133
-51.365257263183594 45.47383499145508 14.143728256225586
-27.800294876098633 91.52841186523438 17.452058792114258
46.82360076904297 92.01414489746094 16.42447280883789
13.83469295501709 -182.48223876953125 44.14888381958008
-2.493424654006958 -210.43528747558594 -6.3224778175354
-4.718931674957275 -253.34963989257812 8.983914375305176
-0.0206900667399168 -190.6630859375 -4.386180877685547
-0.027841296046972275 271.3803405761719 92.207275390625
-20.892614364624023 -97.30998229980469 37.730186462402344
-25.805971145629883 -106.95164489746094 21.000839233398438
132.06973266601562 67.30965423583984 18.606975555419922
-179.0071258544922 56.28877258300781 18.037431716918945
-4.947462558746338 -91.58676147460938 44.307003021240234
-16.300628662109375 125.51148986816406 9.873574256896973
-2.946751117706299 37.33052062988281 48.84779357910156
-2.019528388977051 -118.44284057617188 -3.499729633331299
99.15782928466797 -4.798181056976318 -3.7116620540618896
65.25043487548828 70.02916717529297 15.345915794372559
23.729900360107422 155.11585998535156 26.01546287536621
173.61048889160156 102.62293243408203 16.707595825195312
-21.493234634399414 72.55535125732422 12.037032127380371
226.34185791015625 95.05305480957031 17.372722625732422
-102.40316772460938 57.3303337097168 -0.741356372833252
9.48359489440918 22.01698875427246 45.40389633178711
-1.5554122924804688 91.01512908935547 36.1729736328125
-0.0034574440214782953 291.9151611328125 105.0613021850586
9.663069725036621 296.5111083984375 48.58233642578125
-0.01285565085709095 290.1195068359375 86.14716339111328
23.73514175415039 105.05218505859375 10.479608535766602
