34.28087615966797 73.41812133789062 -1.4218021631240845
26.92606544494629 66.61181640625 9.823179244995117
17.083377838134766 -8.820601463317871 36.68024444580078
5.258542060852051 -150.96542358398438 30.886995315551758
88.60863494873047 -178.15383911132812 63.24028015136719
14.65659236907959 86.43592834472656 -2.522892951965332
89.13726806640625 -194.33567810058594 32.976524353027344
7.971330165863037 -70.62287139892578 -5.156593322753906
-158.3665008544922 86.73675537109375 -4.537840366363525
227.6146240234375 76.06196594238281 5.696410655975342
68.6458740234375 85.98799133300781 1.6922242641448975
120.30863189697266 52.208091735839844 -6.016169548034668
56.181915283203125 104.46111297607422 -6.434784412384033
-8.877699851989746 184.88612365722656 8.883434295654297
2.176657199859619 -134.95643615722656 18.56487274169922
-235.53707885742188 36.0385856628418 4.480117321014404
-25.396747589111328 61.293426513671875 -10.660354614257812
-173.11660766601562 89.55963134765625 0.07540546357631683
-9.145040512084961 -4.176065444946289 -8.39553451538086
-86.08413696289062 157.52024841308594 -9.633919715881348
-19.166770935058594 23.135543823242188 28.4442138671875
-17.2686824798584 -39.03134536743164 10.153912544250488
-260.4649353027344 74.36002349853516 9.217150688171387
-214.4739532470703 64.58096313476562 0.5561364889144897
131.6495361328125 71.54422760009766 0.5526225566864014
169.34030151367188 38.23249053955078 -2.828676700592041
179.10545349121094 83.25726318359375 1.5227930545806885
254.4747314453125 43.290191650390625 7.398049354553223
-129.8194580078125 97.71251678466797 -3.37070631980896
14.496492385864258 122.09481811523438 -22.85017967224121
26.32598114013672 120.70567321777344 -19.183429718017578
17.11941909790039 -46.42586135864258 34.400970458984375
-12.966390609741211 21.367462158203125 18.986583709716797
80.67103576660156 156.8715362548828 -25.590518951416016
-273.6720886230469 69.99337005615234 11.20711898803711
-5.101623058319092 131.3148651123047 13.314163208007812
11.474781036376953 -163.38121032714844 32.01813507080078
-45.70442581176758 18.883657455444336 -16.619165420532227
-26.273622512817383 4.805515766143799 -8.044879913330078
6.387922286987305 113.90680694580078 -9.339896202087402
-6.458941459655762 -147.61509704589844 10.849745750427246
87.53963470458984 108.95526885986328 -25.669233322143555
173.85769653320312 58.31986618041992 -2.959813356399536
-50.252586364746094 119.05401611328125 -8.257308006286621
2.857160806655884 -1.4034699201583862 33.17521667480469
-120.82820892333984 19.74633026123047 -9.493338584899902
-0.2989630401134491 -55.50395584106445 39.33768081665039
221.86439514160156 35.37637710571289 2.5853567123413086
-210.52542114257812 77.63545227050781 5.813098907470703
22.45447540283203 26.232810974121094 30.389738082885742
17.19813346862793 129.07577514648438 24.82976531982422
25.75686264038086 73.37982940673828 -10.221128463745117
-180.7970428466797 32.164127349853516 -1.9201674461364746
98.23749542236328 109.37223052978516 0.24389436841011047
95.87451934814453 63.09650802612305 -14.891990661621094
-5.243245601654053 162.2338104248047 9.7516450881958
-225.13735961914062 74.64590454101562 5.094202041625977
2.0000696182250977 -23.064598083496094 -14.913675308227539
-94.05921173095703 69.63154602050781 -14.814464569091797
50.01156997680664 77.12821960449219 -8.682653427124023
-21.66312599182129 42.85218811035156 31.83915901184082
13.521907806396484 -173.21536254882812 30.328601837158203
62.06062698364258 51.93226623535156 -13.725838661193848
32.354095458984375 -144.4988250732422 30.638551712036133
14.739030838012695 89.21758270263672 33.43240737915039
88.52257537841797 -160.78411865234375 57.60544204711914
-16.82223892211914 139.19540405273438 20.272058486938477
22.414281845092773 42.80786895751953 7.788110733032227
157.21739196777344 95.16271209716797 -1.1620581150054932
97.37757873535156 77.31188201904297 -8.40546989440918
131.74032592773438 31.211774826049805 -7.2911272048950195
-9.511191368103027 -127.24900817871094 11.612760543823242
186.343017578125 67.00592803955078 -1.621320128440857
51.10836410522461 -145.8169403076172 31.12444496154785
-207.6991729736328 78.38067626953125 0.3901212215423584
0.2663397192955017 -92.17748260498047 33.63041305541992
-66.13690948486328 140.5913543701172 -6.38719367980957
-124.3834457397461 86.58528900146484 -2.2554450035095215
95.4486312866211 98.93187713623047 -6.0903096199035645
28.95355796813965 47.996944427490234 -5.774590015411377
10.565796852111816 13.5617036819458 -19.752185821533203
12.657718658447266 6.434348106384277 13.070205688476562
-33.89369201660156 4.727115154266357 -19.489200592041016
-25.974645614624023 -0.5060918927192688 -16.21186065673828
-88.90457916259766 -158.85214233398438 44.680599212646484
-210.7974090576172 33.36271286010742 1.6411651372909546
-12.163219451904297 183.82418823242188 1.566874384880066
-6.303662300109863 106.07551574707031 4.855306625366211
-21.064882278442383 -52.700504302978516 9.444360733032227
-88.829833984375 -172.62045288085938 51.15884017944336
11.699241638183594 -10.246759414672852 16.709064483642578
154.84437561035156 88.45914459228516 -0.33480459451675415
69.6896743774414 65.18621063232422 -11.209983825683594
48.04389953613281 31.735458374023438 -15.66701889038086
186.1956024169922 53.25342559814453 0.08139491081237793
-23.371070861816406 -6.182750701904297 -4.163459777832031
-90.6747817993164 43.21327590942383 -8.91692066192627
16.00759506225586 -63.36576461791992 -1.2992427349090576
-14.57738971710205 39.300479888916016 0.6793788075447083
64.58216094970703 75.52458190917969 -0.669032633304596
14.064271926879883 134.8495330810547 -2.458172082901001
27.375404357910156 125.87681579589844 -6.366293907165527
-85.7630844116211 -160.70909118652344 29.310171127319336
-85.67803192138672 119.3907241821289 -14.761401176452637
154.42340087890625 52.520729064941406 -3.7101070880889893
192.5149383544922 88.85939025878906 2.196672201156616
21.148290634155273 124.61554718017578 11.906319618225098
98.97128295898438 60.99123001098633 -2.9356026649475098
-90.62321472167969 89.0323257446289 -16.871503829956055
-149.67213439941406 72.62600708007812 -7.170506000518799
-46.902462005615234 103.11089324951172 -10.287201881408691
216.0984649658203 59.103721618652344 2.175969123840332
78.98721313476562 55.847782135009766 -12.310674667358398
-16.576345443725586 58.96146774291992 33.62535095214844
28.15431022644043 88.08893585205078 -13.765018463134766
66.26004028320312 89.7790756225586 -21.38176918029785
-9.650218963623047 79.79391479492188 22.805978775024414
-193.46722412109375 75.7315673828125 1.6442480087280273
-112.12818145751953 87.07587432861328 -11.478385925292969
208.7937774658203 28.50983428955078 1.125970482826233
75.05128479003906 108.58416748046875 -9.642931938171387
4.54791259765625 -178.31968688964844 20.7593936920166
-66.13418579101562 63.86104202270508 -21.358495712280273
-11.848320960998535 168.88858032226562 -8.967273712158203
273.77325439453125 44.96018981933594 9.556398391723633
8.675078392028809 153.25123596191406 19.799964904785156
-134.0699920654297 50.63096618652344 -3.416959524154663
88.26171112060547 -161.8492431640625 17.033737182617188
-271.51910400390625 60.37552261352539 10.390645980834961
17.761070251464844 -60.317901611328125 10.666266441345215
71.31819152832031 103.11459350585938 7.495693683624268
-247.93804931640625 37.439544677734375 6.298699855804443
17.4021053314209 -3.8825278282165527 -10.265203475952148
-4.561896324157715 -52.8113899230957 7.182173252105713
33.41067123413086 127.45308685302734 -8.36330509185791
22.138399124145508 140.28921508789062 -1.5313700437545776
141.1099395751953 60.177433013916016 -8.969229698181152
6.732491493225098 -25.7672119140625 4.230005741119385
-133.9532470703125 90.79056549072266 -7.989030838012695
9.638859748840332 21.521602630615234 -7.255874156951904
-13.17686653137207 143.10580444335938 -9.0218505859375
-26.341835021972656 131.0931396484375 -8.444698333740234
238.7369842529297 68.3078384399414 3.342351198196411
37.923458099365234 -193.0736846923828 31.697174072265625
16.603485107421875 156.53012084960938 -6.898534774780273
20.004430770874023 -26.520933151245117 -5.860452175140381
8.25224494934082 -46.276485443115234 -7.269791126251221
-236.36087036132812 81.10739135742188 6.4615302085876465
-2.574643135070801 119.34358978271484 24.74656105041504
-8.866629600524902 126.37151336669922 -9.456611633300781
105.51139831542969 35.23598861694336 -10.354689598083496
89.11608123779297 152.8495635986328 -13.610074043273926
5.178677558898926 88.3517074584961 -22.61237335205078
37.519508361816406 -156.45774841308594 31.2536563873291
-0.9871743321418762 15.699065208435059 34.141517639160156
13.478902816772461 34.609928131103516 24.077795028686523
7.472108364105225 -121.66630554199219 10.28652286529541
-117.53678131103516 39.03824996948242 -6.650509834289551
-17.669357299804688 1.617984652519226 11.945277214050293
-9.963705062866211 151.75741577148438 -18.620426177978516
-92.23147583007812 78.38630676269531 -6.741250038146973
-15.302024841308594 -52.22765350341797 -3.1097612380981445
27.15146255493164 33.586666107177734 -15.381401062011719
118.03842163085938 102.23197937011719 -4.787514686584473
78.491943359375 -184.118408203125 29.35069465637207
-100.21613311767578 38.66694641113281 -11.18602180480957
22.084375381469727 -154.47381591796875 29.41448402404785
-71.08858489990234 39.071510314941406 -14.261200904846191
54.505096435546875 -173.0084228515625 31.74687385559082
-25.175399780273438 129.54873657226562 11.18375015258789
21.824970245361328 -35.77058029174805 12.68358039855957
18.91696548461914 70.35638427734375 -2.8246068954467773
-142.30642700195312 84.25687408447266 -6.725888252258301
11.87009048461914 -78.094970703125 32.229759216308594
9.474763870239258 -51.967281341552734 37.999847412109375
257.4019470214844 56.00631332397461 5.5656867027282715
-114.48345184326172 16.324508666992188 -10.493803977966309
88.75965881347656 -196.63209533691406 42.26234817504883
58.289207458496094 -195.84803771972656 31.83134651184082
138.4085693359375 101.96076965332031 -0.8504570126533508
-1.0673565864562988 -61.67997741699219 29.372005462646484
166.3109893798828 65.5077133178711 2.6209983825683594
-3.9983577728271484 -177.9719696044922 21.88910484313965
-11.82200813293457 -187.7528076171875 30.900436401367188
-25.687299728393555 7.685749530792236 13.657782554626465
28.98027992248535 13.30402946472168 -18.493881225585938
-249.13836669921875 57.70491409301758 7.0371928215026855
-0.5555700063705444 186.822021484375 -6.9407854080200195
-79.70085906982422 80.80136108398438 -19.423038482666016
-73.2479248046875 110.76233673095703 -3.9998111724853516
-24.08299446105957 123.21968841552734 1.0249193906784058
24.884321212768555 56.322025299072266 -5.504730224609375
-22.69173240661621 -29.799795150756836 4.865764617919922
-183.8850860595703 89.58726501464844 3.4481348991394043
24.582324981689453 89.06394958496094 2.039315700531006
-8.81337833404541 112.35800170898438 35.84682083129883
90.01163482666016 111.31791687011719 -21.87643814086914
-25.092100143432617 77.52212524414062 11.985737800598145
-118.72771453857422 49.871604919433594 -9.767162322998047
5.072849273681641 -142.27354431152344 13.311234474182129
-64.02978515625 139.84262084960938 -23.378496170043945
-75.1537094116211 42.226741790771484 -8.191579818725586
-13.587347984313965 -19.944583892822266 39.55824661254883
-28.344228744506836 113.07613372802734 -7.249169826507568
-6.953890800476074 -24.953575134277344 -5.308265686035156
-58.76454544067383 121.06282806396484 -7.072346210479736
24.731592178344727 94.86385345458984 25.58966636657715
-16.073659896850586 -51.18058776855469 30.0293025970459
-7.201332092285156 16.206256866455078 7.143678665161133
-78.15879821777344 -176.48077392578125 30.78009796142578
-89.23474884033203 -181.5311279296875 17.53925895690918
-6.458555221557617 -169.66888427734375 20.443546295166016
-3.1455063819885254 97.16632843017578 37.51985168457031
-58.77228546142578 36.178489685058594 -9.400117874145508
-147.2360382080078 60.88573455810547 -2.9074783325195312
-65.75392150878906 76.42578887939453 -0.15903761982917786
-120.40814971923828 28.36258316040039 -8.96983814239502
-4.587623119354248 62.265586853027344 15.71326732635498
-183.82496643066406 67.66193389892578 3.0285439491271973
-87.8198013305664 153.32052612304688 -22.283130645751953
133.2325439453125 92.3563232421875 -6.564030647277832
42.899131774902344 64.75584411621094 -5.430476188659668
139.24668884277344 100.3061294555664 -3.7711522579193115
2.0747230052948 82.35855102539062 41.06318283081055
-78.80896759033203 158.75648498535156 -6.191991329193115
100.17015838623047 24.229576110839844 -10.718498229980469
22.328880310058594 104.38809967041016 24.737262725830078
58.33608627319336 76.44308471679688 -22.23727035522461
-26.56502342224121 19.59882354736328 -15.858668327331543
-89.11802673339844 -179.20428466796875 11.4299955368042
0.35059869289398193 76.51118469238281 40.41139602661133
-64.02407836914062 -172.927001953125 31.77416229248047
-17.010711669921875 -71.53289031982422 17.990764617919922
77.10574340820312 107.70161437988281 10.35568618774414
-18.025531768798828 117.90180206298828 19.18731117248535
112.45143127441406 22.897077560424805 -10.168970108032227
14.97508716583252 -62.412837982177734 29.122358322143555
-43.08033752441406 66.4749526977539 -2.8803837299346924
-27.700332641601562 61.66769027709961 1.936998963356018
-164.672119140625 38.50444793701172 -3.258584976196289
-232.37692260742188 77.62652587890625 9.726247787475586
71.52433013916016 150.7275390625 -3.1428780555725098
51.27454376220703 17.85036849975586 -15.262826919555664
200.85443115234375 56.25445556640625 4.575311660766602
-4.012101173400879 120.4417724609375 -21.756771087646484
-20.11167335510254 97.0545883178711 -14.710341453552246
-2.62416410446167 60.08087158203125 38.298675537109375
-68.01422119140625 -149.50511169433594 30.8681640625
-17.251026153564453 -188.203857421875 31.532079696655273
30.479997634887695 59.368804931640625 -19.55734634399414
-233.2340545654297 40.376983642578125 5.429678916931152
-13.508639335632324 -78.83782958984375 30.39727783203125
-137.1149444580078 92.468505859375 4.332075595855713
-86.66947937011719 146.5010528564453 0.8870530128479004
-22.682409286499023 85.6789779663086 -21.66033363342285
7.922163963317871 -35.36505889892578 16.18239974975586
-57.6470832824707 153.40609741210938 -5.7579731941223145
-95.72872924804688 151.92640686035156 -12.810686111450195
-90.10997772216797 -194.02943420410156 16.690053939819336
87.102294921875 70.82969665527344 1.337985634803772
211.44482421875 87.74938201904297 4.174899101257324
-10.827879905700684 -139.88258361816406 23.38860321044922
-83.88269805908203 15.555536270141602 -13.978738784790039
215.851806640625 79.59132385253906 5.944712162017822
-9.108237266540527 -95.4218978881836 21.849220275878906
18.167978286743164 -138.4764404296875 30.77450180053711
12.053159713745117 -124.91254425048828 24.683401107788086
211.08885192871094 71.93807220458984 -0.2820841073989868
17.924776077270508 50.94799041748047 -19.30914878845215
-89.27662658691406 -195.90126037597656 32.158382415771484
-219.2112579345703 50.08626937866211 3.717184066772461
81.64047241210938 73.85480499267578 -11.913414001464844
-85.41378021240234 150.9336395263672 8.877470970153809
-246.488525390625 75.80258178710938 8.078262329101562
48.07819747924805 -180.6566619873047 31.749404907226562
67.93862915039062 146.3151092529297 -22.51717758178711
-146.6695556640625 80.68531799316406 2.0381083488464355
-139.4700164794922 96.51834106445312 -1.515338659286499
88.72559356689453 -175.39312744140625 31.585031509399414
-24.192289352416992 62.07383346557617 17.492416381835938
-0.4601071774959564 188.5963134765625 3.7614564895629883
58.00115203857422 155.73204040527344 -13.04797649383545
182.37901306152344 65.73606872558594 4.625326156616211
-94.78675842285156 101.22599029541016 -5.515763282775879
-27.25320053100586 64.07090759277344 5.328863143920898
17.920555114746094 70.640869140625 16.987384796142578
-6.456940174102783 -112.23179626464844 7.3210577964782715
87.47994995117188 32.275299072265625 -11.050414085388184
-21.942163467407227 105.29008483886719 19.132488250732422
-31.2452449798584 83.29491424560547 -12.344593048095703
-10.611157417297363 183.74539184570312 -7.679867744445801
3.219362497329712 36.19917297363281 -14.804815292358398
-23.202394485473633 4.123509883880615 -18.616605758666992
-13.842991828918457 -107.71831512451172 21.250598907470703
-4.846127033233643 23.38062286376953 -19.594633102416992
-71.14009094238281 -153.90342712402344 31.33414077758789
-89.04844665527344 -154.2324981689453 35.73745346069336
-84.52339935302734 119.4898452758789 1.8441553115844727
-1.8383907079696655 -123.73131561279297 8.114709854125977
56.98058319091797 152.52317810058594 -8.789491653442383
84.71619415283203 89.47465515136719 -2.5286343097686768
5.233375549316406 157.89370727539062 20.02656364440918
-82.74794006347656 89.91574096679688 2.0572943687438965
-44.95326232910156 -144.6586151123047 30.976703643798828
9.709991455078125 61.17024230957031 29.766740798950195
-66.00431823730469 153.80738830566406 2.628519296646118
-65.31548309326172 90.0854721069336 -11.123273849487305
263.7116394042969 47.70005416870117 8.155699729919434
233.66650390625 47.21653747558594 4.721487045288086
205.6321563720703 37.66936492919922 1.0264562368392944
-88.8180160522461 -193.09808349609375 47.85268020629883
-72.37030792236328 -184.58921813964844 31.993330001831055
-0.6688791513442993 82.50460815429688 -6.570450305938721
86.78845977783203 94.02259826660156 -20.982173919677734
-185.62631225585938 86.37442016601562 6.6083197593688965
47.11088180541992 98.03794860839844 -16.18077278137207
-3.2404375076293945 148.95098876953125 21.80100440979004
-1.8090839385986328 -186.72198486328125 21.24547004699707
-13.021404266357422 -196.69967651367188 31.53306007385254
-28.953536987304688 -188.305419921875 31.66069984436035
-21.229400634765625 -58.81325149536133 18.265275955200195
18.73780059814453 10.04825210571289 30.38597869873047
88.90357208251953 19.797439575195312 -12.461434364318848
9.182290077209473 117.00765228271484 16.956584930419922
220.17068481445312 63.556968688964844 8.380276679992676
7.878848075866699 -109.40360260009766 17.363094329833984
-77.14173126220703 151.6297607421875 11.692949295043945
145.7323455810547 91.49681854248047 1.0514270067214966
3.661510944366455 -75.58252716064453 4.404350280761719
25.673274993896484 98.28994750976562 13.254719734191895
36.738346099853516 95.84893035888672 -1.2630778551101685
14.742180824279785 104.2479476928711 12.707291603088379
114.76642608642578 77.2878189086914 2.292428970336914
-96.59259796142578 54.1385383605957 -8.619665145874023
-200.26077270507812 59.975921630859375 3.1242573261260986
-124.36410522460938 69.4501724243164 -8.920820236206055
-36.673091888427734 -150.63690185546875 31.311094284057617
83.80724334716797 141.50975036621094 -18.730649948120117
-194.76345825195312 88.35301971435547 3.1197214126586914
24.849403381347656 28.532352447509766 15.720938682556152
-61.74528121948242 -197.96047973632812 31.607654571533203
-72.18641662597656 154.47019958496094 -18.793188095092773
-146.1217041015625 93.40345764160156 -0.5640642642974854
-55.6036262512207 -152.25765991210938 31.307289123535156
88.08522033691406 -166.97872924804688 42.83024597167969
0.07186195999383926 -174.17491149902344 14.678132057189941
-13.950596809387207 45.72277069091797 35.69189453125
21.85207748413086 17.185258865356445 4.88216495513916
-16.75287437438965 3.6942660808563232 30.62566375732422
153.9290008544922 78.4593734741211 -6.618225574493408
2.274744987487793 100.60394287109375 22.748180389404297
-121.032470703125 64.47802734375 -0.12683233618736267
-99.14702606201172 25.299158096313477 -11.541206359863281
-20.869977951049805 95.77278137207031 31.131656646728516
-128.62350463867188 96.75005340576172 2.157071590423584
-10.274803161621094 -65.26129913330078 2.388773202896118
12.8294038772583 -84.54082489013672 20.428030014038086
-63.459590911865234 62.529022216796875 -7.523871421813965
23.827102661132812 -11.52154541015625 12.838679313659668
1.3306151628494263 -187.3338623046875 29.865446090698242
-46.58314895629883 -194.82037353515625 31.71844482421875
-6.761613368988037 -16.591596603393555 12.283195495605469
37.124298095703125 -179.23822021484375 31.62171745300293
129.20706176757812 95.25520324707031 0.5712743401527405
11.285844802856445 175.5821990966797 4.840681552886963
-23.285234451293945 -168.82205200195312 31.68252944946289
55.365421295166016 12.478726387023926 -16.97110939025879
233.204833984375 30.24431800842285 4.0738396644592285
-11.243019104003906 -148.1731414794922 30.763919830322266
-78.56037139892578 51.312713623046875 -24.848712921142578
-85.3027114868164 43.89088821411133 -15.664586067199707
-89.16465759277344 97.58228302001953 -14.551336288452148
23.02861213684082 -9.829647064208984 27.38420295715332
13.305389404296875 131.39736938476562 -14.791200637817383
27.93222427368164 126.61740112304688 -12.988570213317871
-10.311951637268066 55.35741424560547 -4.056640148162842
-2.3811120986938477 128.5665283203125 31.686420440673828
-170.34649658203125 61.54920196533203 -1.0856730937957764
8.646212577819824 119.60955047607422 31.45606231689453
67.11126708984375 26.42115592956543 -14.631258964538574
-1.3572088479995728 -160.25596618652344 26.484067916870117
-23.812623977661133 45.78049850463867 6.829832553863525
76.22069549560547 -163.87875366210938 31.13992691040039
-26.664535522460938 3.724480390548706 -5.9442949295043945
-33.873260498046875 87.96392822265625 -0.6795387268066406
205.8793487548828 79.76895141601562 4.669496536254883
25.50358009338379 -150.45765686035156 32.667354583740234
-188.2068634033203 84.32913208007812 -1.4892234802246094
-20.573705673217773 74.93293762207031 -14.09475040435791
-257.7624816894531 39.31822204589844 7.146600723266602
24.204710006713867 18.537687301635742 16.075220108032227
4.849924564361572 159.8378448486328 -13.290558815002441
17.951374053955078 150.0846710205078 7.876450538635254
-79.46865844726562 58.6938362121582 -16.539039611816406
85.02486419677734 -158.2798614501953 29.10310935974121
-5.351688861846924 -137.8494415283203 30.67325782775879
-21.22983169555664 143.28515625 9.307040214538574
58.94681930541992 -151.78245544433594 31.253507614135742
-20.487516403198242 92.82957458496094 10.466797828674316
25.71445655822754 107.33894348144531 1.4055262804031372
88.32675170898438 -160.1385040283203 19.25442123413086
88.65406036376953 -171.8882293701172 19.50423812866211
-18.693511962890625 -18.011245727539062 25.25729751586914
117.49300384521484 91.84135437011719 0.03343524411320686
3.039858818054199 141.37513732910156 -19.9833984375
0.8996586799621582 34.320796966552734 35.49312210083008
-15.541440963745117 -34.60044479370117 -8.39287281036377
4.773372650146484 -41.63057327270508 37.48011016845703
-75.51868438720703 99.89217376708984 -21.660608291625977
-10.98991584777832 -97.57719421386719 6.649076461791992
-197.9759521484375 32.1641960144043 -0.21470949053764343
52.07352828979492 -202.76942443847656 31.545230865478516
89.00182342529297 -161.59986877441406 17.677921295166016
-19.12922477722168 -66.537353515625 27.226211547851562
-8.729074478149414 -78.65743255615234 34.51716995239258
6.283754825592041 76.0277328491211 39.47722625732422
-92.65106201171875 126.17893981933594 6.977055072784424
-60.90559768676758 155.60955810546875 -19.970510482788086
247.7082061767578 34.44824981689453 5.917185306549072
-14.940954208374023 -16.488149642944336 -15.607232093811035
118.3131103515625 22.36366844177246 -8.87098217010498
88.39303588867188 -189.81375122070312 64.99444580078125
-10.062487602233887 -70.23188781738281 34.05156707763672
-88.58485412597656 -166.82737731933594 61.38301467895508
-85.23240661621094 39.3172607421875 -15.649054527282715
-188.5611114501953 44.991180419921875 -0.5815784931182861
3.9001665115356445 -67.76866912841797 36.41074752807617
-62.94676208496094 104.75257110595703 -2.822338819503784
-26.414880752563477 -139.6616668701172 30.905073165893555
-137.62315368652344 28.464340209960938 -6.831359386444092
88.69989776611328 -193.0747833251953 53.14988708496094
-156.44093322753906 26.30508041381836 -4.873671531677246
-62.621822357177734 97.20726776123047 -24.07530403137207
-27.157228469848633 95.33680725097656 -24.65556526184082
-38.881317138671875 100.13662719726562 -20.201677322387695
27.27432632446289 111.5196533203125 -9.263230323791504
21.5361270904541 118.12604522705078 1.1983892917633057
-24.72849464416504 13.919943809509277 -0.20861557126045227
89.87720489501953 -163.56085205078125 31.50676727294922
11.777359008789062 -21.854589462280273 31.932971954345703
-62.925533294677734 114.61141204833984 -19.606521606445312
-87.02409362792969 -176.06471252441406 35.018367767333984
-191.49472045898438 32.198768615722656 -0.4826856553554535
28.463327407836914 18.62260627746582 -13.157963752746582
6.57142972946167 -3.9061546325683594 -18.14470863342285
149.99102783203125 69.91280364990234 -1.2996832132339478
65.21196746826172 39.10917663574219 -10.148962020874023
19.425682067871094 27.18569564819336 34.94356918334961
126.69966125488281 73.67288208007812 -6.783285617828369
-14.58970832824707 -107.046142578125 9.833810806274414
9.373089790344238 138.6507568359375 15.936236381530762
15.464042663574219 -58.17633056640625 -8.332688331604004
56.84306335449219 126.9552993774414 -8.036911010742188
35.759132385253906 81.38589477539062 -0.8924195170402527
23.397850036621094 83.78704071044922 17.81693458557129
-59.49542236328125 152.84107971191406 -14.073773384094238
271.2800598144531 60.2187385559082 10.219970703125
-250.52835083007812 32.69084930419922 6.155481338500977
-7.834936618804932 -32.78441619873047 31.197154998779297
88.27478790283203 147.64056396484375 5.807152271270752
-235.03515625 41.12232208251953 3.6163289546966553
-44.72502136230469 -171.0634765625 31.69635581970215
-2.2898406982421875 -174.40615844726562 31.62912368774414
-63.947784423828125 158.3423614501953 -6.700535774230957
-80.48267364501953 63.485469818115234 -3.8836872577667236
9.795656204223633 159.14134216308594 17.63749122619629
21.6865177154541 64.68070983886719 29.96722412109375
-9.738152503967285 -159.09576416015625 33.2135124206543
22.051145553588867 136.9990692138672 15.402735710144043
197.38604736328125 74.63419342041016 1.9156183004379272
253.60653686523438 69.50202941894531 8.281723022460938
92.59675598144531 116.95305633544922 -5.324042797088623
-58.48479080200195 13.275983810424805 -16.285367965698242
-4.653641700744629 10.497085571289062 -13.82763957977295
-76.04168701171875 157.6604766845703 1.0751725435256958
-55.35502243041992 50.16819763183594 -14.314764022827148
14.75708293914795 -44.4692497253418 25.378616333007812
74.92149353027344 124.68248748779297 5.757449150085449
5.284132480621338 43.41924285888672 9.00890827178955
-21.664936065673828 -34.98955535888672 -2.974752187728882
21.068035125732422 100.1616439819336 -6.84644079208374
15.623217582702637 -83.02345275878906 30.271297454833984
-11.51898193359375 29.568584442138672 -21.832603454589844
-21.60280418395996 -18.332372665405273 -9.318512916564941
118.76490783691406 103.12188720703125 0.37740257382392883
78.68168640136719 126.17366027832031 -21.120288848876953
-0.33461883664131165 -152.35963439941406 10.445964813232422
10.4885835647583 52.960365295410156 3.5677406787872314
-24.780174255371094 31.30970001220703 24.595111846923828
-7.614816665649414 -116.96487426757812 25.10060691833496
4.959477424621582 -92.8158950805664 1.0715430974960327
29.33053207397461 3.761465549468994 -19.447593688964844
68.39952850341797 147.43324279785156 8.841484069824219
-83.45905303955078 140.35214233398438 -20.590702056884766
-134.9661407470703 59.04951477050781 -10.310197830200195
-268.6365051269531 72.50334167480469 10.690157890319824
101.16294860839844 46.18540573120117 -13.94384479522705
88.83843231201172 -188.98870849609375 18.057111740112305
91.16018676757812 130.12164306640625 4.433285713195801
-53.62102127075195 113.69972229003906 -2.1217644214630127
268.20123291015625 76.58785247802734 9.817281723022461
-18.656644821166992 128.03677368164062 23.631576538085938
88.9981460571289 -184.0174560546875 46.66154861450195
-175.21051025390625 78.27983856201172 0.6050159335136414
-23.70146942138672 40.24749755859375 -15.826866149902344
185.1846923828125 37.38155746459961 -1.0954184532165527
1.7222788333892822 -141.1200408935547 30.931333541870117
-89.02854919433594 -183.52037048339844 60.715267181396484
-16.785985946655273 118.40178680419922 32.24039077758789
17.557920455932617 111.49956512451172 31.69881820678711
4.360619068145752 -118.39741516113281 33.743831634521484
62.24409103393555 83.51496124267578 -13.594261169433594
