-21.855369567871094 11.757243156433105 138.07215881347656
54.07883071899414 54.151771545410156 10.210432052612305
9.833433151245117 47.78469467163086 4.790619850158691
-14.205972671508789 -32.24778747558594 78.83415222167969
-24.50926971435547 -41.303314208984375 215.3499755859375
11.522578239440918 -18.023921966552734 143.36378479003906
36.832000732421875 -9.839194297790527 284.269287109375
20.267005920410156 18.733612060546875 6.138115406036377
-17.064592361450195 -26.543161392211914 56.359901428222656
-26.129465103149414 -13.545599937438965 287.69879150390625
-33.06565475463867 47.86808776855469 13.08878231048584
0.5750604271888733 -47.07945251464844 214.6956787109375
11.40790843963623 45.524864196777344 30.47652816772461
57.37919616699219 -37.69584274291992 7.975818634033203
-47.20452880859375 7.539174556732178 74.11788940429688
-13.636724472045898 -42.50596237182617 289.1449890136719
-18.112319946289062 -47.68711853027344 295.0247802734375
26.182395935058594 -9.639565467834473 107.34185791015625
-1.1632024049758911 -3.864257335662842 51.52549743652344
43.35538101196289 7.500226974487305 52.0010871887207
-29.17695426940918 -26.258108139038086 48.38207244873047
11.079388618469238 -15.695626258850098 165.61488342285156
54.58205032348633 40.29662322998047 46.41705322265625
28.051359176635742 -3.5515120029449463 99.85537719726562
0.2700028717517853 -5.8543381690979 107.9156494140625
-39.74863815307617 5.72316312789917 217.75743103027344
48.1423454284668 -47.480464935302734 14.741012573242188
-51.1726188659668 -26.101423263549805 59.677101135253906
4.220813274383545 -43.59510803222656 79.75801849365234
-18.108379364013672 26.1188907623291 82.5103530883789
21.19803810119629 -39.96968460083008 287.11212158203125
25.638235092163086 -35.152740478515625 279.9964904785156
29.922954559326172 34.742393493652344 37.42568588256836
6.766059875488281 -16.95224380493164 48.58684539794922
-9.173824310302734 -1.114997148513794 36.6177978515625
-20.762779235839844 44.46385955810547 60.06523132324219
55.6264533996582 54.251121520996094 4.313448905944824
-27.768781661987305 20.562240600585938 41.76344299316406
35.316646575927734 1.0679904222488403 40.67255401611328
35.710662841796875 37.03153991699219 215.18988037109375
28.816133499145508 -32.801719665527344 32.799163818359375
-34.5926513671875 35.21118927001953 215.74557495117188
18.806842803955078 11.769408226013184 129.6952362060547
17.988624572753906 18.303770065307617 189.0767822265625
-32.72360610961914 -57.4882926940918 50.58895492553711
-12.028440475463867 53.49501037597656 64.1521224975586
9.40394115447998 -58.56962203979492 60.34614562988281
5.108489036560059 30.42514991760254 100.99553680419922
41.449623107910156 4.112453460693359 282.4560241699219
9.056171417236328 29.69258689880371 98.88583374023438
-39.84672546386719 54.89533615112305 16.32322120666504
13.210967063903809 14.975152015686035 117.88787078857422
-8.487607955932617 -3.411268472671509 311.2880554199219
9.875069618225098 -48.07673263549805 287.6950378417969
-28.323963165283203 -0.24173861742019653 258.48724365234375
-5.363373279571533 8.305073738098145 255.90328979492188
-25.680713653564453 -18.189781188964844 60.96725845336914
9.445650100708008 -26.287565231323242 108.57270812988281
8.544498443603516 6.921667098999023 54.126495361328125
39.65348434448242 23.413724899291992 213.4492950439453
-21.30860710144043 -14.795498847961426 123.25980377197266
69.74453735351562 -1.904368281364441 47.1185417175293
29.35883331298828 -4.059356212615967 230.04458618164062
-42.984840393066406 -35.1605224609375 65.82319641113281
42.760772705078125 54.683319091796875 41.416839599609375
16.952392578125 -48.603031158447266 31.008913040161133
-22.658557891845703 -22.91442108154297 265.73626708984375
17.688325881958008 5.111271858215332 201.81671142578125
-3.1505868434906006 15.090208053588867 136.65390014648438
-11.428816795349121 -19.338424682617188 243.92225646972656
5.889611721038818 45.5437126159668 75.33832550048828
-23.376806259155273 3.2572431564331055 160.74835205078125
6.427696704864502 20.1014347076416 22.127517700195312
17.188331604003906 56.015174865722656 4.051768779754639
-9.97899055480957 53.06574249267578 45.817901611328125
-12.721470832824707 -2.311361789703369 205.1377410888672
17.832992553710938 -34.87269592285156 75.88433837890625
-25.50762367248535 5.245558261871338 123.47289276123047
-16.00506019592285 27.963024139404297 72.61106872558594
-41.63142776489258 -18.091022491455078 295.53814697265625
-16.26984977722168 -16.905851364135742 179.63894653320312
29.05691146850586 -37.80082321166992 44.04158020019531
4.456271171569824 -30.715076446533203 264.125244140625
25.992813110351562 -20.912185668945312 24.350061416625977
57.53568649291992 -34.97640609741211 17.936025619506836
-22.11125946044922 -2.8426270484924316 146.96237182617188
40.88248825073242 -40.24077224731445 35.08021545410156
35.53301239013672 31.519718170166016 214.55712890625
31.268848419189453 -62.12748336791992 13.487711906433105
-68.45111846923828 -14.884676933288574 11.648801803588867
-34.81425857543945 -3.9177372455596924 5.086920738220215
-37.33445739746094 -48.588356018066406 6.055066108703613
-3.832366466522217 31.311548233032227 202.25694274902344
6.066901683807373 -0.8061130046844482 22.871906280517578
-9.393416404724121 -3.9219300746917725 299.926513671875
-11.881494522094727 -15.654855728149414 195.5989532470703
13.234233856201172 -6.985846519470215 191.4091339111328
-10.697041511535645 10.315902709960938 267.1169738769531
36.493648529052734 -3.3129656314849854 212.91383361816406
-12.669062614440918 -27.21900749206543 204.0140838623047
23.29349708557129 19.194244384765625 17.14411163330078
16.742536544799805 17.38888931274414 138.63494873046875
52.53955841064453 -5.625527381896973 39.709373474121094
45.022850036621094 0.6996268630027771 21.54606056213379
-0.7044621109962463 7.214801788330078 120.593017578125
6.665610313415527 -34.808467864990234 34.26276397705078
-1.6545518636703491 -19.339065551757812 292.74884033203125
14.78343677520752 24.772367477416992 98.57492065429688
54.581016540527344 34.170310974121094 48.4849967956543
24.22248077392578 -51.8875617980957 27.613130569458008
-39.92002868652344 54.161312103271484 49.01408004760742
-32.3581428527832 -31.307275772094727 43.877872467041016
2.1068294048309326 -14.673049926757812 65.33285522460938
55.2501106262207 -24.694726943969727 44.8803825378418
-67.07662963867188 22.327312469482422 8.273943901062012
54.29273986816406 -25.820253372192383 26.26923179626465
18.59803581237793 -24.12370491027832 263.38470458984375
27.195384979248047 59.89444351196289 44.1125373840332
35.691776275634766 59.842987060546875 43.537147521972656
16.574119567871094 27.98270034790039 20.76181411743164
-9.036971092224121 -12.792136192321777 14.154208183288574
-40.74788284301758 -46.167564392089844 53.027835845947266
19.895219802856445 11.406919479370117 170.47434997558594
12.29526424407959 20.812681198120117 258.12945556640625
-1.0161200761795044 5.23662805557251 211.8364715576172
17.33086395263672 -4.001486778259277 265.04217529296875
-2.1640090942382812 23.42457389831543 127.63407135009766
57.88546371459961 -4.608520984649658 50.48504638671875
13.193586349487305 14.162466049194336 83.10263061523438
-6.677037239074707 29.97846221923828 222.67776489257812
-64.36414337158203 -7.480885982513428 41.21815872192383
14.154040336608887 -43.52750778198242 43.617767333984375
-23.188650131225586 -17.983470916748047 75.84732055664062
-15.731739044189453 15.563311576843262 172.53875732421875
-27.759706497192383 -5.219272136688232 107.59027862548828
-27.944168090820312 12.990260124206543 64.88130950927734
-3.914091110229492 12.668240547180176 53.83090591430664
-3.6279449462890625 -47.6114387512207 80.064453125
0.16866175830364227 17.18910789489746 95.28155517578125
15.686380386352539 -23.310916900634766 65.28936004638672
-30.388683319091797 5.448291301727295 97.68399810791016
-12.003707885742188 -32.81085205078125 10.686662673950195
3.606898307800293 -61.8462028503418 26.2869815826416
-46.36793899536133 20.848268508911133 293.267822265625
-14.77099323272705 0.7900424599647522 75.94403839111328
20.26103401184082 -15.438119888305664 135.04539489746094
-19.33362579345703 -34.301658630371094 61.1661376953125
-17.764328002929688 -18.4871826171875 162.0485076904297
22.058515548706055 -9.216739654541016 121.4031982421875
-4.938714981079102 -34.48323059082031 229.11289978027344
-19.2656307220459 15.486786842346191 205.56768798828125
7.424774169921875 -39.41825866699219 9.312479972839355
1.5775316953659058 9.073140144348145 290.8218078613281
11.678522109985352 15.572145462036133 271.2225341796875
-14.97950553894043 -12.269092559814453 224.5374755859375
-57.12542724609375 45.43803787231445 15.95011043548584
-12.770511627197266 12.087592124938965 69.80810546875
59.9823112487793 17.497150421142578 21.880348205566406
-26.17568016052246 -25.661108016967773 8.530840873718262
1.5535352230072021 37.29443359375 269.6600646972656
5.125558853149414 -49.31573486328125 67.75054168701172
-16.62887191772461 -18.096349716186523 110.35151672363281
-4.24956750869751 68.90735626220703 19.4278507232666
11.21029281616211 -19.5107479095459 182.9568328857422
18.367469787597656 13.666845321655273 55.246971130371094
-3.26570987701416 62.817893981933594 27.4941463470459
-50.69294738769531 -5.34248161315918 6.36582088470459
19.11785888671875 67.61981964111328 4.458720684051514
62.85197830200195 18.02124786376953 47.32101058959961
-25.751506805419922 20.022836685180664 288.3035583496094
41.95655059814453 -28.402326583862305 13.24667739868164
-18.2816104888916 14.551873207092285 286.2286071777344
-2.7032084465026855 -1.278038740158081 248.7797088623047
15.065397262573242 34.36893081665039 217.65365600585938
45.52235794067383 44.77302169799805 29.830848693847656
38.14158630371094 40.25526809692383 20.136062622070312
-48.64765930175781 21.08216094970703 297.3456726074219
-24.230710983276367 12.878470420837402 75.74449157714844
12.377361297607422 -16.085725784301758 271.44378662109375
34.81211471557617 19.04279327392578 69.63561248779297
40.90153884887695 -4.038127899169922 277.9326477050781
-24.420408248901367 14.463262557983398 110.74455261230469
-12.820882797241211 -31.60869598388672 219.8160400390625
-18.088991165161133 45.27714157104492 33.06424331665039
-21.787004470825195 12.527251243591309 234.8050994873047
-16.06907844543457 37.675926208496094 294.142578125
-16.99949836730957 41.762176513671875 214.68260192871094
29.67494010925293 10.578340530395508 291.18792724609375
7.854720592498779 11.794245719909668 157.3311309814453
42.607147216796875 -17.1079044342041 70.6802749633789
-9.649085998535156 25.168962478637695 117.2360610961914
55.703678131103516 10.08967399597168 43.29078674316406
-5.850499153137207 29.3212947845459 286.72064208984375
-3.777592897415161 67.50739288330078 39.59125518798828
-52.245479583740234 40.0412483215332 33.81957244873047
29.900104522705078 -23.649580001831055 214.21556091308594
-30.078584671020508 -15.181741714477539 91.19019317626953
60.22568893432617 0.44301995635032654 26.106433868408203
-26.034013748168945 16.17936897277832 267.2598571777344
-44.386756896972656 6.907224178314209 55.250572204589844
-12.362245559692383 54.57929611206055 32.864383697509766
-38.6598014831543 58.37781524658203 44.14421081542969
-33.86244201660156 -13.981761932373047 32.09419631958008
8.0167875289917 18.709192276000977 75.44221496582031
-55.076988220214844 -32.47073745727539 37.863094329833984
34.054805755615234 3.944573402404785 92.25910186767578
-65.56858825683594 18.27295684814453 43.04664993286133
-28.535232543945312 4.372578144073486 282.9254150390625
-5.824070930480957 -43.869873046875 69.98345184326172
16.795568466186523 -17.422266006469727 9.025012969970703
-7.187788486480713 -30.122480392456055 263.33184814453125
42.32417678833008 13.8051118850708 291.7352600097656
-47.66440200805664 -20.317182540893555 297.0192565917969
50.24205780029297 56.59942626953125 7.486634254455566
4.324819564819336 14.858139038085938 207.20745849609375
-21.018545150756836 -34.02281188964844 83.87117767333984
1.0280683040618896 -1.310184359550476 317.7333984375
-17.93405532836914 18.007293701171875 257.82769775390625
7.149783611297607 24.915966033935547 236.66087341308594
20.711755752563477 66.44878387451172 44.09387969970703
13.242621421813965 29.63783073425293 227.45993041992188
6.935409069061279 5.953559875488281 144.35659790039062
8.980480194091797 -4.978951454162598 120.6979751586914
-49.50416564941406 -2.0170557498931885 215.08670043945312
-36.239776611328125 -32.264705657958984 215.77944946289062
-40.02068328857422 -24.09929656982422 78.90582275390625
6.372557640075684 5.495405673980713 263.369384765625
-65.25556182861328 1.7105696201324463 31.858646392822266
-67.0710678100586 1.2393327951431274 22.72824478149414
36.35254669189453 9.831379890441895 16.315656661987305
-17.998552322387695 -49.71403121948242 52.31972122192383
-47.24115753173828 3.641385078430176 14.963677406311035
28.303621292114258 61.76669692993164 10.166214942932129
31.136247634887695 33.61073684692383 213.8227996826172
60.95061111450195 -31.16802406311035 18.498268127441406
30.75771141052246 -0.7084165215492249 88.40253448486328
-14.418124198913574 -11.347893714904785 86.90597534179688
30.19821548461914 -39.8014030456543 62.235633850097656
64.99702453613281 3.547683000564575 30.49671173095703
68.77790832519531 -0.4880838692188263 11.004109382629395
3.5289502143859863 6.861171245574951 35.85249328613281
21.559001922607422 -0.908266007900238 124.45065307617188
-8.54670524597168 24.10488510131836 201.21961975097656
-35.159523010253906 15.763620376586914 272.2508850097656
-28.894439697265625 1.3296000957489014 15.301464080810547
-13.00704288482666 -20.88465690612793 172.5386505126953
10.333978652954102 18.229406356811523 130.746337890625
-6.124551773071289 16.90009307861328 146.8231201171875
0.3933202028274536 30.970382690429688 70.68959045410156
2.5099377632141113 -25.270370483398438 23.214183807373047
-33.564353942871094 0.6003910303115845 52.379913330078125
11.963526725769043 1.7024075984954834 128.2313232421875
23.0555362701416 -50.3349609375 60.07301330566406
18.355344772338867 21.7484130859375 229.4373321533203
44.6895751953125 8.9691801071167 30.112085342407227
-35.50010681152344 -33.609615325927734 15.2451171875
-59.423221588134766 -25.246171951293945 45.15590286254883
20.615673065185547 9.84868049621582 85.03955841064453
66.22188568115234 6.001248836517334 42.0718994140625
-18.0205078125 -14.8473539352417 169.0138397216797
-45.47416305541992 24.0020751953125 68.8918228149414
-34.59832763671875 33.58737564086914 48.01378631591797
-13.035404205322266 15.216897964477539 131.9717559814453
-47.635860443115234 -16.719430923461914 292.16925048828125
-34.095619201660156 -3.9930973052978516 25.834714889526367
-1.302088975906372 -68.94694519042969 42.79438018798828
22.069475173950195 -37.84844970703125 216.74066162109375
7.826642036437988 -36.15348815917969 281.1625671386719
27.229496002197266 15.713860511779785 95.14421081542969
-25.91096305847168 -21.25550079345703 54.925865173339844
2.461968421936035 24.864280700683594 85.49004364013672
54.20778274536133 -24.635234832763672 300.4208679199219
-17.97030258178711 -50.244224548339844 42.77064895629883
12.797301292419434 -9.15109920501709 250.84764099121094
-0.19191992282867432 -24.764986038208008 271.7315673828125
-66.63812255859375 4.2564778327941895 22.011873245239258
-34.8505859375 25.27222442626953 3.4113950729370117
2.406625747680664 -23.18478775024414 162.37535095214844
22.60529899597168 -3.202807664871216 25.089916229248047
-18.413291931152344 -18.664913177490234 132.49839782714844
25.274770736694336 -18.387544631958008 291.2379150390625
21.619976043701172 -38.564300537109375 13.711825370788574
13.65461254119873 -16.942790985107422 233.13925170898438
61.02552032470703 33.34389114379883 14.438281059265137
17.554553985595703 5.887164115905762 42.899539947509766
22.27663803100586 26.40558624267578 59.17768478393555
32.50126647949219 -33.89131546020508 215.20169067382812
-26.434396743774414 33.61670684814453 278.6131591796875
33.208641052246094 -44.22330856323242 35.042205810546875
37.3471794128418 -23.520462036132812 291.5450439453125
21.377965927124023 47.617027282714844 297.7850036621094
22.530075073242188 -17.257856369018555 111.30828857421875
-40.5920524597168 -2.0212340354919434 275.672607421875
-20.799297332763672 -60.5653190612793 49.65678024291992
23.605331420898438 -16.286136627197266 90.76026153564453
17.22319221496582 29.644149780273438 6.347907543182373
11.373526573181152 19.85714340209961 7.3140177726745605
-50.51274871826172 -13.073081016540527 65.1043930053711
-7.974773406982422 35.93513870239258 211.52474975585938
26.033647537231445 17.305343627929688 214.4017333984375
-28.087818145751953 11.865716934204102 212.38461303710938
29.27629280090332 10.836953163146973 81.78311157226562
-33.42106628417969 23.51235580444336 290.08795166015625
-14.037911415100098 69.38613891601562 12.659534454345703
15.941320419311523 42.668006896972656 48.177818298339844
-25.85308265686035 33.70851516723633 288.2810974121094
68.89375305175781 -14.465662956237793 15.089241981506348
39.48725128173828 -29.930322647094727 65.27433776855469
63.133453369140625 -19.681230545043945 8.142526626586914
-0.6677040457725525 26.486928939819336 142.09744262695312
-14.26082992553711 -9.612889289855957 55.4371337890625
22.205917358398438 10.994344711303711 250.17909240722656
-17.48535919189453 -53.816925048828125 28.146282196044922
-54.79443359375 -39.31907272338867 47.06725311279297
-0.1351231187582016 35.25876998901367 37.45827865600586
-26.153457641601562 -8.246821403503418 233.59133911132812
-46.162994384765625 39.09663772583008 24.74825096130371
57.38925552368164 45.02848815917969 6.274888515472412
41.90015411376953 -40.82483673095703 62.213157653808594
-9.755528450012207 -22.030738830566406 136.7152557373047
-2.7198073863983154 3.95693302154541 66.56410217285156
-24.36966323852539 25.122882843017578 206.44271850585938
-34.51332092285156 33.91673278808594 282.1315612792969
53.33982467651367 -56.9191780090332 2.2112886905670166
-22.70260238647461 47.39821243286133 298.04595947265625
-23.785621643066406 -1.461510419845581 167.50372314453125
-0.06265981495380402 26.48263168334961 163.61163330078125
6.590226650238037 18.7520751953125 169.1962890625
15.253376007080078 -16.273826599121094 71.67829895019531
-10.944183349609375 -66.42668151855469 40.611427307128906
-12.662848472595215 34.34817886352539 30.75279998779297
2.096463680267334 -37.66112518310547 53.58618927001953
-15.10530948638916 -19.742206573486328 123.9215316772461
12.405497550964355 -18.62036895751953 20.87797737121582
-5.086849689483643 -32.50773239135742 284.07275390625
-44.86946487426758 50.349674224853516 39.658382415771484
-9.27397346496582 7.7656731605529785 302.8966369628906
9.689473152160645 63.35847854614258 17.34481430053711
6.571484088897705 -22.51761817932129 242.77703857421875
12.963457107543945 -25.74073600769043 230.84532165527344
14.939094543457031 45.847530364990234 215.2118377685547
5.854405879974365 -8.15781307220459 304.7735290527344
-5.617781162261963 -19.460968017578125 53.71607208251953
10.619125366210938 -42.755306243896484 22.86131477355957
3.7363200187683105 7.697885513305664 225.31199645996094
38.128822326660156 -17.738109588623047 49.34416961669922
11.815950393676758 -21.475553512573242 56.11581039428711
-37.16263961791992 60.66212463378906 4.950249671936035
52.53488540649414 45.53972244262695 42.393577575683594
-28.630861282348633 -29.304126739501953 218.9944305419922
-20.593658447265625 -21.772207260131836 48.532989501953125
-1.9169448614120483 18.20052146911621 206.46322631835938
26.048473358154297 51.17142105102539 21.96377182006836
-19.507856369018555 -16.969499588012695 130.08187866210938
15.997244834899902 34.50835418701172 81.45475769042969
-44.7716178894043 16.538537979125977 215.04576110839844
-6.167453289031982 -38.2067756652832 213.45404052734375
27.505489349365234 28.34723472595215 219.69204711914062
-21.40509796142578 -25.659040451049805 95.83706665039062
-27.031970977783203 -8.548635482788086 216.3028106689453
-16.73131561279297 -25.121671676635742 66.74705505371094
20.946109771728516 66.16035461425781 14.211207389831543
34.70574951171875 25.153564453125 211.06898498535156
29.6419734954834 41.259803771972656 17.76438331604004
0.4578169286251068 -14.71699333190918 98.9758071899414
64.41715240478516 6.211740970611572 32.99905776977539
-0.560538649559021 25.171586990356445 252.35289001464844
-34.64775085449219 -43.985469818115234 40.26952362060547
16.203733444213867 59.46098327636719 49.15154266357422
-4.491328716278076 23.96944808959961 43.12361526489258
-0.8036463856697083 46.023921966552734 282.6031188964844
2.2412214279174805 30.801937103271484 95.4967269897461
-29.413179397583008 50.172027587890625 56.36407470703125
-6.8544721603393555 56.67597198486328 13.463162422180176
17.241619110107422 25.46522331237793 76.80397033691406
-12.264472007751465 14.5450439453125 224.46682739257812
-19.237953186035156 -17.855257034301758 134.9977264404297
42.96400833129883 11.18728256225586 42.19487762451172
15.121722221374512 -45.71999740600586 215.4483642578125
42.70619583129883 22.275747299194336 294.1354675292969
14.763455390930176 -7.271051406860352 294.0140686035156
-1.1530039310455322 24.98404312133789 114.61799621582031
-13.76803970336914 13.777791023254395 192.13990783691406
42.38985061645508 -18.978057861328125 290.0105285644531
11.741626739501953 70.03563690185547 45.4306526184082
-1.058430552482605 50.03647232055664 77.19104766845703
62.779823303222656 13.088398933410645 53.416481018066406
-7.761000156402588 14.8324613571167 164.2194366455078
-19.427087783813477 2.7918217182159424 290.42706298828125
-16.04986572265625 43.35155487060547 288.4936218261719
29.25218963623047 -10.537829399108887 66.88711547851562
-2.75012469291687 -61.52729034423828 33.2658805847168
-18.785444259643555 18.412126541137695 249.29737854003906
2.1179566383361816 49.863975524902344 7.822195529937744
-0.7317069172859192 -36.319053649902344 84.89678192138672
-30.373294830322266 -20.096750259399414 85.37001037597656
-4.322944641113281 7.416388034820557 307.99700927734375
-4.308996200561523 11.342400550842285 8.769124984741211
47.639102935791016 -26.92206382751465 294.9502868652344
-55.79086685180664 35.811405181884766 48.91386413574219
33.0648307800293 -14.14346981048584 222.294921875
-15.25436019897461 16.747028350830078 66.86112213134766
41.34238815307617 51.29759979248047 6.860123157501221
2.084897518157959 46.813377380371094 215.5052032470703
-9.500030517578125 20.64362335205078 240.01483154296875
0.7899956107139587 -69.4350814819336 6.402552604675293
-17.48529052734375 -2.61181902885437 5.991000175476074
5.567551612854004 3.819800615310669 15.814656257629395
30.50084686279297 31.123212814331055 77.79796600341797
-23.648029327392578 40.54288864135742 78.83908081054688
11.832597732543945 -20.938756942749023 288.1927795410156
-19.755538940429688 -51.088565826416016 62.92254638671875
14.909993171691895 -14.505556106567383 130.113525390625
-21.744054794311523 48.226497650146484 14.40374755859375
-37.463165283203125 46.240482330322266 25.266357421875
-1.4679814577102661 26.874399185180664 9.958894729614258
-52.21664047241211 32.80454635620117 30.891204833984375
-55.16933822631836 30.149564743041992 22.469961166381836
6.50272798538208 -15.000703811645508 288.81890869140625
-38.33136749267578 -56.29320526123047 14.931365013122559
3.9557504653930664 24.07358169555664 226.85507202148438
-54.20145034790039 -2.882904052734375 63.75429153442383
-4.739115238189697 50.63615036010742 69.37616729736328
22.556659698486328 0.25193914771080017 44.97260665893555
-60.805931091308594 -41.8213996887207 6.764062881469727
17.559900283813477 -41.825679779052734 56.25665283203125
-47.70127868652344 23.89179039001465 56.20556640625
49.10284423828125 -4.973897933959961 215.87615966796875
48.80143737792969 -16.58871841430664 60.52080154418945
34.02298355102539 1.03630530834198 270.5717468261719
-37.72147750854492 -8.509397506713867 272.5753173828125
-35.8255729675293 -12.718452453613281 54.920684814453125
-2.9468610286712646 70.73190307617188 12.550464630126953
-23.82868003845215 -9.639966011047363 85.4371109008789
-4.799994945526123 -48.747623443603516 215.40060424804688
-16.23889923095703 19.857742309570312 155.24908447265625
-42.822715759277344 -52.5081672668457 43.0751838684082
-41.63827133178711 -2.1153528690338135 213.4777069091797
-6.562666893005371 -16.570968627929688 164.709716796875
29.23332405090332 21.16775894165039 224.23126220703125
18.359966278076172 20.47015380859375 113.8481674194336
36.446502685546875 -11.103240013122559 5.40999698638916
25.716211318969727 55.47883605957031 6.0968732833862305
38.270538330078125 20.180892944335938 78.39155578613281
26.387989044189453 16.002126693725586 46.168785095214844
-17.098417282104492 19.429128646850586 282.5416564941406
45.00456619262695 24.71039581298828 291.1183776855469
25.205326080322266 -25.18152618408203 280.2288513183594
-39.687957763671875 17.91356658935547 294.6044616699219
-12.211257934570312 40.11943817138672 211.2916717529297
2.8498494625091553 -1.5179156064987183 3.7805769443511963
65.14637756347656 -11.246411323547363 40.764427185058594
42.51934051513672 -58.30973815917969 4.928253173828125
26.744091033935547 19.606491088867188 265.9214172363281
-17.033401489257812 8.861875534057617 155.24217224121094
-34.40702438354492 53.24808120727539 24.23236083984375
-49.5057258605957 6.06267786026001 9.190022468566895
-0.7480388283729553 12.162067413330078 155.8367462158203
6.265237808227539 -27.432655334472656 96.16922760009766
0.12908169627189636 -26.19056510925293 245.15403747558594
-13.220121383666992 -44.31144332885742 214.77731323242188
-11.560227394104004 38.9015007019043 78.3791275024414
21.856943130493164 -28.38813591003418 208.37393188476562
-38.04405975341797 11.874469757080078 282.1258850097656
35.86422348022461 -10.63823127746582 271.7319641113281
30.121337890625 40.214168548583984 4.08768367767334
-31.49251937866211 49.389686584472656 35.4221305847168
-8.515833854675293 13.487870216369629 181.4634246826172
-32.927467346191406 -4.167984962463379 92.04885864257812
-11.763045310974121 37.888031005859375 19.987871170043945
18.73181915283203 17.574857711791992 121.68408966064453
26.81487464904785 -11.317654609680176 202.56207275390625
-21.16529083251953 22.938945770263672 71.6890640258789
28.572397232055664 -9.759897232055664 266.38214111328125
-16.63282585144043 -6.380977153778076 155.33192443847656
2.15791392326355 36.00944137573242 224.02658081054688
32.60118865966797 19.60272216796875 27.491100311279297
-56.351924896240234 12.363646507263184 57.72038650512695
16.596939086914062 -18.0085391998291 100.86253356933594
40.66530227661133 25.53635025024414 14.86635684967041
-19.170297622680664 9.957294464111328 124.93594360351562
17.934038162231445 -16.06255531311035 201.442138671875
-23.746246337890625 16.864276885986328 101.19125366210938
-22.902729034423828 -5.156494617462158 175.39515686035156
-50.042144775390625 41.814430236816406 16.823036193847656
42.04988479614258 -12.899568557739258 30.278079986572266
-49.089473724365234 -33.525169372558594 41.41636657714844
10.532824516296387 35.79097366333008 293.65252685546875
-53.004432678222656 33.7282829284668 6.444474220275879
-26.833398818969727 23.35967254638672 88.8490219116211
-28.18067169189453 56.29802322387695 22.65367889404297
-11.27715015411377 -62.22227096557617 52.254005432128906
16.205659866333008 -35.72660446166992 209.6050567626953
-72.17631530761719 -2.286642551422119 16.164932250976562
38.455997467041016 6.005209445953369 287.37384033203125
-23.96335220336914 1.0566132068634033 85.7428207397461
17.74944305419922 39.774932861328125 66.706298828125
-23.890892028808594 14.30060863494873 32.96025848388672
0.637030839920044 -26.02060890197754 77.84501647949219
-48.11224365234375 -51.665061950683594 9.880510330200195
-52.70429229736328 47.45310592651367 41.78396224975586
21.819652557373047 25.533945083618164 11.833893775939941
-5.572636604309082 0.2623218894004822 276.92523193359375
47.87562561035156 23.823081970214844 23.975439071655273
24.49925422668457 -49.07282638549805 296.6700134277344
-1.2910652160644531 -26.77313995361328 252.8348388671875
-23.071468353271484 -6.658662796020508 250.38063049316406
-7.176868915557861 8.305731773376465 167.56033325195312
-18.83913230895996 -7.196685314178467 290.98046875
26.58647918701172 -28.379411697387695 57.091087341308594
5.774776458740234 -20.570528030395508 37.740386962890625
-13.054247856140137 24.0378475189209 98.44029998779297
18.77810287475586 -27.505653381347656 42.893184661865234
16.519779205322266 -6.979190826416016 83.84014129638672
44.6426887512207 3.215954542160034 67.04345703125
-31.775007247924805 33.837303161621094 78.35549926757812
17.27425193786621 -17.80643081665039 253.4671630859375
2.049199104309082 -7.914008617401123 136.09979248046875
-38.08253860473633 -42.20759963989258 21.88251495361328
-0.9263832569122314 39.976173400878906 82.72052001953125
-20.9084415435791 11.078259468078613 87.82634735107422
21.383024215698242 5.629152297973633 90.05247497558594
47.931026458740234 30.974660873413086 62.33271026611328
-41.635902404785156 -5.506133556365967 77.26802825927734
-10.81796646118164 -27.193077087402344 102.90101623535156
-18.83340835571289 21.236703872680664 7.367306709289551
43.13960266113281 -59.00465774536133 9.60264778137207
3.5503897666931152 9.716334342956543 303.00653076171875
-59.141624450683594 -19.5439453125 27.757749557495117
-16.41306495666504 3.501704454421997 57.2781867980957
44.73798751831055 -19.222667694091797 296.6006164550781
-24.11069679260254 36.083763122558594 7.500485420227051
31.28068733215332 33.48588180541992 14.988205909729004
-59.59410858154297 33.84593200683594 15.78017807006836
52.11442947387695 -11.825252532958984 10.789342880249023
13.651700019836426 47.031639099121094 67.1680679321289
-56.12451171875 11.322338104248047 20.15534782409668
-34.22276306152344 29.61844825744629 16.349414825439453
60.27503204345703 -15.265576362609863 17.942123413085938
20.088592529296875 11.497676849365234 142.9385223388672
-1.050128698348999 39.80537796020508 52.82381820678711
-9.092766761779785 -7.355322360992432 95.12254333496094
25.76410484313965 30.87647247314453 285.0246887207031
-2.886864423751831 -3.4978795051574707 19.67603302001953
6.631429195404053 -27.314876556396484 217.63717651367188
6.298974514007568 19.867183685302734 94.46366882324219
-6.663804054260254 29.090850830078125 104.8570327758789
-46.618709564208984 -45.53555679321289 22.04829978942871
11.346158027648926 -6.214180946350098 179.73727416992188
38.196292877197266 16.69719123840332 278.9154357910156
-18.87548828125 55.025726318359375 22.721982955932617
8.994565963745117 -20.684823989868164 128.22433471679688
-40.190834045410156 20.220596313476562 27.052330017089844
-45.162960052490234 47.45098114013672 52.37285614013672
41.33686828613281 53.066307067871094 20.80347442626953
27.40336036682129 1.3478447198867798 58.56383514404297
-6.9816741943359375 7.438591003417969 95.32896423339844
-21.47169303894043 -29.757455825805664 222.9564208984375
49.409461975097656 -47.40656661987305 51.90143585205078
-37.465057373046875 50.045135498046875 47.161224365234375
-18.34065055847168 -58.60350036621094 36.924171447753906
32.60777282714844 -10.23173999786377 229.2161865234375
4.814272880554199 -10.062846183776855 221.54998779296875
-1.4593385457992554 -50.45096969604492 76.68692016601562
-12.708945274353027 -2.683286666870117 185.470703125
-49.880210876464844 -21.567523956298828 295.8914489746094
-6.973470211029053 36.990482330322266 65.44729614257812
-48.17601776123047 13.11516284942627 291.4300842285156
-48.663753509521484 51.807395935058594 8.39424991607666
-61.0341796875 -42.81550979614258 2.4592483043670654
29.622173309326172 21.517993927001953 284.1884765625
35.87799835205078 4.861044406890869 6.388752460479736
5.605742454528809 29.36612892150879 207.31004333496094
7.273697853088379 -10.963951110839844 13.90762710571289
-49.50034713745117 -15.06654167175293 33.08870315551758
-5.958963394165039 60.981868743896484 58.671669006347656
17.748016357421875 24.310007095336914 36.3383674621582
7.733394622802734 17.9058837890625 107.6247329711914
17.88472557067871 -66.60603332519531 7.201038360595703
-58.72933578491211 27.698429107666016 42.349708557128906
15.059280395507812 -32.41191864013672 21.042388916015625
50.365150451660156 48.03654098510742 49.476844787597656
-17.328733444213867 64.81859588623047 15.248992919921875
-57.8394889831543 15.886985778808594 6.503925323486328
16.490083694458008 -14.857221603393555 114.67169952392578
27.549236297607422 -45.07179260253906 50.663978576660156
-24.75609588623047 -4.093934535980225 119.74268341064453
-19.005748748779297 25.920391082763672 269.8405456542969
-59.314693450927734 -10.831151962280273 10.410444259643555
-10.109501838684082 44.84219741821289 216.71331787109375
-30.683635711669922 -44.9621467590332 9.651201248168945
41.083683013916016 7.182171821594238 81.84368896484375
-10.863188743591309 -9.63162612915039 74.58444213867188
-2.122974395751953 -25.82963752746582 230.38973999023438
23.55683708190918 11.723440170288086 105.44910430908203
1.9812511205673218 7.557609558105469 195.54083251953125
15.481874465942383 17.516735076904297 198.486328125
24.9576358795166 22.146541595458984 87.06678771972656
-4.661325454711914 41.71680450439453 7.295470237731934
-22.163095474243164 25.83485984802246 58.36640167236328
-25.926549911499023 -53.61337661743164 15.116408348083496
-12.893078804016113 2.4123263359069824 225.95985412597656
-22.48716163635254 -2.8506736755371094 184.18455505371094
15.983126640319824 -44.388084411621094 292.44488525390625
-12.93603229522705 -65.1341781616211 16.513500213623047
-0.303530752658844 23.264942169189453 273.22540283203125
-38.802154541015625 -16.653736114501953 24.135557174682617
-2.2999777793884277 30.073253631591797 108.344482421875
55.11311340332031 -53.306270599365234 4.270004749298096
14.931800842285156 27.180805206298828 273.1533203125
-57.61893081665039 -32.73725509643555 15.547284126281738
4.415428638458252 6.02568244934082 95.9572982788086
39.727195739746094 -59.03318405151367 15.979310989379883
-24.241437911987305 8.151180267333984 270.7095947265625
24.339492797851562 2.621199607849121 157.2852783203125
23.677757263183594 9.625466346740723 261.7433166503906
0.20722541213035583 -43.54310607910156 282.6507873535156
51.7453727722168 15.066872596740723 61.99538040161133
-0.08745690435171127 -15.619484901428223 121.95269775390625
-9.994251251220703 -5.363157272338867 123.3049087524414
14.826869010925293 -19.328725814819336 30.521175384521484
-12.834534645080566 -38.8499641418457 63.58652114868164
40.44149398803711 -47.60131072998047 53.59706115722656
25.10856056213379 14.943692207336426 283.25152587890625
-30.570463180541992 -7.944022178649902 276.37872314453125
-17.63288116455078 -36.23395919799805 277.3987731933594
-19.513845443725586 5.081288814544678 109.62332153320312
1.9321120977401733 -8.640422821044922 289.109375
-1.2272757291793823 21.80447769165039 175.03286743164062
16.652673721313477 -56.355953216552734 54.27748107910156
-24.16974639892578 0.5948082208633423 67.57347106933594
-42.83476638793945 -17.48322105407715 75.86470031738281
0.06963830441236496 -51.19496154785156 215.45184326171875
-32.08177185058594 -20.66560173034668 38.1497688293457
-11.053549766540527 -60.638214111328125 27.697341918945312
16.22718620300293 10.558758735656738 22.9520263671875
21.904600143432617 1.316528081893921 176.87037658691406
-34.83344650268555 3.898517608642578 205.16741943359375
-11.445918083190918 -7.760847568511963 137.62901306152344
24.49299430847168 -10.47623062133789 39.04866409301758
2.9850611686706543 13.385034561157227 196.6113739013672
9.256606101989746 -37.78548049926758 213.26898193359375
-1.821380853652954 -24.94040298461914 155.56857299804688
21.89842414855957 -3.399691581726074 10.592326164245605
-24.507734298706055 -9.895520210266113 267.8796691894531
49.777076721191406 1.1323410272598267 214.78103637695312
31.70097541809082 49.922725677490234 31.44045639038086
-2.4443764686584473 -27.928503036499023 112.52519989013672
51.216331481933594 22.25075912475586 55.10401916503906
63.544925689697266 25.40203857421875 6.481584548950195
-36.946266174316406 38.502017974853516 7.231777191162109
17.12538719177246 -30.80681610107422 30.422378540039062
17.458160400390625 14.000163078308105 161.86912536621094
-5.242569446563721 14.931464195251465 80.62460327148438
3.338914155960083 -39.82444763183594 220.78134155273438
-30.724781036376953 58.6325569152832 43.298240661621094
9.045438766479492 -67.26506042480469 45.37523651123047
-3.178353786468506 4.987406253814697 315.3755187988281
4.3126912117004395 -0.6048516631126404 160.85665893554688
14.924622535705566 -16.94805335998535 154.1919708251953
3.501227855682373 -27.486597061157227 47.4678840637207
-4.057301998138428 -24.06670570373535 94.6709213256836
-5.811915874481201 -21.160751342773438 129.59934997558594
-4.249323844909668 -57.20501708984375 65.30133819580078
5.352388381958008 34.85873794555664 8.475301742553711
-2.1074769496917725 28.81719398498535 261.0610656738281
12.785212516784668 15.355130195617676 34.15660095214844
-14.976903915405273 -25.633047103881836 92.14118957519531
9.68457317352295 -10.712860107421875 40.73200607299805
-24.279062271118164 -40.85026168823242 293.0682678222656
31.031475067138672 -17.960369110107422 292.01715087890625
41.20880126953125 56.59866714477539 45.328311920166016
61.93313217163086 31.7395076751709 17.321401596069336
8.926843643188477 63.81483459472656 46.38807678222656
-26.060317993164062 -34.018592834472656 29.720516204833984
14.655988693237305 15.60547924041748 96.66024780273438
15.822977066040039 48.49545669555664 295.9078063964844
2.2915008068084717 6.046413898468018 177.87623596191406
-2.486321210861206 -7.673526287078857 7.041320323944092
-45.96512222290039 -44.73096466064453 34.73148727416992
51.2354736328125 -54.489070892333984 9.338835716247559
5.587310314178467 18.97774887084961 64.71497344970703
-19.27750015258789 59.995750427246094 47.19083786010742
-56.4511833190918 23.161293029785156 22.75649642944336
-0.3142680823802948 -4.839016914367676 304.4422302246094
21.259048461914062 -56.09506607055664 12.499817848205566
-6.776287078857422 -52.94913864135742 8.946162223815918
-26.599700927734375 64.21556854248047 11.021833419799805
-10.909266471862793 -14.932096481323242 283.72711181640625
-24.478302001953125 -13.134540557861328 113.65489959716797
28.54669189453125 2.639070510864258 200.9730987548828
8.234894752502441 0.02722109667956829 137.62770080566406
23.171213150024414 -20.601655960083008 40.70769119262695
-7.210869312286377 -23.04045295715332 192.75765991210938
13.378486633300781 -34.2110595703125 59.05630874633789
10.676641464233398 -0.4096122980117798 305.7279357910156
-42.91066360473633 -1.044933557510376 284.741455078125
24.859102249145508 28.159088134765625 271.7449035644531
-25.53530502319336 -33.33061218261719 65.03736114501953
-21.3352108001709 -51.07403564453125 298.74755859375
14.144538879394531 -29.526351928710938 87.79036712646484
-62.264244079589844 -3.3584911823272705 22.46810531616211
2.3187150955200195 27.27964210510254 104.1797103881836
-51.31642150878906 44.83823013305664 47.77147674560547
-56.56352233886719 9.880646705627441 38.42744827270508
2.3149328231811523 -11.386180877685547 32.12788391113281
18.765113830566406 11.672362327575684 15.63155746459961
-40.480716705322266 38.05217742919922 61.07975387573242
-19.405126571655273 -1.3049678802490234 133.43951416015625
-2.2086920738220215 -56.49931716918945 57.614166259765625
7.98367977142334 -67.4653549194336 15.4514741897583
46.098915100097656 14.281198501586914 72.15745544433594
46.223690032958984 29.875328063964844 40.78054428100586
23.936107635498047 -1.2571861743927002 193.43484497070312
-20.50362205505371 9.194217681884766 177.2436065673828
-14.195247650146484 -25.940214157104492 275.2471618652344
-40.83072280883789 -12.61788272857666 281.190185546875
-25.177968978881836 -4.570105075836182 41.957611083984375
-11.830791473388672 23.834550857543945 255.94009399414062
49.336360931396484 -0.3252493739128113 75.24248504638672
18.587757110595703 3.604296922683716 255.62843322753906
23.66651153564453 41.8018913269043 285.5857849121094
57.0097770690918 -39.717960357666016 44.651729583740234
20.433006286621094 -45.60978698730469 68.7413558959961
5.5279011726379395 24.233001708984375 161.55235290527344
17.734210968017578 41.355628967285156 11.225656509399414
20.364736557006836 -6.215498924255371 223.0081787109375
-32.88057327270508 60.50942611694336 12.697795867919922
47.86931228637695 36.2103385925293 8.189326286315918
3.5951361656188965 -25.10047149658203 123.97786712646484
-8.575132369995117 22.957584381103516 164.30335998535156
-69.01626586914062 6.5724921226501465 11.201910018920898
23.92906379699707 -57.76411819458008 43.22271728515625
-1.1354193687438965 52.678260803222656 52.094181060791016
46.99137496948242 42.7977180480957 56.50041580200195
9.18747615814209 -1.9175031185150146 90.40811920166016
21.104467391967773 -13.513734817504883 54.54510498046875
-24.9946231842041 -24.78312873840332 274.59344482421875
-11.128750801086426 0.16058868169784546 263.219970703125
15.72872543334961 1.956146478652954 297.8529357910156
-34.331512451171875 -1.951447606086731 268.6082458496094
-39.449275970458984 -28.75349998474121 58.19462585449219
-5.731118202209473 34.02363204956055 228.92364501953125
-8.99453353881836 39.11155700683594 219.2857208251953
2.512798309326172 -26.80800437927246 109.58369445800781
-8.39675235748291 -36.97148132324219 51.290523529052734
-20.344192504882812 -15.35403060913086 131.41412353515625
-16.91572380065918 31.490631103515625 44.329833984375
2.7293894290924072 -11.486454010009766 173.46202087402344
7.299228191375732 71.34346008300781 16.03076934814453
23.09650421142578 49.035770416259766 58.217159271240234
2.8505871295928955 -27.19917869567871 204.63714599609375
-22.647432327270508 -31.41371726989746 286.7167663574219
60.0120849609375 -8.292315483093262 29.219932556152344
-8.574586868286133 -37.662967681884766 35.99049377441406
-37.96767807006836 -1.771539330482483 13.642382621765137
36.5428466796875 -31.117704391479492 283.814208984375
-25.690460205078125 45.05445098876953 45.01777267456055
17.357484817504883 -16.14555549621582 47.69693374633789
0.7545193433761597 25.80875015258789 166.4041748046875
4.212623119354248 -15.94734001159668 84.06056213378906
9.870806694030762 16.184036254882812 43.719940185546875
47.040767669677734 20.913978576660156 294.2868347167969
52.87739181518555 6.5880818367004395 8.722578048706055
31.8173885345459 -49.810665130615234 41.276519775390625
-22.39550018310547 -7.218804359436035 170.26693725585938
-14.514264106750488 -14.656885147094727 259.7879943847656
-15.993369102478027 48.23529052734375 5.902474880218506
13.347051620483398 -33.601524353027344 291.7148132324219
35.831871032714844 -8.704976081848145 16.150875091552734
23.404613494873047 28.602327346801758 208.72068786621094
24.528423309326172 10.752573013305664 230.55197143554688
35.04963684082031 18.75636100769043 55.125648498535156
27.497577667236328 0.049859561026096344 255.7720947265625
14.956049919128418 55.87603759765625 33.64765167236328
-52.85884094238281 54.41189956665039 2.9352707862854004
-27.096561431884766 -38.86664962768555 76.027099609375
10.601140022277832 5.560103416442871 166.76873779296875
4.166346073150635 39.59914016723633 23.179786682128906
-31.761171340942383 9.943836212158203 290.30609130859375
43.80604553222656 1.5692896842956543 60.01077651977539
0.5041011571884155 -8.288276672363281 262.89080810546875
-59.793766021728516 -27.564334869384766 5.565042972564697
-5.234341144561768 18.765867233276367 48.64487075805664
-46.714717864990234 -26.13246726989746 52.55671691894531
5.922579765319824 5.571713447570801 317.2131652832031
25.156787872314453 -26.37771987915039 91.41693878173828
34.345741271972656 17.501461029052734 41.06951141357422
-15.027125358581543 -8.76611614227295 176.08839416503906
-36.70328903198242 -21.555850982666016 68.2423095703125
25.518159866333008 1.3837099075317383 113.1480484008789
-29.684324264526367 54.468563079833984 5.213260173797607
33.09389877319336 4.937590599060059 224.93646240234375
-7.631649017333984 45.29398727416992 288.6092834472656
6.222508430480957 4.421939849853516 310.4933776855469
-16.166393280029297 -33.83434295654297 287.4151306152344
49.682586669921875 -30.368234634399414 35.07850646972656
-12.800374984741211 -44.36398696899414 76.17144012451172
18.397293090820312 -2.5613152980804443 278.9764709472656
59.5610237121582 -20.37027359008789 51.83814239501953
-24.261167526245117 -58.275062561035156 44.49923324584961
-22.297622680664062 -24.918981552124023 214.7322235107422
-16.034523010253906 -4.311398983001709 113.48014831542969
-12.502574920654297 16.37742042541504 114.40055847167969
-23.53322410583496 56.455257415771484 56.30603790283203
-31.13313102722168 8.18665885925293 18.504850387573242
-33.01205062866211 -51.05229949951172 29.27886390686035
-1.1479296684265137 -31.217496871948242 100.66825866699219
36.27812957763672 53.23164367675781 51.2127571105957
-17.95697593688965 -16.342878341674805 142.5360107421875
-17.15045738220215 66.2982177734375 4.511091232299805
48.35963821411133 -8.31622314453125 72.65856170654297
-12.53356647491455 0.43178024888038635 169.23541259765625
-22.392242431640625 -8.185881614685059 138.4407501220703
27.985042572021484 -7.336099147796631 81.5445327758789
48.928497314453125 3.0082685947418213 215.95645141601562
-1.5277858972549438 -28.64346694946289 200.079833984375
-2.398258686065674 11.315995216369629 244.29098510742188
-11.982160568237305 -28.99336051940918 40.62002182006836
23.422069549560547 9.14366340637207 6.31605863571167
15.103045463562012 0.044154778122901917 106.11930847167969
-4.242692470550537 -21.445598602294922 143.49423217773438
-27.29043960571289 -61.37482833862305 17.99960708618164
-29.240427017211914 -56.36101531982422 35.45924377441406
-23.000370025634766 5.420127868652344 170.61053466796875
-44.49427795410156 -40.19785690307617 44.054222106933594
41.824222564697266 44.31777572631836 47.89665222167969
39.72622299194336 -11.176610946655273 78.36084747314453
-33.3344612121582 26.275493621826172 215.03245544433594
13.322358131408691 -60.25812911987305 38.27729415893555
-55.21165466308594 -18.024654388427734 49.966590881347656
-6.995368480682373 36.97825241088867 273.0849304199219
-19.273771286010742 7.332790374755859 251.8829345703125
-3.650531768798828 -6.643464088439941 315.1253967285156
-5.936004161834717 26.98993492126465 25.824440002441406
7.207474231719971 -30.910764694213867 73.30250549316406
-20.009550094604492 -41.85474395751953 214.29527282714844
67.80751037597656 13.212907791137695 8.035452842712402
-25.52775764465332 -39.372100830078125 50.7819709777832
-23.882240295410156 -20.702640533447266 203.3729248046875
-37.38734817504883 -21.80255126953125 53.70637512207031
3.2775166034698486 -14.338375091552734 152.29507446289062
-66.33851623535156 -5.207077980041504 52.7911491394043
-51.11223602294922 2.1752729415893555 215.5134735107422
3.8062267303466797 -19.412303924560547 252.72401428222656
47.07157516479492 22.302244186401367 4.7348480224609375
8.11521053314209 39.36281204223633 287.1917419433594
6.296290874481201 21.722217559814453 142.7599639892578
-19.242977142333984 2.2749760150909424 99.94709777832031
41.73171615600586 -0.8680787086486816 81.49288940429688
-40.31534194946289 24.767597198486328 76.42023468017578
-32.84910202026367 25.844377517700195 280.0294494628906
51.64262390136719 34.34585952758789 23.816978454589844
-18.464954376220703 24.580116271972656 202.2162628173828
52.1875114440918 5.684131622314453 70.2660903930664
-17.847084045410156 39.58927536010742 67.17998504638672
38.849609375 26.637163162231445 287.1842346191406
16.599756240844727 25.989194869995117 88.43350982666016
6.961984634399414 24.48872947692871 124.7976303100586
55.28583526611328 20.369314193725586 35.183616638183594
-6.057558536529541 24.095134735107422 61.02627944946289
-24.809968948364258 -61.6690673828125 6.172631740570068
11.9384765625 17.84292221069336 152.08152770996094
52.42043685913086 46.574100494384766 14.781399726867676
-30.828157424926758 -29.91836166381836 79.4662857055664
-48.1607551574707 -28.859355926513672 27.005361557006836
-1.107503890991211 -20.46476936340332 185.17166137695312
-13.789548873901367 0.7480406165122986 247.75039672851562
-1.5860660076141357 -43.15143585205078 22.01324462890625
-7.0595316886901855 -49.819759368896484 287.25482177734375
-34.00870895385742 9.051268577575684 205.5262908935547
12.89122486114502 15.313908576965332 290.5416259765625
4.0416579246521 -5.8017964363098145 206.05862426757812
-36.708091735839844 -32.74357604980469 30.478588104248047
-16.898435592651367 56.01548767089844 58.43854904174805
6.901270389556885 -4.599211692810059 69.5923080444336
2.988145589828491 -26.057571411132812 9.428903579711914
-63.72281265258789 -16.041419982910156 48.77631378173828
-9.272049903869629 -11.62875747680664 65.96670532226562
10.338350296020508 3.331886053085327 6.916313171386719
10.014391899108887 -71.31849670410156 5.799722194671631
39.48445129394531 -23.07427406311035 215.2353973388672
-11.423301696777344 -21.14506721496582 44.709922790527344
-25.081331253051758 -7.703772068023682 62.113346099853516
56.310787200927734 22.589235305786133 9.433220863342285
-29.19136619567871 52.07370376586914 18.280757904052734
-20.466915130615234 -41.593994140625 22.51110076904297
-1.8745620250701904 26.50640106201172 245.8524627685547
-43.03669357299805 1.6985167264938354 30.426889419555664
38.58514404296875 17.99201202392578 289.17803955078125
19.9414005279541 -51.82042694091797 298.96282958984375
19.720102310180664 -4.212069988250732 163.56103515625
-39.53871536254883 -18.366716384887695 42.75728988647461
-58.1988639831543 -13.43012523651123 57.83707046508789
-37.203243255615234 3.4839670658111572 85.5713882446289
-44.55222702026367 -6.935174465179443 60.944740295410156
-45.385833740234375 56.4521484375 45.26951599121094
31.07124137878418 -61.282752990722656 5.686389446258545
49.48954391479492 -4.681446075439453 285.0960998535156
-25.418542861938477 -8.438210487365723 98.38032531738281
-40.15800094604492 -10.802678108215332 291.5035705566406
-5.074821472167969 -22.163124084472656 176.78021240234375
-13.585865020751953 -22.945514678955078 28.988079071044922
-25.589176177978516 -2.8978567123413086 200.34127807617188
-2.074129343032837 -28.15915298461914 64.59130096435547
-29.095706939697266 36.661190032958984 214.265625
-30.06940269470215 -38.0941276550293 285.0918273925781
-43.043697357177734 -13.489287376403809 215.84490966796875
8.348615646362305 63.627952575683594 32.23719024658203
-15.004158973693848 32.68484115600586 10.798218727111816
31.797080993652344 -36.962921142578125 284.8271484375
-68.00300598144531 8.834458351135254 43.752132415771484
-11.365635871887207 -20.170913696289062 80.17071533203125
-8.125505447387695 9.012184143066406 198.4939422607422
59.0311393737793 -26.38087272644043 17.017871856689453
32.788856506347656 5.097975254058838 291.3524475097656
-13.149261474609375 14.763569831848145 24.85067367553711
20.327816009521484 -1.1032048463821411 34.47361373901367
-21.406496047973633 -17.23558235168457 101.27946472167969
-21.522953033447266 -16.21812629699707 64.16368865966797
-5.095571994781494 0.35235220193862915 153.50253295898438
-35.99522018432617 13.62834644317627 46.96337890625
2.2990713119506836 20.161453247070312 190.21197509765625
-36.26762771606445 -39.631649017333984 65.6923828125
20.020259857177734 -14.037049293518066 178.5419158935547
-17.160850524902344 47.49013137817383 295.4317321777344
50.00631332397461 -40.0724983215332 30.68354034423828
-59.24676513671875 -2.8097896575927734 54.08069610595703
-14.287385940551758 -17.740257263183594 154.04234313964844
-1.1135283708572388 34.10562515258789 230.3455352783203
54.6358757019043 -11.778972625732422 53.61768341064453
22.246219635009766 49.4688606262207 65.70579528808594
19.73526954650879 -5.844449043273926 141.6741180419922
-72.48503112792969 13.568765640258789 2.6578447818756104
13.238037109375 -5.309430122375488 53.38679122924805
-54.10966491699219 -47.539947509765625 43.11824035644531
37.336334228515625 25.841657638549805 214.70681762695312
4.173004150390625 -19.191713333129883 201.47268676757812
-48.981971740722656 -10.121305465698242 19.953710556030273
13.113669395446777 12.881442070007324 184.72332763671875
-22.209989547729492 26.911354064941406 289.1144714355469
32.294677734375 -55.90771484375 47.50218963623047
-21.350927352905273 31.486291885375977 217.09857177734375
16.627927780151367 1.839159369468689 153.5015411376953
-23.859111785888672 6.794984817504883 260.30584716796875
-46.679832458496094 36.10501480102539 39.374176025390625
-5.279665470123291 65.8078842163086 51.1683235168457
29.906330108642578 -28.36910629272461 78.21199798583984
-36.79807662963867 -24.36112403869629 284.35040283203125
1.5129852294921875 -73.90760040283203 14.704338073730469
34.35987091064453 4.086593151092529 74.1352310180664
34.46552276611328 -50.62406539916992 15.516423225402832
3.222057580947876 -25.061445236206055 135.0435791015625
-18.38918113708496 26.2628231048584 229.00363159179688
14.498980522155762 55.48934555053711 18.7900390625
-66.87933349609375 4.813938617706299 48.46082305908203
-34.27880096435547 -17.445831298828125 272.87371826171875
-31.90181541442871 6.0031304359436035 219.5491485595703
-8.659767150878906 -60.07073211669922 58.81942367553711
2.491687536239624 -33.09725570678711 228.75437927246094
1.2459115982055664 -25.981359481811523 238.54896545410156
-45.450828552246094 -19.527423858642578 45.17721939086914
-2.245166778564453 -54.70446014404297 40.679508209228516
26.23186492919922 -4.681699275970459 290.5721435546875
59.93299102783203 5.7139811515808105 56.22989273071289
4.516627311706543 65.91580200195312 4.845165729522705
-31.40147590637207 18.28114891052246 84.48604583740234
-8.533100128173828 -10.864720344543457 214.2381134033203
32.980751037597656 -34.25372314453125 280.8829345703125
38.199764251708984 34.861358642578125 61.04683303833008
-26.5393123626709 0.45165184140205383 127.50930786132812
-39.8036003112793 -19.88088607788086 14.189471244812012
-15.238768577575684 -20.543773651123047 143.91355895996094
8.254007339477539 22.907493591308594 179.0904998779297
53.44083786010742 -3.0738179683685303 64.60137176513672
15.522895812988281 -2.2052547931671143 240.43663024902344
-5.572566986083984 16.5506534576416 259.30621337890625
19.460996627807617 -13.866960525512695 240.0946807861328
-12.107065200805664 38.60666275024414 276.03863525390625
18.94287872314453 -60.04875183105469 21.357093811035156
-45.73918533325195 -7.44138765335083 44.67698669433594
-1.1222482919692993 1.1513512134552002 201.81082153320312
9.505086898803711 26.88113021850586 49.282405853271484
14.539554595947266 13.705507278442383 243.29019165039062
34.643821716308594 -3.5597429275512695 265.20709228515625
1.3914709091186523 -23.46114158630371 171.61322021484375
2.209555149078369 40.03616714477539 277.25189208984375
-18.756505966186523 15.85645866394043 162.94976806640625
-0.009349483996629715 2.874006509780884 77.29357147216797
9.713496208190918 -28.656267166137695 261.6048583984375
40.55847930908203 25.447540283203125 4.384808540344238
37.84785079956055 14.67788314819336 217.1915740966797
12.989439964294434 -54.54661178588867 10.751708030700684
-20.38836097717285 14.463846206665039 146.24705505371094
-27.154014587402344 35.92564392089844 28.129817962646484
11.644174575805664 -40.27141571044922 79.97726440429688
47.689430236816406 -49.3740234375 43.44478225708008
24.14751434326172 -21.832841873168945 226.8126678466797
-34.620826721191406 4.317646026611328 91.05780792236328
2.300469398498535 65.21528625488281 40.20744705200195
-35.87167739868164 8.722841262817383 75.23200988769531
-1.1206579208374023 22.626089096069336 158.48468017578125
-32.45627212524414 -18.651912689208984 220.1162567138672
-36.98408889770508 14.59253978729248 7.487698078155518
44.7772216796875 -35.54193878173828 50.563690185546875
-5.757104396820068 -20.931360244750977 211.6250457763672
-17.430660247802734 12.850232124328613 49.80198287963867
-49.92618942260742 -37.65073013305664 8.783584594726562
5.044503211975098 50.6834602355957 64.06920623779297
-19.20622444152832 32.39850997924805 207.69454956054688
22.07146453857422 -7.0098395347595215 250.4635009765625
-7.240037441253662 -7.953073024749756 239.03421020507812
28.58058738708496 8.538243293762207 34.17161560058594
3.8158650398254395 -73.41631317138672 16.486970901489258
25.095136642456055 1.5306854248046875 238.0430450439453
16.436601638793945 -27.21565818786621 222.36981201171875
23.38650894165039 16.78604507446289 106.67603302001953
28.38982582092285 49.1510009765625 14.78850269317627
-2.5379977226257324 48.449031829833984 213.86395263671875
-21.966054916381836 -9.447587013244629 23.169321060180664
31.544925689697266 22.334524154663086 5.291846752166748
-33.176368713378906 25.20430564880371 69.58023071289062
16.29269790649414 7.478140830993652 70.36561584472656
-0.32154980301856995 0.8854178786277771 189.91549682617188
