-22.004911422729492 -44.47830581665039 3.3114562034606934
30.25777816772461 -57.620086669921875 -21.78680419921875
0.2331516444683075 70.3105239868164 4.275143146514893
-27.844608306884766 32.17118835449219 -18.828277587890625
8.93577766418457 45.84574508666992 14.751232147216797
37.306400299072266 -67.87986755371094 -16.142972946166992
29.432098388671875 31.642335891723633 3.8434596061706543
5.340465068817139 11.078956604003906 5.054827690124512
14.033737182617188 -33.580257415771484 27.6749267578125
-32.60893249511719 13.009885787963867 3.2768502235412598
8.747598648071289 10.845894813537598 -12.188924789428711
-3.902618885040283 -8.641714096069336 16.29424285888672
1.0489258766174316 -9.733345985412598 22.712873458862305
30.293453216552734 47.30766296386719 -14.7242431640625
-13.180193901062012 -26.264326095581055 17.00740623474121
-2.4819915294647217 -7.302440643310547 30.611148834228516
21.311471939086914 -40.3782958984375 -9.015353202819824
-31.63585662841797 15.658868789672852 -9.46750545501709
-3.043109893798828 -43.082611083984375 -6.276401042938232
-6.059564113616943 -32.74116516113281 2.650893211364746
-25.947336196899414 36.10228729248047 -10.39989948272705
30.9377384185791 -51.406341552734375 -23.221956253051758
-8.246757507324219 14.47482967376709 16.704696655273438
7.052296161651611 16.53179168701172 20.231075286865234
23.962434768676758 27.2164363861084 -4.4566874504089355
-16.99015235900879 -5.225436687469482 31.839113235473633
-27.468059539794922 -6.370589733123779 -10.337143898010254
6.831424713134766 -25.250253677368164 -11.207695007324219
9.643193244934082 -21.892704010009766 18.474260330200195
33.94829177856445 -32.719032287597656 -1.3255152702331543
-22.083051681518555 -7.7009196281433105 16.630979537963867
11.699198722839355 30.663673400878906 -2.426137685775757
11.824213981628418 -33.092899322509766 11.84433364868164
-29.65780258178711 -24.010475158691406 18.862089157104492
-0.23734420537948608 -53.68820571899414 4.019352436065674
-14.271020889282227 -1.7272610664367676 7.3189311027526855
22.40146255493164 47.28104019165039 -22.967514038085938
-40.123016357421875 -9.154833793640137 -6.595367431640625
34.66655731201172 -8.923029899597168 15.009090423583984
-3.23435378074646 -47.92916488647461 13.549314498901367
-28.79350471496582 37.50395202636719 -1.3698126077651978
23.26213836669922 -12.657161712646484 -10.243146896362305
35.5952262878418 53.639190673828125 -25.005094528198242
-37.089988708496094 38.309051513671875 -12.384604454040527
31.44829559326172 -1.1740025281906128 -2.356459856033325
-35.43938064575195 -22.54134178161621 1.4739998579025269
-28.5196590423584 -29.577356338500977 15.717398643493652
41.03059768676758 -54.184814453125 -22.233110427856445
-7.630375385284424 63.069210052490234 -4.06358528137207
-23.424213409423828 42.54867172241211 -6.2823567390441895
21.226369857788086 17.81170082092285 1.6411381959915161
1.511033535003662 -3.39194655418396 -10.486128807067871
-11.401426315307617 -45.23408889770508 10.786392211914062
-26.230148315429688 -25.506372451782227 15.980899810791016
-17.13936424255371 -35.52129364013672 2.9864728450775146
29.782264709472656 -30.15374183654785 -6.466208457946777
22.20586395263672 -9.690924644470215 23.502166748046875
-6.251582622528076 -22.764272689819336 20.717838287353516
-34.644649505615234 -33.965145111083984 -1.1586658954620361
40.720272064208984 -6.329440116882324 -2.837110757827759
31.88022804260254 -42.510414123535156 1.106713891029358
15.316664695739746 8.529093742370605 5.254772186279297
-5.305899143218994 39.88134765625 -5.968127727508545
-31.69189453125 -43.06771469116211 -12.83488941192627
-33.196163177490234 16.596660614013672 5.336700916290283
16.317642211914062 3.2236032485961914 -11.404095649719238
-35.41801834106445 2.9133188724517822 10.632636070251465
33.86337661743164 -27.632198333740234 -6.912876605987549
3.1288840770721436 35.66127014160156 -9.814115524291992
-4.488138198852539 38.80171585083008 -9.261910438537598
31.61515998840332 -1.476459264755249 -9.518141746520996
-27.91029930114746 11.62690544128418 -0.9042612314224243
16.329740524291992 36.76713943481445 -5.5894083976745605
-15.082416534423828 -45.498165130615234 10.81823444366455
-36.04255294799805 -9.864419937133789 5.531702518463135
-30.67270278930664 -42.43760299682617 -22.345178604125977
-12.833742141723633 5.279801368713379 -6.75507926940918
4.0870256423950195 -0.05487588420510292 -4.848390102386475
15.377570152282715 6.885980129241943 -3.5474064350128174
2.9808804988861084 -35.166542053222656 -5.627511501312256
-15.960484504699707 40.20649337768555 12.973313331604004
22.189807891845703 45.055572509765625 -19.382278442382812
-14.40298080444336 -7.947604656219482 34.08390426635742
2.8532450199127197 55.84885787963867 -2.312706470489502
7.37278938293457 -44.358497619628906 7.488775730133057
37.12766647338867 -35.59953689575195 -1.110368251800537
27.10264015197754 12.807501792907715 21.264371871948242
18.82944107055664 -23.62989044189453 13.659906387329102
10.53675365447998 -2.3296360969543457 10.215660095214844
22.138324737548828 -7.025763511657715 14.867612838745117
38.318809509277344 -0.7510541081428528 0.7597434520721436
-0.5211085081100464 -33.57295608520508 11.76390552520752
21.672571182250977 28.365705490112305 14.523811340332031
24.835145950317383 -35.12609100341797 -0.4204131066799164
-14.860109329223633 -7.362696647644043 7.146422863006592
21.746532440185547 0.3397105634212494 22.6899471282959
32.70792007446289 -21.668981552124023 12.626790046691895
21.686283111572266 -19.465206146240234 28.073707580566406
-13.400514602661133 -5.273552417755127 1.35269033908844
-17.367130279541016 -27.88711929321289 4.405378341674805
17.106409072875977 29.632265090942383 -6.210028171539307
-32.758052825927734 -18.307235717773438 4.739880084991455
-26.361234664916992 19.249238967895508 7.263062477111816
-6.146450996398926 76.08438873291016 8.233867645263672
9.247142791748047 -29.267498016357422 13.138867378234863
9.949570655822754 -35.85696029663086 24.608762741088867
-5.993908405303955 -39.447818756103516 -8.980727195739746
-10.14786148071289 -53.05878829956055 -3.6559722423553467
-16.222003936767578 28.069578170776367 20.658618927001953
-17.21493911743164 -53.93923568725586 -0.8847146034240723
-17.275606155395508 5.526712894439697 -3.6183178424835205
-21.807512283325195 -33.273155212402344 22.543806076049805
-32.18877410888672 12.432831764221191 14.22415828704834
-2.687804698944092 67.25084686279297 -2.4169857501983643
-0.7972992062568665 -37.04414367675781 -11.217491149902344
-12.372267723083496 -20.113773345947266 12.815357208251953
-28.499483108520508 -40.05931091308594 -21.377779006958008
-8.20793342590332 11.021641731262207 -12.672734260559082
34.33020782470703 -1.9718530178070068 -6.426304817199707
2.884932279586792 -47.31096649169922 13.352043151855469
32.294830322265625 16.321292877197266 -8.762653350830078
19.557729721069336 -24.663488388061523 -11.672541618347168
14.516767501831055 32.90962219238281 17.91240692138672
3.272726058959961 -39.29513931274414 8.746134757995605
33.14254379272461 -57.461395263671875 -9.321972846984863
20.41151237487793 -13.849676132202148 1.756150245666504
19.07912826538086 19.825672149658203 7.187032222747803
37.3980598449707 -57.183685302734375 -22.043935775756836
30.614116668701172 -51.08673858642578 -5.149845123291016
26.839262008666992 -52.12946701049805 0.5005929470062256
-17.40712547302246 23.185508728027344 -11.229208946228027
-21.76615333557129 1.2420047521591187 -10.461525917053223
-23.851476669311523 36.664573669433594 5.434508323669434
10.453790664672852 31.630695343017578 21.17953872680664
3.188765525817871 17.32183837890625 17.070354461669922
-3.193028450012207 -4.890661239624023 -4.950826644897461
-30.476238250732422 -14.05205249786377 11.000116348266602
-20.582744598388672 26.53776741027832 -10.503657341003418
-1.8216712474822998 19.13151741027832 21.01361656188965
30.196035385131836 -23.68991470336914 -0.5202808380126953
40.012481689453125 1.3718769550323486 -4.324673652648926
-19.6459903717041 11.113656997680664 15.909934043884277
-31.338815689086914 6.071178913116455 8.293834686279297
-28.85472297668457 -34.411521911621094 -18.111953735351562
-14.358250617980957 33.92917251586914 16.343555450439453
-22.722238540649414 -0.3976041078567505 -3.0813281536102295
-35.1820068359375 -43.657684326171875 -10.438405990600586
5.6586127281188965 -0.18240973353385925 -12.311745643615723
14.082052230834961 -21.310775756835938 29.15031623840332
-25.826704025268555 -38.079345703125 -6.8310370445251465
9.522144317626953 -49.49242401123047 -10.123893737792969
10.117416381835938 26.462688446044922 11.039895057678223
8.344157218933105 -1.7380732297897339 23.542001724243164
-13.898256301879883 17.94437026977539 -4.233105659484863
3.0397040843963623 24.920551300048828 -7.148820400238037
-19.922597885131836 26.492712020874023 3.9489245414733887
-28.703468322753906 -46.23027420043945 -2.242553472518921
-28.110599517822266 -48.76066970825195 0.7722537517547607
19.912607192993164 -21.84293556213379 4.991507053375244
26.212417602539062 2.7758700847625732 -11.506324768066406
21.256694793701172 5.4483747482299805 -12.578181266784668
-20.798728942871094 -27.121139526367188 -1.2506461143493652
36.3251838684082 -8.450212478637695 9.300310134887695
-6.801060199737549 -52.73247146606445 2.022907257080078
31.47991371154785 -19.517982482910156 8.030707359313965
17.817655563354492 15.929702758789062 27.67452621459961
14.09013843536377 -45.97610092163086 -8.040421485900879
0.38321420550346375 -14.489636421203613 36.753841400146484
0.5709047913551331 -26.801252365112305 10.321120262145996
6.228777885437012 -6.9678754806518555 -12.039788246154785
20.798171997070312 9.323006629943848 -1.6082603931427002
28.85249137878418 -5.506755828857422 24.604036331176758
1.6922307014465332 -25.374570846557617 -3.8042895793914795
29.365320205688477 -38.8895263671875 -4.545149326324463
-34.08196258544922 -12.210558891296387 -8.948992729187012
33.04216766357422 -5.183475494384766 19.526569366455078
-8.477619171142578 -8.472074508666992 35.67912673950195
6.3463850021362305 -25.09739112854004 33.76118087768555
11.621541023254395 -8.969762802124023 5.388669013977051
32.60442352294922 7.403605937957764 10.890620231628418
-22.672828674316406 -1.4624820947647095 10.535284996032715
21.126808166503906 -12.85383129119873 7.069434642791748
1.7069199085235596 -59.791385650634766 -12.0009765625
-15.270577430725098 -13.107813835144043 16.24085807800293
-10.983317375183105 -3.2583677768707275 -10.943788528442383
15.804380416870117 -16.04121208190918 -12.048565864562988
-32.631866455078125 8.495357513427734 14.123787879943848
-12.40157413482666 5.349605083465576 3.3490030765533447
-16.324691772460938 3.8610923290252686 30.386276245117188
12.998794555664062 -2.3201873302459717 -1.8061370849609375
-19.546762466430664 0.9219956994056702 15.189453125
14.749813079833984 -4.64125394821167 17.09616470336914
-0.5434720516204834 -56.59337615966797 -12.479954719543457
15.503464698791504 40.45014572143555 11.214019775390625
25.680713653564453 41.35012435913086 -21.106412887573242
23.800128936767578 10.002215385437012 16.748817443847656
1.4371271133422852 48.94221115112305 -4.984789848327637
-29.587926864624023 -13.005366325378418 -11.55473518371582
36.56694412231445 -62.95661163330078 -14.997088432312012
-7.197020053863525 -36.758338928222656 21.83151626586914
0.23879525065422058 38.7076530456543 22.12113380432129
29.63412094116211 29.437877655029297 0.4161983132362366
36.77095031738281 -51.71079635620117 -22.024879455566406
-40.19102478027344 38.03856658935547 -21.6412410736084
12.335437774658203 -12.959711074829102 -10.528054237365723
27.87110710144043 -52.181209564208984 -10.34123706817627
-3.9511191844940186 55.507545471191406 0.8201258778572083
-40.311370849609375 -6.941774845123291 -3.5806987285614014
16.04195785522461 -49.66738510131836 4.217288017272949
-0.6343528628349304 -6.7031168937683105 6.61459493637085
6.238828182220459 -19.11551284790039 -9.410810470581055
-25.87626075744629 -19.69063949584961 23.442453384399414
35.38270568847656 -50.531978607177734 -9.712307929992676
30.510637283325195 -67.09357452392578 -10.7093505859375
-32.7082633972168 21.089191436767578 1.3223090171813965
-3.493781566619873 0.6672069430351257 31.081613540649414
17.44693946838379 -32.33028793334961 24.316362380981445
1.7238805294036865 37.17781066894531 21.98912811279297
-14.930301666259766 25.031394958496094 -3.636004686355591
9.908797264099121 -21.816118240356445 10.49870777130127
-8.440315246582031 42.656700134277344 14.760453224182129
-4.570956230163574 44.76539993286133 14.365974426269531
23.704458236694336 -3.1949775218963623 29.578826904296875
26.864412307739258 -4.766163349151611 -11.922473907470703
7.068699359893799 -29.833221435546875 19.514827728271484
-25.406822204589844 -9.307428359985352 -1.2057865858078003
24.090839385986328 4.3914713859558105 2.138979196548462
1.2167716026306152 63.229923248291016 9.44694709777832
-6.7702717781066895 -22.81920623779297 -12.096285820007324
-6.533767223358154 38.3270149230957 1.280881643295288
-14.424951553344727 -2.5834450721740723 -4.674208641052246
1.9379627704620361 5.5160441398620605 -0.6166211366653442
20.462963104248047 25.575286865234375 -10.123546600341797
32.7541389465332 39.45907974243164 -12.887767791748047
25.19025230407715 34.20185470581055 4.748920917510986
29.614669799804688 -47.5868034362793 -1.2925536632537842
-4.628261089324951 10.890731811523438 34.76845169067383
30.8298282623291 -0.8157650232315063 22.93842124938965
22.67869758605957 6.1581525802612305 25.031658172607422
38.82281494140625 3.4906222820281982 -5.331739902496338
-8.73704719543457 57.66294479370117 0.5027142763137817
-33.070457458496094 41.14109420776367 -14.382095336914062
22.803524017333984 -30.727697372436523 22.939685821533203
-18.16114044189453 -41.36209487915039 7.9153218269348145
-28.863096237182617 -2.551966905593872 9.928814888000488
-11.615962028503418 -10.980402946472168 31.760019302368164
-8.459124565124512 -18.654949188232422 21.489336013793945
-21.026817321777344 -22.404932022094727 0.6455814242362976
-20.962736129760742 36.19538116455078 8.344352722167969
-6.291965007781982 -26.91703987121582 8.731656074523926
6.029513359069824 -50.861915588378906 1.559547781944275
-1.076735019683838 17.526836395263672 -9.847406387329102
4.771071434020996 27.926231384277344 19.684907913208008
21.387706756591797 -19.98911476135254 -9.580816268920898
6.870347499847412 -41.121337890625 22.809350967407227
-16.513412475585938 9.638524055480957 29.39145851135254
19.68214988708496 10.415947914123535 8.952777862548828
-31.163135528564453 24.854223251342773 1.8205724954605103
-16.23318099975586 -22.61030387878418 -9.6350679397583
-29.260446548461914 30.810054779052734 -5.844496726989746
10.328034400939941 -42.26979446411133 13.180679321289062
2.6229653358459473 -31.39790153503418 28.626556396484375
6.339491367340088 -12.724952697753906 7.742547988891602
2.5586090087890625 28.65549659729004 8.669482231140137
-27.359619140625 42.5952033996582 -7.569555282592773
12.66103744506836 15.82437801361084 -12.908233642578125
15.981880187988281 -7.963526248931885 7.96978235244751
-5.171753883361816 -39.859561920166016 7.976138114929199
-10.511446952819824 4.613819122314453 11.677661895751953
-25.108062744140625 -24.869394302368164 -10.03673267364502
-10.17476749420166 -0.9595546126365662 27.071855545043945
-1.516575813293457 6.854132175445557 -10.697397232055664
21.0949649810791 12.465474128723145 25.140853881835938
-8.562944412231445 -13.544572830200195 14.181951522827148
-30.694433212280273 -5.948124885559082 22.318994522094727
19.064544677734375 36.479331970214844 6.457078456878662
12.188133239746094 4.648473739624023 19.009782791137695
-27.317075729370117 -30.20762062072754 1.0185778141021729
-29.109519958496094 31.827058792114258 1.5813665390014648
-36.2098388671875 -36.61857986450195 -12.362306594848633
-17.28504753112793 -18.220325469970703 31.693721771240234
26.55974769592285 11.247447967529297 4.049515247344971
-21.48394012451172 -44.06679153442383 -4.892812728881836
11.838062286376953 -25.29576873779297 2.856130599975586
-14.835731506347656 39.32205581665039 7.88734245300293
-37.45846939086914 33.770355224609375 -19.827123641967773
-28.012149810791016 -34.421783447265625 11.683279037475586
5.014896392822266 5.426658630371094 -12.653257369995117
24.212446212768555 -47.0273551940918 1.5851595401763916
-24.870576858520508 -35.225860595703125 18.435768127441406
-25.84188461303711 34.50911331176758 -22.369384765625
4.824838161468506 18.85791015625 3.835890054702759
26.467323303222656 20.426219940185547 16.752939224243164
24.159788131713867 -30.624048233032227 -8.255620002746582
14.437223434448242 -15.211012840270996 19.531070709228516
-34.50895309448242 -43.55137634277344 -21.7672061920166
1.3873419761657715 12.781534194946289 -12.472589492797852
-13.966557502746582 23.776901245117188 11.624028205871582
24.854909896850586 -37.19477462768555 -8.268528938293457
-0.8196246027946472 37.775413513183594 -8.498152732849121
8.381772994995117 -43.347434997558594 -6.328826427459717
34.4146842956543 9.939173698425293 -7.895820617675781
-7.444791316986084 -16.00630760192871 36.32783508300781
36.725311279296875 7.6872382164001465 -7.3684401512146
17.98781394958496 42.04302215576172 -0.0858711376786232
16.398221969604492 -39.90214538574219 -1.7292382717132568
-10.045465469360352 -21.946836471557617 6.106088638305664
35.90768814086914 -57.14851379394531 -13.917932510375977
33.57066345214844 -66.50337982177734 -19.237045288085938
-21.38690757751465 -13.142658233642578 30.474578857421875
-32.82284164428711 -37.81462860107422 -24.129182815551758
-13.028292655944824 -4.445679664611816 13.97576904296875
-8.737274169921875 24.395240783691406 7.1185221672058105
-23.14378547668457 21.73317527770996 0.46625635027885437
7.145088195800781 -23.201120376586914 14.172212600708008
-5.46518087387085 -30.909244537353516 -11.774608612060547
24.631364822387695 50.789939880371094 -21.300682067871094
-30.36625862121582 -8.680450439453125 26.120336532592773
16.94617462158203 16.325523376464844 -2.2039618492126465
9.902202606201172 3.7030763626098633 4.819164752960205
33.017913818359375 -4.545132637023926 13.15878963470459
3.3951046466827393 -13.592803955078125 18.888694763183594
-18.6228084564209 -26.24276351928711 28.101093292236328
-30.003997802734375 -1.9342402219772339 -0.7407271265983582
-14.643668174743652 12.400328636169434 -1.8452956676483154
27.40076446533203 39.57583999633789 -16.69432830810547
-32.108375549316406 1.4496054649353027 -10.185033798217773
3.3693416118621826 45.561370849609375 10.788350105285645
27.74465560913086 2.429790735244751 24.295185089111328
-30.12710189819336 12.118938446044922 10.767120361328125
9.7859525680542 40.673614501953125 6.438300609588623
15.71765422821045 39.12349319458008 2.5502195358276367
8.695821762084961 -5.596053123474121 32.62856674194336
40.725250244140625 -1.7987926006317139 -3.9872946739196777
-9.008691787719727 64.13814544677734 3.446159839630127
25.019014358520508 7.073108673095703 -9.016754150390625
-28.524213790893555 -15.000534057617188 24.791790008544922
-27.437795639038086 -43.90650177001953 -8.971495628356934
-2.424980401992798 -11.56460952758789 36.3886833190918
-4.536344051361084 61.19028854370117 -4.4893622398376465
-29.6369686126709 -2.122345447540283 4.703225612640381
10.329837799072266 -39.53933334350586 4.513752460479736
-41.239540100097656 -31.663116455078125 -23.527881622314453
-37.1723747253418 -30.39531898498535 -18.085718154907227
12.814111709594727 -43.62849807739258 -8.971470832824707
23.00336265563965 43.98965072631836 -21.870725631713867
-24.435495376586914 7.028059959411621 25.492938995361328
-18.117565155029297 -6.444820404052734 -10.790241241455078
12.115099906921387 19.360349655151367 -12.622099876403809
37.060096740722656 49.947872161865234 -23.88683319091797
0.7777350544929504 44.91971969604492 17.695833206176758
35.753684997558594 14.865838050842285 -4.298291206359863
2.5331549644470215 -22.447006225585938 19.282075881958008
-1.915374994277954 -20.031005859375 15.400575637817383
2.7894093990325928 3.5119566917419434 26.189197540283203
-26.428104400634766 -22.478965759277344 3.193216323852539
2.7727482318878174 3.5737385749816895 -12.567331314086914
-23.8709659576416 4.788168907165527 11.62047290802002
-1.8604350090026855 -18.952800750732422 -8.588201522827148
-24.12353515625 -17.910114288330078 -11.591436386108398
6.317774295806885 43.17523193359375 -0.533893883228302
19.308658599853516 -26.810794830322266 27.30459976196289
-23.667428970336914 34.703121185302734 -20.210512161254883
-4.178151607513428 33.26189041137695 -4.197862148284912
-13.195588111877441 30.188579559326172 12.871088027954102
-33.34388732910156 39.433265686035156 -20.812597274780273
-4.776102066040039 -49.95829772949219 -7.581573963165283
1.439634084701538 62.989532470703125 -3.488009214401245
-11.70785903930664 -23.737770080566406 -11.930058479309082
-2.8770644664764404 24.320659637451172 6.3238019943237305
-27.200790405273438 9.723834991455078 21.633459091186523
9.956877708435059 2.0035624504089355 -10.868680953979492
30.435054779052734 -63.11014175415039 -21.45142936706543
-0.19808970391750336 -17.170560836791992 24.335826873779297
-14.420607566833496 -14.16794490814209 -11.522421836853027
-33.402645111083984 -42.623634338378906 -5.742303371429443
-18.976613998413086 -38.06012725830078 -9.177687644958496
25.838558197021484 -44.94269943237305 5.891027450561523
4.814593315124512 -38.03335189819336 16.81987953186035
27.025957107543945 -14.173508644104004 9.689062118530273
26.14291763305664 -0.7223647832870483 9.527559280395508
31.352279663085938 -14.624774932861328 16.760055541992188
22.96230125427246 14.030607223510742 -9.568877220153809
-39.396324157714844 -41.29530715942383 -22.24131202697754
-29.25171661376953 -2.3834714889526367 -5.778769493103027
19.41478157043457 -5.550796985626221 2.937087297439575
16.42664909362793 -34.05186080932617 17.31940269470215
-0.18598321080207825 7.921143531799316 17.10982322692871
31.69898796081543 37.87790298461914 -18.070932388305664
14.805520057678223 23.872549057006836 -9.873196601867676
-20.677467346191406 12.193948745727539 -5.335015773773193
-36.17844009399414 9.948930740356445 3.8204879760742188
-26.153581619262695 20.000131607055664 17.09607696533203
24.58900260925293 -41.91503143310547 10.392534255981445
25.341333389282227 -27.645221710205078 7.792296409606934
-2.3641488552093506 73.82305145263672 8.21010971069336
1.3982943296432495 -30.964881896972656 2.7766082286834717
37.595523834228516 -17.984182357788086 -3.2584049701690674
-8.498997688293457 30.921772003173828 -2.6593594551086426
16.81391143798828 -39.525489807128906 9.329784393310547
18.85991859436035 1.110904335975647 3.522458076477051
8.501601219177246 17.26028823852539 -12.060184478759766
-15.863011360168457 -31.973331451416016 -10.46835708618164
16.64339256286621 3.3862688541412354 10.363035202026367
29.83235740661621 18.444650650024414 -8.451875686645508
-37.21107482910156 -19.635122299194336 -4.083209991455078
24.988828659057617 -38.10215759277344 12.463160514831543
9.418527603149414 -24.340686798095703 16.729190826416016
29.654338836669922 -62.8347053527832 -9.089910507202148
-5.002939224243164 53.832157135009766 -4.140500545501709
-9.563965797424316 -27.82233428955078 27.953344345092773
-29.804140090942383 -22.350988388061523 -9.777936935424805
-6.5783538818359375 23.051145553588867 12.919189453125
-23.177377700805664 -30.555030822753906 23.60408592224121
-35.761680603027344 -12.638229370117188 12.2291898727417
19.741174697875977 4.116267681121826 28.845844268798828
8.605536460876465 13.455421447753906 32.79567337036133
-14.021931648254395 -40.071258544921875 -10.913933753967285
-28.824609756469727 -43.25400161743164 -6.923012733459473
-27.99936294555664 17.333921432495117 -10.64733600616455
3.939613103866577 65.14579772949219 3.1521499156951904
-0.8297284841537476 22.581754684448242 -12.38199234008789
4.866304874420166 34.602508544921875 21.647865295410156
27.086729049682617 11.88664436340332 9.675926208496094
-8.511714935302734 -25.64558219909668 -3.063166618347168
-21.114459991455078 -0.43536376953125 23.171295166015625
10.043052673339844 -28.87948226928711 29.372304916381836
19.859102249145508 16.185739517211914 -12.095663070678711
-21.043594360351562 -8.901538848876953 6.169155120849609
15.190248489379883 30.181440353393555 -9.835270881652832
-35.516845703125 -28.065656661987305 -18.733652114868164
-24.003463745117188 6.806994438171387 -2.8338873386383057
-1.1980204582214355 1.496972680091858 3.91702938079834
-27.3359432220459 -24.241968154907227 -3.9448118209838867
15.107234001159668 -20.508399963378906 -2.3238577842712402
-13.605273246765137 -17.66074562072754 3.439523458480835
21.844850540161133 -38.6438102722168 16.934375762939453
-17.88630485534668 -1.0359684228897095 32.67087936401367
-15.627184867858887 23.403100967407227 17.150066375732422
29.220121383666992 -21.26062774658203 16.428152084350586
-13.812954902648926 22.88780975341797 2.0713839530944824
-17.409862518310547 -30.76987075805664 24.161035537719727
-21.295705795288086 11.764830589294434 7.171657085418701
-20.5484561920166 20.259382247924805 16.99568748474121
28.2281494140625 -28.794095993041992 16.31500244140625
-35.29230499267578 -38.8388786315918 -2.235950231552124
-1.6927584409713745 -27.7271728515625 -11.402060508728027
0.3275431990623474 31.949443817138672 25.19207763671875
14.149982452392578 -4.995682239532471 30.381269454956055
32.444007873535156 -10.002017974853516 8.707721710205078
-20.330026626586914 -14.212955474853516 -12.032465934753418
-2.800051689147949 -8.506558418273926 -10.28013801574707
28.090709686279297 -8.063292503356934 -6.009618759155273
24.866586685180664 20.472299575805664 -0.8712201118469238
-0.1812623143196106 16.48793601989746 12.192760467529297
3.7671000957489014 -45.46419143676758 18.944257736206055
-2.407811164855957 26.776769638061523 -0.35736221075057983
-10.56895923614502 6.328579902648926 16.875980377197266
-18.291521072387695 29.652196884155273 11.906679153442383
-26.642414093017578 -14.796943664550781 -9.720412254333496
9.3604736328125 33.4451789855957 -9.239209175109863
-16.25176239013672 4.9814629554748535 10.798602104187012
5.168330669403076 -43.921409606933594 22.16887664794922
-32.765052795410156 -18.039392471313477 15.35113525390625
5.608495712280273 8.568675994873047 -7.764399528503418
0.19205915927886963 29.189212799072266 -10.257020950317383
7.969356536865234 17.924392700195312 -7.767862319946289
40.38043212890625 -61.251129150390625 -17.52180290222168
7.1244354248046875 -49.98542404174805 9.782995223999023
-7.315547943115234 -28.50064468383789 -8.40264892578125
-14.631051063537598 -31.305994033813477 -3.1457626819610596
34.57068634033203 -47.922149658203125 -12.108272552490234
-4.748980522155762 -56.42628479003906 -4.7121806144714355
-12.004655838012695 45.17472457885742 13.222112655639648
-5.243674278259277 -32.66266632080078 30.23552131652832
-30.45365333557129 -12.072455406188965 20.3964786529541
-30.551557540893555 -26.464555740356445 12.520115852355957
23.791812896728516 -54.275169372558594 0.13190396130084991
-36.782047271728516 34.107059478759766 -12.053729057312012
12.622692108154297 27.827899932861328 4.814509391784668
-24.626039505004883 -40.74810791015625 10.2217378616333
25.443492889404297 17.435022354125977 9.086650848388672
26.038698196411133 -61.44340515136719 -17.76470947265625
20.816654205322266 39.360294342041016 2.501732110977173
22.695920944213867 38.53984832763672 6.8790812492370605
30.26694107055664 41.558738708496094 -3.958820343017578
28.511871337890625 -40.66804122924805 6.782525062561035
-7.455812931060791 77.30567169189453 3.978590488433838
-23.105932235717773 -5.6439595222473145 25.052093505859375
-10.80155086517334 21.435388565063477 26.71500015258789
29.227672576904297 9.168413162231445 -3.4784908294677734
29.967628479003906 -55.37273025512695 -17.907062530517578
24.528047561645508 -52.48638153076172 -3.3028531074523926
28.277408599853516 -65.45958709716797 -13.063176155090332
-11.81627082824707 -4.341328144073486 29.74136734008789
-45.45426559448242 -35.30650329589844 -23.574113845825195
-2.6275084018707275 20.615772247314453 30.345121383666992
-5.734719276428223 37.08173751831055 19.419645309448242
0.6334835290908813 -45.555137634277344 -4.473503589630127
29.788076400756836 -47.30213928222656 -12.616536140441895
-29.85712242126465 15.579564094543457 15.478730201721191
-21.275848388671875 16.18986701965332 24.69072914123535
-3.509988784790039 -22.95572853088379 34.0409049987793
10.568860054016113 11.013588905334473 -5.022573471069336
-2.723766326904297 66.34329986572266 -5.069825172424316
-20.7989501953125 40.3295783996582 -1.4241464138031006
-36.943241119384766 -13.774286270141602 0.2610011696815491
26.93938636779785 -57.974395751953125 -17.938146591186523
-3.4705886840820312 68.46532440185547 8.631954193115234
28.178415298461914 -64.2992172241211 -17.409194946289062
-33.73128128051758 37.10492706298828 -2.9316248893737793
-33.822242736816406 -17.594125747680664 -7.809389591217041
12.449275016784668 -38.1717414855957 -10.129911422729492
10.96569538116455 17.99025535583496 -1.358623743057251
-29.98137092590332 -17.285646438598633 -2.9836668968200684
-11.546141624450684 -20.41722869873047 31.581478118896484
13.599000930786133 23.966197967529297 23.971372604370117
15.895769119262695 -24.483251571655273 29.57696533203125
3.0527989864349365 -25.733469009399414 14.382328987121582
0.6995457410812378 -40.144065856933594 -10.934283256530762
4.69657564163208 -13.821321487426758 -4.830712795257568
22.553682327270508 44.19148254394531 -15.527983665466309
20.831268310546875 -28.594398498535156 -11.232794761657715
-10.475698471069336 29.77971839904785 22.905330657958984
11.33757495880127 0.1262568086385727 22.552961349487305
34.09556579589844 4.631203651428223 -7.715729236602783
-9.434357643127441 25.56334114074707 -9.689297676086426
-2.1873960494995117 25.984773635864258 26.19960594177246
11.66124439239502 12.167608261108398 22.636905670166016
-8.585187911987305 -10.776394844055176 -8.470847129821777
28.61208724975586 27.844213485717773 -4.300296306610107
30.11248779296875 12.942948341369629 16.35743522644043
32.09916687011719 -14.989638328552246 -9.618829727172852
3.3232927322387695 18.207040786743164 -2.3896584510803223
10.389398574829102 17.23871612548828 28.67876625061035
10.236028671264648 -48.31843185424805 -10.194123268127441
-7.663434982299805 51.77568435668945 -0.6979890465736389
-25.639991760253906 37.52058029174805 -22.670072555541992
18.06696128845215 14.305094718933105 5.142422676086426
-12.130108833312988 35.67091369628906 -9.052142143249512
-17.936954498291016 39.23627471923828 -4.860752582550049
12.047581672668457 21.06165313720703 16.818092346191406
-8.863088607788086 37.91368865966797 -6.055401802062988
-31.291332244873047 -41.03203582763672 -17.900020599365234
-13.05898666381836 15.759537696838379 12.537647247314453
-14.895450592041016 -25.347003936767578 11.014199256896973
-16.25729751586914 36.849273681640625 13.274863243103027
-29.15762710571289 -1.3820098638534546 19.71372413635254
-32.030845642089844 -30.860963821411133 -18.864912033081055
22.077917098999023 -32.33495330810547 11.595403671264648
-6.3579559326171875 -15.965558052062988 2.5026512145996094
-11.941692352294922 -19.634748458862305 -12.213253021240234
-28.88463020324707 -9.352343559265137 28.381696701049805
-9.938742637634277 63.77503204345703 -1.029799461364746
-33.4111442565918 -7.5827507972717285 15.26362419128418
24.824054718017578 -7.891043663024902 20.05710792541504
-19.48477554321289 -20.328813552856445 -12.017624855041504
16.806480407714844 -44.412235260009766 13.002564430236816
-14.950225830078125 5.748889446258545 -12.221476554870605
-40.37211608886719 -35.553951263427734 -21.61732292175293
-12.301097869873047 -45.03311538696289 -8.218000411987305
-0.6573095917701721 41.81922149658203 -4.841892719268799
29.743343353271484 40.00185775756836 -21.84392547607422
-0.15534013509750366 -45.53862380981445 -10.276627540588379
-19.517671585083008 25.165830612182617 21.4133243560791
5.6246657371521 -6.637362957000732 4.480071544647217
26.58298683166504 -17.424488067626953 -10.987624168395996
14.132712364196777 21.044963836669922 4.96817684173584
-9.233452796936035 -33.682437896728516 -10.740666389465332
6.431288242340088 -18.7347354888916 14.932808876037598
12.818266868591309 36.23091506958008 0.0107857221737504
17.141735076904297 10.57017707824707 -12.30105972290039
17.0225887298584 12.672444343566895 15.198740005493164
-22.166519165039062 30.564001083374023 -1.1527812480926514
33.4515266418457 43.43291091918945 -9.64123821258545
8.896799087524414 -35.76140594482422 -11.24220085144043
7.576869487762451 5.51371431350708 28.70216941833496
7.6607794761657715 6.260976314544678 8.547443389892578
2.265839099884033 -44.42034912109375 22.89447593688965
-30.626571655273438 -32.04232406616211 -23.99772834777832
-1.3542156219482422 -22.967039108276367 -10.929076194763184
-22.718420028686523 5.180706024169922 2.4230713844299316
-31.872018814086914 38.861610412597656 -3.24702525138855
-20.179279327392578 34.208457946777344 -6.3614702224731445
10.285687446594238 -26.092147827148438 32.594932556152344
16.066091537475586 -36.527587890625 24.239456176757812
-6.222614288330078 -4.641021251678467 -12.131093978881836
-4.190641403198242 -12.822629928588867 30.981346130371094
-33.772151947021484 -26.900236129760742 -22.644855499267578
38.01484680175781 43.8327522277832 -22.851425170898438
22.65567398071289 -7.865383625030518 -0.022667504847049713
-12.210139274597168 -35.261962890625 10.83222770690918
18.34670639038086 27.459217071533203 12.9214448928833
-17.247888565063477 -13.841492652893066 31.918848037719727
-0.6947184205055237 -11.265865325927734 -4.851471424102783
22.958810806274414 25.440757751464844 3.166393518447876
25.103816986083984 -38.486175537109375 4.028922080993652
5.557189464569092 -58.51001739501953 -4.632439613342285
4.127461910247803 -59.58502197265625 -9.325239181518555
16.729703903198242 -24.729488372802734 19.992002487182617
-28.554218292236328 -18.388599395751953 17.722259521484375
30.88227653503418 52.652950286865234 -22.585840225219727
-25.76641845703125 -6.259232997894287 29.215734481811523
3.6257290840148926 66.43228149414062 5.538533687591553
-32.8437385559082 31.873735427856445 -9.352583885192871
-21.866539001464844 -1.8452391624450684 4.041966438293457
7.999997615814209 -45.719993591308594 15.39504623413086
-24.31598472595215 -37.79399490356445 16.324995040893555
-15.841035842895508 -54.74622344970703 -1.3360947370529175
5.1096320152282715 0.3559007942676544 14.72747802734375
18.953659057617188 30.983518600463867 -0.5712446570396423
28.108179092407227 -25.793386459350586 -10.250763893127441
21.8875789642334 43.673667907714844 -5.971423625946045
1.7284483909606934 -17.190277099609375 36.48244857788086
-0.8015411496162415 -55.97903060913086 -6.926817893981934
22.23921775817871 -26.20741081237793 19.895429611206055
4.492030143737793 -14.844427108764648 4.269819736480713
-22.875429153442383 -50.0891227722168 -0.510826051235199
0.8223062753677368 -7.716283798217773 -11.433320999145508
-15.131836891174316 19.504121780395508 23.102882385253906
13.565112113952637 10.268481254577637 31.260337829589844
22.82189178466797 27.477176666259766 -7.742862701416016
-33.602752685546875 31.321170806884766 -13.692028999328613
-16.030336380004883 -28.86919593811035 0.8762885928153992
32.35017013549805 -9.529180526733398 -10.09444808959961
28.64208221435547 36.879539489746094 -7.274576187133789
18.708332061767578 -50.78905487060547 -2.7295899391174316
9.77795124053955 26.567771911621094 18.4467716217041
26.025489807128906 -13.576722145080566 -0.1937093883752823
-0.8291887044906616 -2.1009719371795654 36.29543685913086
6.4092020988464355 -31.8499755859375 6.228026390075684
13.732240676879883 -7.080987453460693 -11.783539772033691
9.79129695892334 -4.111356735229492 -12.88023567199707
7.844824314117432 25.612943649291992 0.9726157784461975
-7.233532905578613 -46.4635009765625 1.606783151626587
18.108240127563477 27.09355926513672 3.6152029037475586
-9.172704696655273 -26.505159378051758 -11.922822952270508
-15.267821311950684 17.438695907592773 7.357870101928711
-14.727409362792969 -51.06081008911133 0.04092402383685112
2.439844846725464 -48.919063568115234 7.569434642791748
10.198424339294434 35.56239700317383 14.949325561523438
-32.041465759277344 36.45081329345703 -10.252209663391113
29.243240356445312 35.86317443847656 -3.5013880729675293
-33.673458099365234 33.4037971496582 -7.538071155548096
-24.217384338378906 43.98103332519531 -0.604971170425415
-2.3048489093780518 -11.84035873413086 23.63663101196289
1.9574735164642334 48.822261810302734 16.92572021484375
14.596700668334961 -11.312350273132324 32.992103576660156
16.0369873046875 22.654220581054688 -1.7266119718551636
11.084324836730957 -24.96971893310547 23.761117935180664
-4.58718729019165 12.757749557495117 -12.677108764648438
-29.74239158630371 1.7645822763442993 23.254575729370117
-8.145214080810547 2.500128746032715 -1.1510674953460693
-0.3514738380908966 -39.76036834716797 24.338552474975586
-29.187543869018555 -22.031641006469727 8.289986610412598
-3.6633410453796387 55.315635681152344 5.3218793869018555
30.72429847717285 12.160236358642578 -9.457149505615234
24.419225692749023 -44.2914924621582 -7.626722812652588
-37.991947174072266 -3.831388235092163 2.2138619422912598
-5.448998928070068 44.35309982299805 -5.474402904510498
-24.24988555908203 -28.46645164489746 -8.813874244689941
-22.642881393432617 10.243949890136719 -12.563600540161133
-0.9416004419326782 -11.327879905700684 -9.548521041870117
-1.05411696434021 60.22517013549805 0.10030736029148102
-13.64180850982666 -36.291046142578125 19.956348419189453
21.139734268188477 39.4752197265625 8.952089309692383
36.07594680786133 6.649631977081299 3.4973955154418945
22.727272033691406 41.48053741455078 -10.863054275512695
-8.81386947631836 8.609833717346191 23.64795684814453
32.5312385559082 -51.50249481201172 -17.32564926147461
-11.56812572479248 -29.936540603637695 3.9738388061523438
-17.777238845825195 -16.822282791137695 9.788228988647461
-35.75961685180664 -2.6368653774261475 -10.58637809753418
25.752029418945312 -33.446266174316406 18.914384841918945
2.1539623737335205 -6.9487624168396 -0.11829662322998047
-19.6555118560791 -37.29335403442383 18.989774703979492
21.996131896972656 -48.67999267578125 4.85540771484375
-18.63943099975586 -49.643001556396484 1.1038273572921753
-1.9834022521972656 -41.82897186279297 13.83603572845459
-24.844818115234375 37.94081115722656 -14.885757446289062
32.487571716308594 -45.49778747558594 -8.950604438781738
23.366985321044922 3.144843816757202 12.835124969482422
-25.52225685119629 -18.27719497680664 -0.019993765279650688
-2.6428542137145996 -15.924280166625977 20.602018356323242
23.969961166381836 17.559032440185547 24.13677406311035
26.92628288269043 -58.52154541015625 -7.533963680267334
21.8626651763916 -48.24663162231445 -8.9169340133667
-4.35788631439209 -9.068549156188965 -2.5484790802001953
-9.148951530456543 -9.559492111206055 -12.402148246765137
-28.29698371887207 -1.2070029973983765 25.776058197021484
19.150726318359375 21.160980224609375 -9.195496559143066
13.16780948638916 -45.019683837890625 -0.20811474323272705
12.598079681396484 12.030404090881348 3.163804292678833
31.53624725341797 -22.691171646118164 -8.803487777709961
27.441078186035156 24.37424659729004 8.73177433013916
-35.458465576171875 3.140855073928833 1.7346833944320679
-9.596500396728516 59.7285270690918 5.384214878082275
23.718854904174805 41.511741638183594 -17.68036460876465
2.170598268508911 -20.53300666809082 4.093822956085205
30.404821395874023 2.4538135528564453 17.596433639526367
23.153575897216797 -26.483572006225586 26.483055114746094
-32.27274703979492 -27.67469596862793 7.4763007164001465
-21.793838500976562 1.1538193225860596 29.53447914123535
-7.503687381744385 -15.19314956665039 26.8658390045166
-7.957431793212891 -6.7529072761535645 6.481987476348877
-22.04448890686035 34.16730499267578 -10.669130325317383
-19.290557861328125 27.367544174194336 -10.615328788757324
-7.489175796508789 54.654476165771484 4.7730255126953125
-20.387130737304688 -17.137969970703125 22.917085647583008
-16.360660552978516 1.0207327604293823 0.8039736747741699
-25.701763153076172 -33.55363845825195 -8.9886474609375
25.212018966674805 42.24553680419922 0.8523604869842529
-32.864540100097656 -25.015939712524414 2.5787553787231445
-2.6369738578796387 0.6189727783203125 -12.055994033813477
-3.9287045001983643 -16.06216812133789 -3.7142508029937744
-1.8049029111862183 63.55292892456055 -5.736901760101318
22.50557518005371 4.949826717376709 9.214415550231934
3.6248669624328613 -1.9855823516845703 24.623920440673828
-18.606801986694336 -24.372661590576172 22.1295223236084
17.976720809936523 -2.1049864292144775 -11.433616638183594
-16.415882110595703 -31.21998405456543 8.443739891052246
-19.26010513305664 -45.9129753112793 6.046862602233887
33.640201568603516 -65.15475463867188 -13.186028480529785
35.74938201904297 11.553542137145996 -3.1358206272125244
18.719053268432617 -2.0923843383789062 27.28693389892578
-18.19264793395996 -3.3677384853363037 -2.568434715270996
24.145315170288086 -16.202280044555664 21.191938400268555
32.12385559082031 16.960773468017578 3.9627294540405273
12.099406242370605 1.8962152004241943 31.663047790527344
14.622580528259277 -10.570551872253418 -3.027547836303711
25.049190521240234 2.2876663208007812 28.717927932739258
-39.505210876464844 -11.854363441467285 -5.258790493011475
-3.230198860168457 -50.33451843261719 9.935585975646973
-2.7037134170532227 59.03535079956055 9.069438934326172
-17.241352081298828 -11.331055641174316 25.32167625427246
-35.17301940917969 19.88908576965332 -2.9337971210479736
22.915681838989258 20.334043502807617 -10.74333381652832
34.566810607910156 -16.848421096801758 9.800653457641602
6.7066731452941895 40.26850509643555 18.17171859741211
32.029518127441406 5.0016937255859375 -1.3654448986053467
-32.792930603027344 -9.147621154785156 -1.8442420959472656
-20.961742401123047 22.53229522705078 -6.697833061218262
27.758920669555664 -15.971161842346191 24.567129135131836
-12.954926490783691 -12.071605682373047 9.340195655822754
29.71886444091797 45.885677337646484 -23.003108978271484
-29.98696517944336 23.229711532592773 -5.068579196929932
-11.34554386138916 -37.654903411865234 0.4908032715320587
18.077165603637695 -7.130293846130371 23.7720947265625
35.063663482666016 -22.02359962463379 6.643727779388428
-1.0732792615890503 -43.317840576171875 19.047183990478516
18.722055435180664 -1.2757601737976074 32.64862060546875
-33.358516693115234 -16.421411514282227 -10.590396881103516
-25.590829849243164 39.17357635498047 3.2875263690948486
-4.889035701751709 64.7461166381836 10.827465057373047
30.340574264526367 -33.67841339111328 8.568253517150879
25.345703125 -8.619349479675293 7.443164825439453
10.416365623474121 -30.174108505249023 -9.658515930175781
33.1202392578125 -28.074724197387695 4.593264579772949
-4.80189847946167 24.49001121520996 -12.190455436706543
35.49710464477539 -53.501129150390625 -9.868664741516113
31.255292892456055 1.894884467124939 6.262858867645264
9.461791038513184 25.599523544311523 -11.048541069030762
-17.897384643554688 7.860366344451904 19.23651123046875
-4.879496097564697 24.79861068725586 28.457674026489258
-1.259308934211731 -11.280004501342773 2.7327210903167725
3.891335964202881 40.97927474975586 -5.941038131713867
-30.417226791381836 40.19985580444336 1.4614564180374146
-25.24803352355957 -8.884183883666992 21.127269744873047
9.790334701538086 11.611124992370605 11.79477596282959
-8.45344066619873 48.06547546386719 15.182914733886719
7.679121017456055 -56.13352966308594 -5.114480495452881
-35.79875564575195 -2.5797061920166016 9.322112083435059
-24.44550323486328 29.381303787231445 -10.700521469116211
21.906618118286133 -10.16174602508545 30.041738510131836
-14.256932258605957 -17.291606903076172 20.515562057495117
-34.07450866699219 4.385680198669434 13.674596786499023
6.1543707847595215 -7.302340507507324 12.289375305175781
4.253198146820068 10.816932678222656 -3.1075985431671143
13.739856719970703 35.25695037841797 6.189329624176025
29.365480422973633 -52.18633270263672 -23.156131744384766
38.083160400390625 -15.543170928955078 -6.018133163452148
-4.370920181274414 0.844393789768219 -7.191590785980225
35.6847038269043 47.06053924560547 -18.089868545532227
-12.494867324829102 -14.67741870880127 34.68308639526367
-12.327423095703125 -8.595610618591309 21.3914794921875
-16.509586334228516 -12.763814926147461 -2.6781184673309326
1.934966802597046 -40.60988998413086 0.6247832775115967
-35.272369384765625 -6.3986592292785645 -9.051161766052246
-32.48080825805664 1.3403527736663818 15.22303295135498
-32.3549919128418 41.81935501098633 -10.108808517456055
0.20496095716953278 53.71480178833008 -5.99094820022583
35.83298110961914 -24.624847412109375 -1.8741731643676758
4.836441516876221 -28.339719772338867 33.302978515625
-34.838863372802734 41.300048828125 -7.570127964019775
-1.5866667032241821 18.005081176757812 6.6220622062683105
9.693066596984863 -4.50331449508667 -8.81069564819336
-10.66074275970459 -32.7838020324707 25.9363956451416
-16.386905670166016 12.8884859085083 -12.203034400939941
7.925023555755615 38.27231216430664 -6.999933242797852
24.733135223388672 48.33378601074219 -12.035431861877441
-21.003549575805664 -34.77384948730469 13.521798133850098
27.215227127075195 -6.527461051940918 1.686893343925476
-8.444449424743652 -22.224374771118164 -10.574758529663086
8.653196334838867 -43.26700973510742 20.50506591796875
28.79210662841797 16.266193389892578 -2.9844067096710205
-34.8023681640625 -18.049419403076172 9.739161491394043
2.7471771240234375 67.75533294677734 0.36314481496810913
13.618731498718262 -23.67442512512207 -10.209457397460938
31.79654884338379 -53.55400848388672 -6.410832405090332
-22.102205276489258 -24.835845947265625 15.591181755065918
30.592140197753906 -17.450481414794922 -4.779539585113525
-36.618385314941406 6.162060737609863 2.542724132537842
-28.791629791259766 35.85842514038086 3.1883316040039062
2.468165397644043 23.727981567382812 13.106657028198242
-8.036786079406738 0.29161760210990906 20.037450790405273
-15.093539237976074 -22.565765380859375 -0.6707363724708557
-23.673494338989258 16.865541458129883 -10.642746925354004
-34.312408447265625 -28.549659729003906 -5.860080718994141
-6.2491135597229 -5.561280250549316 23.393699645996094
-7.766153335571289 9.987886428833008 7.489736557006836
-1.7378628253936768 -45.45442581176758 21.968578338623047
2.660667896270752 63.13912582397461 1.1288645267486572
-22.41326141357422 -9.775510787963867 -12.33574390411377
-34.5140495300293 37.23154830932617 -6.392244815826416
-38.842430114746094 0.3760031759738922 -4.966092586517334
10.353460311889648 -10.335406303405762 23.974336624145508
29.953479766845703 38.944759368896484 -0.9836305975914001
-18.38918685913086 -25.908273696899414 11.98060131072998
-10.21695327758789 0.9441425800323486 34.81892776489258
6.322699546813965 30.01649284362793 24.67664337158203
15.992281913757324 -28.65401840209961 -8.506223678588867
-26.328153610229492 -0.6494218707084656 16.213836669921875
16.813011169433594 -15.998040199279785 29.76548957824707
-4.280142307281494 14.493593215942383 -1.524714708328247
-8.61560344696045 -8.863189697265625 -1.6623358726501465
-8.764811515808105 28.14046859741211 25.711225509643555
-19.278274536132812 -30.054418563842773 18.262432098388672
-7.720337867736816 52.96820068359375 2.447472095489502
27.159828186035156 38.3983268737793 -11.71486759185791
19.486572265625 -43.574954986572266 -8.17919635772705
27.003211975097656 -42.11152648925781 -1.5770821571350098
-24.744850158691406 -23.27039909362793 25.04409408569336
-36.52602767944336 7.245882511138916 -7.396291732788086
-8.303086280822754 24.459482192993164 -0.11692944169044495
-9.412149429321289 71.87876892089844 7.23743200302124
2.6661291122436523 58.547149658203125 5.399147033691406
24.86465072631836 -20.780729293823242 1.4313467741012573
6.573030948638916 -19.278188705444336 32.97677993774414
40.54318618774414 -63.72374725341797 -19.557462692260742
-8.93687629699707 15.79033088684082 -11.23447322845459
29.488651275634766 -61.18479919433594 -13.462468147277832
30.469573974609375 -7.868574619293213 20.136619567871094
0.03190814331173897 -22.60951805114746 25.508821487426758
-14.731121063232422 31.815731048583984 -8.03195571899414
19.645606994628906 20.805574417114258 13.591996192932129
-5.307746410369873 43.02608108520508 0.8984076976776123
2.836547374725342 -22.83835220336914 9.741010665893555
-13.087902069091797 -40.623104095458984 19.834362030029297
-16.98084831237793 23.957387924194336 6.9721360206604
-21.483205795288086 -14.959757804870605 -7.866744041442871
17.019208908081055 33.6966667175293 14.495777130126953
-33.05807876586914 41.634517669677734 -3.9057118892669678
-23.59351348876953 25.160785675048828 13.252790451049805
21.89800453186035 -15.276288986206055 15.15368938446045
-8.274895668029785 68.08181762695312 0.2960171401500702
-20.382747650146484 -31.47119140625 -6.083601951599121
33.90422058105469 -11.938036918640137 -6.266188621520996
27.994701385498047 46.91644287109375 -7.625571250915527
-26.26066780090332 -12.988969802856445 29.31962776184082
14.9126615524292 16.55844497680664 -10.179823875427246
-5.480419635772705 8.137720108032227 27.987783432006836
2.7928993701934814 49.471126556396484 1.8605788946151733
-32.2967643737793 -43.462459564208984 -19.559581756591797
31.288726806640625 22.47623062133789 2.439185380935669
15.285162925720215 28.66352081298828 18.778396606445312
0.5130481123924255 -14.166747093200684 29.994121551513672
-8.542352676391602 32.28318405151367 7.307079792022705
29.26004409790039 -42.97782516479492 -10.42800521850586
-36.0031852722168 13.18454647064209 -4.2973809242248535
13.759248733520508 -15.03588581085205 10.691880226135254
-28.335067749023438 6.511270999908447 18.58827781677246
6.228837966918945 -18.71702003479004 22.417848587036133
9.166489601135254 19.041147232055664 9.837285041809082
4.589280605316162 21.41160774230957 28.617368698120117
0.16660700738430023 -32.8746337890625 -10.62696647644043
-20.33838653564453 -18.93247413635254 14.297052383422852
-22.153038024902344 12.455008506774902 27.120662689208984
-10.097291946411133 25.489151000976562 18.628747940063477
-4.818662643432617 30.471323013305664 15.170486450195312
-25.424039840698242 -15.512786865234375 4.468523979187012
-16.69947624206543 -14.888888359069824 3.0992982387542725
26.227855682373047 -24.58827018737793 23.279067993164062
16.984004974365234 -2.8501908779144287 7.4958953857421875
3.2348549365997314 16.216915130615234 32.87776184082031
35.348533630371094 -10.960935592651367 5.1106157302856445
-6.488749027252197 -43.24604415893555 19.891904830932617
5.391382694244385 6.171334743499756 35.503597259521484
36.63701248168945 -2.8240902423858643 7.7449259757995605
2.2335715293884277 67.1998291015625 7.9070539474487305
-14.4624662399292 -24.519994735717773 31.502334594726562
23.89738655090332 -27.062541961669922 -1.4517821073532104
11.718942642211914 28.4516544342041 23.31422996520996
-3.8845884799957275 -29.478445053100586 17.39259910583496
9.254225730895996 24.59835433959961 23.510568618774414
25.62918472290039 -17.55510711669922 5.126566410064697
26.789995193481445 -54.521358489990234 -14.810818672180176
28.3470458984375 -52.827415466308594 -20.497121810913086
-25.808629989624023 -13.13637638092041 14.782598495483398
37.63919448852539 7.83032751083374 -3.5831918716430664
-25.34775733947754 -33.29490280151367 16.500896453857422
21.875980377197266 -1.3148667812347412 -3.999190092086792
-26.003902435302734 -28.9373836517334 20.89438819885254
-17.83453941345215 -40.707557678222656 15.210847854614258
34.09769821166992 -38.63351821899414 2.5629289150238037
2.479104518890381 -14.113824844360352 -11.299631118774414
-0.13187207281589508 11.904938697814941 29.12908935546875
3.928326368331909 -56.690032958984375 -7.974814414978027
-24.14752197265625 -5.334615230560303 -7.371736526489258
-22.088485717773438 -25.484790802001953 7.673046112060547
0.11621589958667755 36.544124603271484 15.281523704528809
-4.942183017730713 -17.326778411865234 -10.769575119018555
-37.85875701904297 -27.164920806884766 -22.375280380249023
-2.015416145324707 -48.42232894897461 17.057714462280273
-9.863872528076172 18.847766876220703 3.940739154815674
19.1890869140625 21.278959274291992 23.562786102294922
-15.076078414916992 29.82148551940918 2.857111692428589
12.4804105758667 -16.36902618408203 4.5125041007995605
7.503386497497559 23.048107147216797 -6.30770206451416
5.159938812255859 -39.46474075317383 -10.892301559448242
-9.630597114562988 -17.699079513549805 -8.586624145507812
33.21784210205078 10.639819145202637 1.7850396633148193
11.837068557739258 26.799942016601562 -3.4956138134002686
23.89225196838379 -20.111967086791992 -11.592636108398438
-38.72459411621094 38.41847229003906 -16.469396591186523
9.344171524047852 5.256123065948486 -1.00088369846344
5.482115745544434 32.5115966796875 -4.542170524597168
-15.435254096984863 -33.75080871582031 26.45560646057129
-31.142250061035156 18.760408401489258 -7.617927551269531
7.280623912811279 -15.381275177001953 27.899211883544922
19.80825424194336 -43.312618255615234 10.968818664550781
19.868061065673828 -37.50193405151367 -8.392273902893066
5.092293739318848 -15.331517219543457 13.272648811340332
-3.542158603668213 62.237327575683594 4.61081600189209
-26.41228485107422 27.371524810791016 6.763769626617432
17.57571029663086 -31.855754852294922 1.3628374338150024
-7.282817840576172 -13.762025833129883 -11.866055488586426
-26.680931091308594 16.362533569335938 22.255691528320312
27.699359893798828 -2.5106050968170166 27.675622940063477
31.43775177001953 -27.53396224975586 11.582283973693848
-3.9373741149902344 76.18212127685547 4.8077874183654785
6.007301330566406 -50.647430419921875 -8.944897651672363
-5.989421367645264 -42.40093231201172 -2.0968363285064697
-23.958845138549805 -34.68421173095703 3.405363082885742
33.53649139404297 20.828109741210938 -3.106011390686035
5.096158504486084 -30.723920822143555 -10.804815292358398
23.270294189453125 -6.954686164855957 -9.759735107421875
-23.864744186401367 -18.56610870361328 -4.831875324249268
25.136051177978516 34.993221282958984 -3.2202789783477783
0.9690755009651184 -24.075590133666992 35.698360443115234
7.488561153411865 -7.483882427215576 17.815446853637695
9.13149642944336 -32.50857162475586 -0.5284965634346008
5.9593048095703125 -9.260127067565918 35.7790641784668
37.43624496459961 -9.945562362670898 -1.3473986387252808
26.74782943725586 22.81369972229004 -7.574070930480957
-2.556252956390381 -2.3335177898406982 14.631816864013672
9.442466735839844 29.256681442260742 -10.027534484863281
-26.985164642333984 -11.387017250061035 26.655290603637695
-21.3402156829834 31.72735595703125 13.38563060760498
14.054457664489746 -34.32781982421875 -8.537832260131836
28.382535934448242 -23.12738609313965 5.811478137969971
11.08824634552002 -52.14011001586914 -3.662909984588623
-28.89646339416504 8.033979415893555 -9.031768798828125
-29.40403938293457 -42.93600845336914 2.0169601440429688
0.09248919785022736 70.1172866821289 -1.4217129945755005
-6.520113468170166 35.35319519042969 -8.839851379394531
24.59025001525879 1.0458353757858276 29.663007736206055
7.910752296447754 -1.2438607215881348 3.3148915767669678
-11.433141708374023 -16.67694664001465 21.176868438720703
-28.730449676513672 -36.79957580566406 -11.750402450561523
-5.995287895202637 -10.414719581604004 23.09683609008789
3.807474136352539 28.640300750732422 -3.4693961143493652
24.367353439331055 46.755680084228516 -2.58369517326355
-28.863996505737305 43.23430633544922 -1.2192879915237427
14.366415023803711 -40.64806365966797 18.639095306396484
9.1343412399292 -8.3080415725708 3.445249080657959
24.558366775512695 -20.434242248535156 10.097433090209961
-30.79783058166504 -34.847042083740234 6.833737850189209
14.526007652282715 -46.17660140991211 8.097185134887695
-3.4078030586242676 32.89847946166992 23.361520767211914
25.584796905517578 -57.88307189941406 -12.265461921691895
32.04414749145508 14.306633949279785 8.578444480895996
5.27394962310791 -6.355047225952148 -4.487916946411133
25.84754180908203 -21.25897789001465 -4.812549114227295
34.00102996826172 -16.89950942993164 3.0424041748046875
-2.6028225421905518 47.08266067504883 7.651486873626709
-32.69615936279297 29.886722564697266 -19.695602416992188
-0.005492425058037043 38.340232849121094 5.692724704742432
25.464111328125 -2.9415440559387207 4.642034530639648
3.085252046585083 28.8188533782959 1.581961750984192
-9.166566848754883 65.69935607910156 8.583868980407715
-26.824007034301758 -7.552833557128906 7.4474005699157715
32.75883483886719 -5.507789611816406 5.410227298736572
-12.181745529174805 25.610017776489258 6.42087984085083
-16.167171478271484 -40.38874435424805 -4.565835952758789
8.074833869934082 -14.054373741149902 -0.12362542003393173
-6.537089824676514 73.155029296875 1.4230074882507324
-5.215169906616211 47.97614669799805 3.0569534301757812
27.30709457397461 -61.923065185546875 -8.400367736816406
3.6466238498687744 20.293920516967773 -12.327045440673828
-6.514674186706543 -20.935890197753906 12.718035697937012
0.21825720369815826 -13.189866065979004 10.836649894714355
28.828201293945312 -57.11183166503906 -12.928812980651855
34.657772064208984 40.68366622924805 -20.213775634765625
1.7837681770324707 -56.809669494628906 -14.091883659362793
26.694124221801758 -9.753572463989258 -11.943875312805176
21.887393951416016 -41.918155670166016 13.364107131958008
-12.886474609375 36.256893157958984 -0.6544143557548523
-3.3111989498138428 -13.678892135620117 12.649744033813477
-11.13432502746582 68.45317077636719 4.227141857147217
-6.91557502746582 60.520111083984375 8.58697509765625
-28.869537353515625 40.76020812988281 -22.95738983154297
38.532291412353516 -5.002164840698242 -6.2220282554626465
10.50547981262207 -21.169498443603516 33.33119201660156
-15.341371536254883 0.06635678559541702 21.18246841430664
