27.745014190673828 57.96684265136719 -4.555244445800781
6.783968925476074 44.17182540893555 -0.5729222297668457
15.199676513671875 53.14057540893555 -5.288421630859375
-6.203860759735107 29.147912979125977 2.8175063133239746
-4.10064172744751 28.927417755126953 4.347558975219727
-4.034010410308838 31.174283981323242 4.337121486663818
2.995950222015381 17.63101577758789 -5.563770771026611
-2.7751986980438232 84.35751342773438 0.32028308510780334
4.036011695861816 -77.69966888427734 -1.7390997409820557
-0.6064633131027222 -77.37791442871094 -0.5704076886177063
1.2541593313217163 -77.312744140625 -0.8077104687690735
2.4917080402374268 -77.4833755493164 -0.9643633365631104
4.154214382171631 -26.697723388671875 -3.4439265727996826
6.47705078125 15.168374061584473 -2.259528875350952
17.073453903198242 61.45956802368164 1.102265477180481
-0.6783857345581055 59.488739013671875 -3.454338788986206
16.422805786132812 16.460683822631836 -4.629706859588623
-3.084366798400879 -79.48104095458984 -0.9500086307525635
-1.0707056522369385 -80.5137710571289 -1.8730312585830688
-2.1253888607025146 -79.58159637451172 -1.5177921056747437
-2.7600529193878174 72.37419128417969 0.5895845890045166
2.229058265686035 -44.91959762573242 -0.784288763999939
1.1246726512908936 -42.36403274536133 1.8885605335235596
2.7854530811309814 -42.454891204833984 1.8952977657318115
6.259968280792236 68.0263671875 3.218162775039673
2.7174453735351562 65.97901916503906 4.161364555358887
4.278411865234375 65.01655578613281 4.163760662078857
1.396535873413086 -39.90884017944336 -3.3784496784210205
-3.41672945022583 -48.41903305053711 -4.285728931427002
22.792186737060547 26.525163650512695 2.4500112533569336
-7.207644462585449 49.14791488647461 2.8700082302093506
-0.43840891122817993 28.49239730834961 -4.540139198303223
-7.209654808044434 49.57831573486328 -5.47780179977417
-25.618907928466797 81.75287628173828 -4.7826080322265625
20.6169490814209 19.200712203979492 -4.701171398162842
-4.480954647064209 26.014549255371094 1.8587467670440674
-4.107765197753906 26.270185470581055 4.174646377563477
1.9577573537826538 56.626312255859375 3.9619405269622803
-0.7076184153556824 60.10282897949219 2.8943028450012207
4.277234077453613 58.135475158691406 4.12720251083374
4.26698637008667 60.224056243896484 4.461921691894531
2.758112668991089 60.22170639038086 4.35651969909668
1.0081093311309814 60.22170639038086 4.35651969909668
-0.5789096355438232 60.22170639038086 4.35651969909668
-2.0805819034576416 59.817710876464844 4.254989147186279
-0.5645370483398438 59.23017501831055 4.195679664611816
-16.274192810058594 83.98467254638672 2.804530620574951
-12.743636131286621 60.93745040893555 -4.073779582977295
-13.029714584350586 88.04029083251953 0.9374281764030457
11.780768394470215 94.18855285644531 2.5685391426086426
20.319955825805664 69.45055389404297 -0.9907112121582031
23.57895851135254 78.89018249511719 0.1962495893239975
0.1150987297296524 -16.702360153198242 1.3059498071670532
-0.5096996426582336 -16.513731002807617 2.7676005363464355
2.7657272815704346 -15.136696815490723 2.8422093391418457
1.1091160774230957 -15.654799461364746 2.820112466812134
-2.0034055709838867 -16.312679290771484 2.686469554901123
11.157689094543457 30.1353816986084 -2.702094316482544
5.324549198150635 19.984214782714844 -2.450875759124756
-3.667405366897583 78.20364379882812 -0.24871191382408142
3.7618656158447266 -54.99481964111328 -4.825620174407959
8.282918930053711 29.87457847595215 -3.846991539001465
-2.814352512359619 44.627288818359375 -2.6374847888946533
11.362937927246094 91.12808227539062 2.1215476989746094
-6.897231101989746 -93.26696014404297 -8.492547035217285
-8.920357704162598 -91.68517303466797 -8.56110954284668
2.4858686923980713 73.79399108886719 -3.8423848152160645
28.675594329833984 66.9411392211914 -3.3260531425476074
9.93588638305664 63.990943908691406 -5.451996326446533
17.658414840698242 21.876359939575195 -3.8512465953826904
12.64285945892334 11.992329597473145 -5.051485538482666
-9.651995658874512 51.27307891845703 -2.2674741744995117
22.062232971191406 18.328866958618164 -2.4705352783203125
-29.670682907104492 61.42180252075195 -5.480342864990234
24.47312355041504 78.27576446533203 -5.034734725952148
22.489013671875 85.2911376953125 0.057845793664455414
23.53746795654297 75.36915588378906 -5.4608635902404785
-2.375718355178833 19.36747169494629 1.5471546649932861
-4.085113525390625 17.804662704467773 4.115452766418457
-2.2163190841674805 18.03241729736328 4.00872802734375
-0.7763115763664246 17.850914001464844 3.9561409950256348
-12.35512638092041 34.865474700927734 -3.2837634086608887
-7.536604404449463 67.32921600341797 2.7441556453704834
21.34653091430664 23.79852867126465 -5.315217018127441
3.621398687362671 57.3314208984375 2.5985448360443115
1.683312177658081 38.83512496948242 -2.263227939605713
-4.037055492401123 -30.026884078979492 2.4856014251708984
-4.141839504241943 -28.890411376953125 0.268510639667511
3.7970659732818604 32.35453414916992 -5.079264163970947
10.71864128112793 25.015363693237305 -4.745161533355713
22.89164161682129 82.56796264648438 -5.108166217803955
10.121585845947266 76.7488021850586 1.8405967950820923
13.732084274291992 72.20848083496094 -2.807013511657715
2.776162624359131 -29.55289649963379 2.342531681060791
2.864722490310669 -27.938268661499023 0.2050277441740036
4.3377509117126465 -29.48636817932129 2.348611354827881
-23.6002254486084 51.11818313598633 -5.30450963973999
0.13111978769302368 90.3036880493164 -3.747072458267212
-2.143925428390503 57.292137145996094 3.2314987182617188
-4.107962608337402 57.68030548095703 4.276935577392578
3.1631839275360107 55.375511169433594 -5.491665363311768
6.204351902008057 27.370037078857422 -4.448808193206787
-1.5327348709106445 11.340867042541504 1.5010896921157837
-2.1879377365112305 9.7576904296875 3.665443181991577
-24.384111404418945 78.010986328125 -5.438572406768799
-5.6260457038879395 31.426504135131836 -4.52670955657959
-13.509516716003418 64.31103515625 -0.6735562086105347
-0.013473504222929478 -69.35408020019531 -4.295782089233398
10.100394248962402 48.281036376953125 -4.571496486663818
17.74720573425293 31.906309127807617 -5.858241081237793
3.312736749649048 28.81410026550293 -4.106620788574219
-1.2663291692733765 -64.33206176757812 -0.4092927873134613
-0.4545295238494873 -65.16790771484375 1.0987135171890259
-3.9278011322021484 -65.59361267089844 1.221549153327942
0.9176989793777466 -64.5190200805664 1.1926636695861816
-2.173765182495117 -64.912109375 1.1069786548614502
-3.5685837268829346 -14.498441696166992 -0.8117542862892151
-27.62990379333496 57.63324737548828 -3.634284019470215
6.971774101257324 22.147438049316406 1.4500341415405273
8.672126770019531 26.567466735839844 2.9500322341918945
26.93954849243164 80.8232192993164 -2.8996188640594482
-4.163044452667236 81.69316864013672 -4.363940715789795
4.310827732086182 4.128359794616699 3.5004231929779053
3.8453445434570312 4.629745006561279 2.3340256214141846
2.880715847015381 3.5566301345825195 3.4700100421905518
8.38532543182373 65.8933334350586 1.6542948484420776
0.26252666115760803 -15.885907173156738 -2.5730252265930176
-10.301060676574707 40.738624572753906 -4.330285549163818
-8.925490379333496 74.63361358642578 -5.556783199310303
-13.016645431518555 24.779155731201172 -5.057374000549316
4.052862644195557 28.64295768737793 1.1828043460845947
10.147416114807129 69.23888397216797 -5.204975605010986
-5.619449138641357 -76.85313415527344 -5.638345241546631
-8.669010162353516 -76.83222198486328 -4.575451374053955
-7.122279644012451 -77.7642822265625 -4.699819564819336
-16.385663986206055 43.289459228515625 -0.001577449613250792
-15.772828102111816 45.32343292236328 2.8370132446289062
-0.4785984754562378 -47.29024124145508 1.7377386093139648
1.1266449689865112 -47.00803756713867 0.5658865571022034
1.1241683959960938 -47.00374984741211 1.7176377773284912
-7.456770896911621 93.9598159790039 -1.9945971965789795
-19.968421936035156 44.852012634277344 2.8757877349853516
15.725318908691406 46.03388595581055 -4.418729305267334
-11.585366249084473 56.619361877441406 1.4342118501663208
-13.331381797790527 55.473609924316406 2.490894079208374
4.396301746368408 -42.06386947631836 1.9153579473495483
11.633956909179688 44.37163162231445 -2.714238405227661
3.7994513511657715 -18.499914169311523 -3.2102718353271484
1.8567726612091064 14.25196647644043 2.242588758468628
-0.5061933398246765 10.346969604492188 3.6219568252563477
1.0548505783081055 12.10207462310791 3.7974588871002197
2.752460479736328 12.228998184204102 3.7830870151519775
4.304901123046875 11.480571746826172 3.7553460597991943
-25.782737731933594 52.291194915771484 -2.384877920150757
6.733312606811523 -83.51105499267578 -7.207653522491455
7.821113109588623 -80.00437927246094 -5.283510684967041
-4.6617631912231445 -10.751177787780762 0.11851710081100464
8.298555374145508 88.23605346679688 2.184776544570923
-21.99224281311035 51.38963317871094 -2.774144411087036
-26.614585876464844 53.80586242675781 1.0924843549728394
16.835647583007812 53.04283905029297 0.8539984822273254
-3.9836556911468506 -55.43639373779297 1.6185166835784912
-2.189711093902588 -54.35087203979492 1.470685601234436
-0.45209503173828125 -53.26991653442383 1.4929357767105103
-3.130337953567505 -56.05007553100586 0.16847844421863556
11.618943214416504 73.20610046386719 1.6967687606811523
9.276996612548828 69.16748046875 4.761566162109375
-2.378964424133301 16.11406707763672 -6.190389633178711
-2.352254867553711 -9.417505264282227 -1.4149949550628662
3.856804847717285 2.2619123458862305 -0.3051764965057373
0.5069185495376587 -37.66056823730469 0.4172060191631317
-0.46946972608566284 -38.7449951171875 2.0230891704559326
4.327575206756592 -39.986358642578125 1.9651918411254883
1.0984653234481812 -38.79077911376953 1.9967554807662964
-1.9107812643051147 -37.766883850097656 1.9876089096069336
2.7843868732452393 -39.148014068603516 2.0111560821533203
-15.800750732421875 66.5797119140625 -3.674262523651123
9.064726829528809 73.51602172851562 -3.2819700241088867
8.9295015335083 33.576759338378906 1.8091095685958862
-3.587578296661377 92.06226348876953 0.1560901552438736
-18.835216522216797 90.77404022216797 2.9151690006256104
-18.21094512939453 88.636474609375 2.2158432006835938
-2.648815631866455 94.41555786132812 2.2610247135162354
-17.46657943725586 72.64990997314453 -2.104466199874878
-0.5158101916313171 -67.78086853027344 1.1962980031967163
21.914899826049805 52.47740173339844 -4.927399635314941
3.639265298843384 -84.9109115600586 -6.6265668869018555
6.240468978881836 34.467411041259766 2.7110464572906494
4.235019207000732 36.32756805419922 4.237123966217041
2.716020345687866 36.045982360839844 4.226052761077881
1.201858401298523 35.71879577636719 4.1441755294799805
-6.999780654907227 85.20851135253906 0.4460081458091736
1.6661055088043213 -72.11605072021484 -5.184156894683838
-4.0499162673950195 22.245023727416992 2.4227535724639893
-4.0722880363464355 23.270597457885742 4.28307580947876
-2.2571182250976562 23.36858367919922 4.160183429718018
19.131906509399414 46.3758430480957 -5.207825183868408
18.86028480529785 32.617156982421875 -6.037813186645508
0.6814597845077515 81.00328063964844 -1.4476594924926758
4.284238815307617 25.758682250976562 0.7521941661834717
-4.061476707458496 3.553900718688965 3.619208335876465
-4.501856803894043 4.120951175689697 0.006027389783412218
15.762923240661621 75.55535888671875 -1.5525329113006592
10.166129112243652 87.77496337890625 -4.267674446105957
22.08082389831543 25.911609649658203 2.3112618923187256
-2.736283540725708 -83.64337921142578 -4.845102787017822
-1.129993200302124 -82.73974609375 -2.9238667488098145
-4.338530540466309 65.23282623291016 -2.3310177326202393
29.163606643676758 79.12297821044922 2.4252445697784424
-2.1241087913513184 -41.23378372192383 1.8972177505493164
-0.4906727075576782 -41.62922668457031 1.9170657396316528
-1.465112328529358 -41.478309631347656 -1.3248955011367798
-8.041128158569336 22.99181365966797 -5.831700801849365
-2.456045627593994 95.16143798828125 -3.3802475929260254
20.32172203063965 52.753929138183594 1.4399305582046509
20.032394409179688 65.23046112060547 -3.0859124660491943
29.679683685302734 60.36301040649414 1.1462994813919067
-0.3314429223537445 76.9836654663086 1.1253384351730347
3.043637275695801 13.345595359802246 -5.267511367797852
-3.339669942855835 -25.342418670654297 -2.4718499183654785
4.351588726043701 -58.96601104736328 1.320799469947815
1.1150559186935425 -59.20927429199219 1.3185821771621704
2.7842488288879395 -58.7189826965332 1.318198800086975
1.7547568082809448 -58.751548767089844 -0.17722608149051666
-1.435987949371338 -61.63227844238281 -0.5352064967155457
-3.998246192932129 -60.47493362426758 1.444772481918335
-2.1742541790008545 -60.96086502075195 1.2575902938842773
-0.4592505395412445 -60.99665832519531 1.2292506694793701
15.4808931350708 22.567777633666992 3.7338953018188477
13.259145736694336 26.940521240234375 2.0730371475219727
1.149823546409607 -53.15605545043945 1.5111349821090698
2.8110408782958984 -53.795799255371094 1.4929383993148804
4.349244117736816 -53.73400115966797 1.4950191974639893
3.123500108718872 -53.460201263427734 -1.7135274410247803
27.096942901611328 82.16980743408203 1.2665139436721802
11.351461410522461 93.25242614746094 -0.6463438868522644
-20.725187301635742 30.120786666870117 -6.1741485595703125
-4.4000091552734375 -71.14322662353516 -4.61566686630249
1.249672293663025 46.46124267578125 2.8462796211242676
2.708209753036499 44.96010208129883 4.21962833404541
-2.260782480239868 43.31696319580078 4.22841739654541
4.254520893096924 44.77886199951172 4.2235236167907715
-0.5451737642288208 44.65579605102539 4.2188215255737305
16.0267333984375 36.7270622253418 -6.297131061553955
12.974052429199219 36.15376663208008 -5.463085651397705
-15.058996200561523 92.69879150390625 -5.8352274894714355
6.874072551727295 -73.83979034423828 -2.26477313041687
-28.694265365600586 78.80140686035156 -5.428989410400391
24.309091567993164 52.2412109375 1.973953127861023
27.631763458251953 80.04365539550781 -5.58363151550293
-26.768184661865234 76.20403289794922 1.8654344081878662
-4.99113655090332 10.452675819396973 -0.30592626333236694
19.664443969726562 72.11143493652344 -5.122138023376465
-4.372804641723633 87.40692901611328 -2.5917341709136963
-6.00637674331665 -82.53114318847656 -9.520381927490234
12.190239906311035 84.11601257324219 -1.2159979343414307
-8.694525718688965 -91.57410430908203 -9.662467956542969
-5.939472198486328 -92.50908660888672 -11.9268217086792
-17.077571868896484 23.76866912841797 -5.448262691497803
-20.441728591918945 22.677061080932617 -6.2950239181518555
27.7579288482666 74.74169158935547 -3.5866730213165283
-4.983030319213867 43.529361724853516 -4.793494701385498
-9.328594207763672 23.732576370239258 -3.2439653873443604
8.183155059814453 -79.46726989746094 -4.1763153076171875
6.713629722595215 -78.1982192993164 -2.531378984451294
7.150929927825928 66.45413970947266 -4.886878490447998
-10.286107063293457 44.86404037475586 -0.3884621858596802
-11.098321914672852 45.07860565185547 2.773064136505127
-1.1439086198806763 -27.757871627807617 0.4182928204536438
-2.118143320083618 -30.084564208984375 2.0554375648498535
-4.85969352722168 6.578752040863037 -2.3499181270599365
-14.213252067565918 37.69084548950195 -4.711124420166016
-16.080474853515625 89.04753875732422 -1.0029616355895996
-2.189203977584839 -14.561317443847656 2.855868339538574
-4.052841663360596 -14.188838005065918 3.0574018955230713
-3.6067309379577637 -13.462844848632812 1.7964668273925781
-0.6154091358184814 -13.055042266845703 3.083754062652588
11.896048545837402 77.84505462646484 -0.6899957060813904
-0.5319472551345825 7.9734392166137695 3.651348829269409
1.0450209379196167 6.208834648132324 3.546928644180298
2.152501106262207 6.415285110473633 2.5511558055877686
2.750077486038208 6.657532691955566 3.603512763977051
4.331322193145752 8.064656257629395 3.6541247367858887
-2.08463978767395 8.927824974060059 3.814767599105835
3.3599565029144287 -89.27456665039062 -6.259339809417725
7.620924949645996 -88.29521942138672 -7.123351097106934
19.778583526611328 47.28976821899414 -0.13634173572063446
4.325096130371094 -22.5496883392334 2.5809848308563232
2.78153920173645 -22.971281051635742 2.5643668174743652
4.388300895690918 -22.534704208374023 -0.32466304302215576
-4.333926200866699 39.858577728271484 -1.6439225673675537
9.746542930603027 44.409942626953125 2.4121649265289307
-8.083280563354492 57.721736907958984 0.10826647281646729
13.17445182800293 16.02247428894043 -4.444936275482178
18.787742614746094 49.23694610595703 -5.344592094421387
-19.595073699951172 89.98721313476562 1.477502465248108
-4.604921340942383 25.430824279785156 -5.082468509674072
-13.706406593322754 85.69416046142578 -4.047591686248779
-6.1755290031433105 -84.6337890625 -5.39734411239624
-3.5693583488464355 -86.18114471435547 -5.237234592437744
-2.7622382640838623 -90.0667953491211 -5.697413921356201
-9.372715950012207 26.141841888427734 2.1628782749176025
-30.12495231628418 67.57647705078125 -6.317644119262695
-27.515087127685547 65.70121002197266 -5.582834243774414
9.817239761352539 58.14225387573242 -3.1004674434661865
-16.321123123168945 43.26211166381836 -5.201483726501465
-2.8980813026428223 61.60614013671875 3.4158239364624023
-0.5803250670433044 63.24895477294922 4.172959327697754
0.8435835242271423 62.38924026489258 4.056815147399902
-18.884977340698242 23.52769660949707 1.2355064153671265
-16.6112003326416 78.27265167236328 -4.044538497924805
-5.5054545402526855 76.08731842041016 -4.637465000152588
-6.987702369689941 -83.89393615722656 -6.82598876953125
-9.255934715270996 -79.46804809570312 -5.5627546310424805
-2.250995397567749 -32.550872802734375 2.246816396713257
-4.034636974334717 -33.452266693115234 2.370046854019165
-3.5458943843841553 -33.087989807128906 0.3887566328048706
-20.307552337646484 48.36956787109375 -4.856837272644043
4.406218528747559 -95.06903076171875 -10.787543296813965
-9.338294982910156 33.90956497192383 2.6548640727996826
12.986777305603027 30.658109664916992 -5.119966983795166
23.023395538330078 49.236045837402344 -6.067610740661621
3.0043041706085205 83.37901306152344 2.1215970516204834
9.990802764892578 40.61882400512695 -5.029984474182129
2.0398387908935547 -54.10675811767578 -4.256654739379883
17.118608474731445 80.31568145751953 -4.581133842468262
7.567593097686768 41.31417465209961 -4.00771951675415
7.357302188873291 54.051963806152344 -1.5169974565505981
12.255820274353027 84.28791809082031 -5.1506476402282715
-0.21908102929592133 -26.75539779663086 1.5271908044815063
-0.47802093625068665 -27.401451110839844 2.414780378341675
2.76117205619812 -26.14569854736328 2.464568853378296
-1.9947175979614258 -30.00291633605957 2.347538948059082
1.1082813739776611 -27.80926513671875 2.3965237140655518
-19.538135528564453 45.31684112548828 0.6587833762168884
-15.81745719909668 35.04656982421875 0.6906459331512451
-13.538511276245117 35.51420593261719 2.496757745742798
15.790449142456055 11.719339370727539 1.9051735401153564
14.937071800231934 20.959728240966797 3.9518890380859375
-9.349966049194336 92.49658966064453 -5.669960975646973
18.047338485717773 36.66545486450195 1.3106510639190674
-18.161773681640625 82.3397445678711 -2.924272298812866
27.52037811279297 56.04593276977539 -3.57515287399292
1.308347225189209 -85.77704620361328 -4.004216194152832
1.6927871704101562 -48.87014389038086 -0.1919235736131668
1.1391010284423828 -50.623050689697266 1.6008268594741821
2.806331157684326 -49.83151626586914 1.641231894493103
4.209738731384277 -50.25720977783203 1.56047785282135
-15.03559398651123 71.17823028564453 3.11991024017334
20.383285522460938 75.51998901367188 -1.7540075778961182
-5.017576217651367 51.61995315551758 -5.040153980255127
-1.5480152368545532 16.69133186340332 -6.174798488616943
8.52078628540039 17.979917526245117 0.4795380234718323
-3.7343244552612305 -0.9693636894226074 -1.2478678226470947
-2.2097883224487305 -85.37435913085938 -7.246612071990967
-19.207386016845703 61.04280471801758 -3.801334857940674
-6.671535491943359 -73.46468353271484 -1.4579284191131592
20.96417808532715 30.447683334350586 0.11548637598752975
-29.729272842407227 72.10823059082031 -0.5593604445457458
19.242368698120117 32.99836349487305 0.8347557187080383
4.360822677612305 -68.98878479003906 -2.350888967514038
4.553985595703125 -69.5639419555664 0.7452333569526672
-4.101071357727051 -0.25734004378318787 3.481142997741699
-2.1785013675689697 -0.331953763961792 3.3502180576324463
-3.470003843307495 -0.7191843390464783 1.9531816244125366
17.5970458984375 70.24687957763672 1.757654070854187
18.078020095825195 91.0812759399414 -2.5971031188964844
25.812658309936523 66.9370346069336 -5.421106338500977
30.03776741027832 65.63435363769531 -6.1298604011535645
-0.14145781099796295 46.84031677246094 -3.844423770904541
21.997825622558594 68.2024154663086 2.198225498199463
-2.6076345443725586 -50.404579162597656 -0.923823893070221
-4.012834548950195 -49.31861114501953 1.8218673467636108
-2.336639881134033 -52.039955139160156 1.4998459815979004
-28.980897903442383 78.60356903076172 -1.282248854637146
-2.203202247619629 -57.67414093017578 1.3533177375793457
-0.46916285157203674 -56.64408874511719 1.4034870862960815
-0.3118916451931 -57.04697799682617 0.16870324313640594
1.1284407377243042 -56.29064178466797 1.4114892482757568
5.903687000274658 35.430992126464844 -2.291849374771118
4.344305038452148 -50.99948501586914 1.580570936203003
4.313391208648682 -50.13608932495117 -1.5451481342315674
2.7834765911102295 35.47499084472656 -5.091696739196777
-3.1771609783172607 67.42003631591797 4.2119622230529785
-23.816036224365234 69.55181884765625 -1.351945161819458
4.771320819854736 59.34180450439453 -2.8196191787719727
-19.56179428100586 30.20267105102539 -2.518030881881714
14.64526081085205 91.02971649169922 -2.2426884174346924
-19.461759567260742 53.34442901611328 2.9639439582824707
-20.473106384277344 55.33610534667969 -0.04584822803735733
23.413129806518555 84.47188568115234 -3.0455667972564697
15.000231742858887 29.555797576904297 -5.234889507293701
20.579586029052734 25.996496200561523 -6.254431247711182
6.222055912017822 94.6785888671875 2.5161123275756836
19.94928741455078 15.195866584777832 -4.778636932373047
-12.200284004211426 93.09967803955078 0.7524920701980591
9.856521606445312 -79.60614776611328 -3.382664680480957
-12.534493446350098 76.76155090332031 -2.3024234771728516
-1.2229975461959839 23.78342628479004 -5.348841190338135
11.858819007873535 54.35176467895508 -4.636101722717285
-1.5444087982177734 29.853973388671875 2.433309316635132
-2.2864952087402344 29.814943313598633 4.2325005531311035
0.9893782734870911 28.82122230529785 4.254811763763428
-0.5712004899978638 29.984365463256836 4.263103485107422
-3.272962808609009 31.171642303466797 4.103916645050049
-2.342163324356079 31.17459487915039 4.35651969909668
-0.5789096355438232 31.17459487915039 4.35651969909668
0.4256354868412018 31.168161392211914 4.211606502532959
-9.817760467529297 67.19047546386719 -4.797420978546143
-2.2449533939361572 16.081783294677734 0.8969225287437439
-4.0725531578063965 15.761076927185059 4.043614864349365
-2.252838611602783 16.58310317993164 3.910245895385742
-4.066962718963623 11.21386432647705 3.8779733180999756
-2.3441977500915527 9.981414794921875 3.846414804458618
-4.710216045379639 10.870948791503906 2.7977406978607178
-18.66558837890625 89.30998229980469 -5.456428527832031
-24.27260971069336 66.33258056640625 3.3673391342163086
-4.088466644287109 -58.82753372192383 1.5971755981445312
-5.100303649902344 3.678645610809326 -2.557163953781128
-22.88395881652832 58.599342346191406 -5.1469407081604
13.647180557250977 33.61006546020508 -3.4266467094421387
1.7380056381225586 13.36169147491455 -1.5897759199142456
11.752999305725098 89.8316421508789 -5.288547039031982
10.77476978302002 93.0368881225586 -6.247056484222412
2.996704339981079 25.875059127807617 -5.033854961395264
24.176883697509766 60.47456359863281 -2.5219857692718506
-24.725189208984375 77.72735595703125 -5.528114318847656
3.27485728263855 84.53813171386719 -2.2504634857177734
-2.6049985885620117 52.353031158447266 3.3933956623077393
-0.8680415749549866 51.15224075317383 4.523309707641602
-2.342163324356079 51.150020599365234 4.35651969909668
-2.8974647521972656 -65.92271423339844 -4.00664758682251
-5.5719428062438965 -78.72526550292969 -3.033169746398926
-2.261488676071167 -80.01421356201172 -1.861195683479309
-4.004771709442139 -78.07768249511719 -0.8089679479598999
-9.125203132629395 -78.7989501953125 -4.641639232635498
7.562251091003418 -77.30057525634766 -4.207860946655273
-10.795827865600586 60.98891067504883 0.31561028957366943
-3.2572319507598877 -85.57955169677734 -4.343723773956299
-1.4401944875717163 -87.27310943603516 -4.702461242675781
22.19806480407715 21.35060691833496 0.0814828872680664
-15.362890243530273 23.685945510864258 -4.600025177001953
-3.3998122215270996 -93.07575988769531 -9.959622383117676
-31.125429153442383 64.25291442871094 2.442063570022583
-25.93549919128418 64.68840026855469 3.405923366546631
-4.532782077789307 -86.44621276855469 -10.159052848815918
-4.933737754821777 -19.621923446655273 -3.5183262825012207
-25.36395835876465 57.36669158935547 0.6134437918663025
4.33643102645874 -14.85441780090332 2.845822334289551
4.584400653839111 -14.976398468017578 1.7682197093963623
-6.7156453132629395 35.53062057495117 -2.939653158187866
23.31702995300293 62.50629425048828 -5.136821746826172
4.1404008865356445 -8.963007926940918 1.4459339380264282
4.321779251098633 -9.33687973022461 3.023207664489746
2.851006269454956 -8.933903694152832 3.0676426887512207
4.591984272003174 58.50037384033203 -5.2693190574646
-0.21345679461956024 -94.16588592529297 -12.6634521484375
0.32348692417144775 -35.22665023803711 0.5838579535484314
-0.4727524220943451 -33.75822067260742 2.1907832622528076
1.0953203439712524 -33.49445724487305 2.176586627960205
-2.098785400390625 -34.72919464111328 2.161451578140259
2.7988219261169434 -32.49772644042969 2.2292087078094482
3.633333206176758 -32.08987808227539 -3.674863576889038
-3.5474331378936768 -40.13100051879883 -4.072571754455566
2.787431478500366 -45.19575500488281 1.8003008365631104
2.4213595390319824 -46.214019775390625 0.1113157570362091
4.320709705352783 -44.30018615722656 1.811275839805603
-21.71147918701172 64.8880386352539 -2.5217926502227783
5.768553256988525 54.18722915649414 -5.159195899963379
6.869197845458984 -84.43753051757812 -6.516610622406006
-4.353887557983398 67.81080627441406 -5.296093940734863
1.3670570850372314 65.76165008544922 2.481039047241211
-0.5742203593254089 65.80299377441406 4.151290416717529
1.0207254886627197 64.27726745605469 4.153838634490967
2.7018938064575195 64.04547882080078 4.176958084106445
6.557631015777588 60.33463668823242 2.3672423362731934
4.288939476013184 62.3690299987793 4.160202980041504
4.933619499206543 60.223358154296875 4.162251949310303
-2.482745409011841 35.74259948730469 -4.116599082946777
-21.040210723876953 78.5460433959961 -1.3034687042236328
22.673919677734375 52.80430603027344 -0.6144000887870789
-11.933491706848145 54.44275665283203 2.8741953372955322
-10.864885330200195 53.77682876586914 1.9732413291931152
9.109990119934082 34.82438659667969 -4.471487045288086
-1.0008299350738525 -49.43424987792969 -0.12641620635986328
-2.187039375305176 -49.64875030517578 1.6301697492599487
-0.46505096554756165 -50.49650955200195 1.5897411108016968
-3.8283493518829346 -46.862815856933594 1.9173052310943604
-2.229581117630005 38.476707458496094 4.240992546081543
1.022254228591919 38.48862075805664 4.233190059661865
1.355661153793335 39.41782760620117 1.7641810178756714
2.7135050296783447 39.42317581176758 4.238129615783691
-0.5498706102371216 38.42019271850586 4.241696834564209
4.2371134757995605 39.926536560058594 4.232376575469971
3.270510673522949 -34.60737228393555 -1.297895073890686
-6.1148529052734375 36.93010711669922 -5.267510414123535
1.2639648914337158 -70.50847625732422 -1.4126945734024048
-0.38957667350769043 -68.2859878540039 0.9647384285926819
1.1210606098175049 -69.20362091064453 0.9673449397087097
2.8198060989379883 -70.43791961669922 0.9342496395111084
4.404913902282715 -70.26793670654297 0.9157878160476685
-4.038096904754639 -22.28830337524414 2.7623963356018066
-4.0914835929870605 -21.388507843017578 -0.08107751607894897
-16.571792602539062 91.84332275390625 -3.541795015335083
5.952571392059326 -77.32039642333984 -7.367818355560303
-18.067398071289062 49.7199821472168 0.16696591675281525
-17.285552978515625 49.4366569519043 2.7709574699401855
7.4319047927856445 10.31533432006836 2.4340274333953857
18.46429443359375 87.83750915527344 -5.411879062652588
4.295923233032227 -47.276649475097656 0.1027081236243248
4.355221271514893 -48.709983825683594 1.6665161848068237
-6.396985054016113 32.88164520263672 2.7101962566375732
-4.118573188781738 34.19667053222656 4.347327709197998
29.703039169311523 63.081703186035156 1.7565968036651611
-9.017596244812012 94.47975158691406 -3.391984701156616
17.230207443237305 25.060468673706055 -4.531665802001953
14.40731430053711 29.642738342285156 -2.2281720638275146
-17.102445602416992 58.127044677734375 -5.0137619972229
17.425031661987305 22.673925399780273 1.820342779159546
17.50248908996582 14.201444625854492 0.41699814796447754
6.327149391174316 37.37493133544922 -4.9177117347717285
19.103599548339844 86.97868347167969 -3.5650761127471924
-3.328545570373535 -43.23035430908203 -4.1108927726745605
-14.574912071228027 23.972837448120117 -0.10250557959079742
23.00061798095703 49.89934158325195 -3.2828736305236816
-6.890164852142334 53.21284484863281 2.8230059146881104
-9.00282096862793 35.320899963378906 -5.128630638122559
-26.20659828186035 76.65192413330078 -4.448036193847656
-15.070624351501465 53.40789794921875 2.8224081993103027
-15.832382202148438 54.34968948364258 -0.44951990246772766
9.606907844543457 -78.70128631591797 -3.389065980911255
-7.28805685043335 63.04994583129883 -3.863751173019409
1.8549270629882812 4.948381423950195 1.29424250125885
1.0057957172393799 3.4086673259735107 3.2474677562713623
9.76009750366211 10.497955322265625 -1.905470848083496
8.33004093170166 85.53433990478516 1.5638247728347778
-13.449697494506836 40.38188934326172 2.886476755142212
-12.785787582397461 40.026668548583984 1.9821627140045166
3.8055567741394043 72.92996215820312 0.9714906215667725
10.060726165771484 94.67156982421875 2.493882417678833
-1.4171524047851562 81.9341812133789 1.5806875228881836
18.418851852416992 30.022106170654297 -3.9346981048583984
-4.034244537353516 -44.53912353515625 1.9385560750961304
-2.185115337371826 -43.07078170776367 1.8890475034713745
-15.35157299041748 75.79454803466797 -5.09479284286499
-29.565549850463867 69.18724060058594 -5.330347537994385
-26.652145385742188 53.476383209228516 -3.249458074569702
23.173749923706055 50.859352111816406 -6.209151744842529
-7.323516845703125 53.0511474609375 -3.173814058303833
16.898231506347656 34.594093322753906 -4.186242580413818
-7.218369960784912 58.27915954589844 -4.583881855010986
4.351249694824219 -46.00470733642578 -2.0029852390289307
18.10187530517578 43.681915283203125 0.5439760088920593
11.24177360534668 93.93051147460938 -6.319969177246094
-12.483732223510742 54.491180419921875 -2.6505441665649414
-30.69769287109375 72.32373809814453 -5.4095458984375
-1.1344959735870361 -50.957557678222656 -2.550987958908081
4.230104923248291 -22.13596534729004 -3.267446756362915
11.252581596374512 19.08966636657715 -3.8281781673431396
-17.394344329833984 39.46530532836914 -5.956074237823486
13.374829292297363 53.35627746582031 -5.129622936248779
-0.8619527816772461 -79.54582977294922 -1.459087610244751
12.356840133666992 20.29987335205078 -5.203287124633789
8.324928283691406 52.46483612060547 2.7353997230529785
-15.893477439880371 47.761375427246094 -5.053164005279541
2.3377809524536133 -96.0141830444336 -13.532784461975098
-24.337400436401367 84.88253021240234 -0.9863458871841431
5.882574558258057 -74.08695983886719 -1.34689199924469
2.7623515129089355 -73.54141998291016 0.5411811470985413
4.3645710945129395 -73.21012878417969 0.4349295496940613
18.556896209716797 53.6769905090332 -3.66204571723938
-14.731925964355469 83.74437713623047 3.2199084758758545
-23.065771102905273 64.9798583984375 3.1289222240448
-4.105762958526611 -45.72262191772461 1.7279270887374878
-3.0718929767608643 -45.659271240234375 -1.8215065002441406
8.409158706665039 34.115047454833984 3.562610626220703
10.278745651245117 36.539459228515625 2.169053316116333
18.30376625061035 81.55413055419922 0.020525949075818062
-25.52774429321289 62.88492965698242 -4.475192070007324
11.648870468139648 61.0784797668457 -0.3284764289855957
4.33553409576416 -18.470638275146484 2.7379159927368164
1.1124467849731445 -19.936073303222656 2.670609474182129
1.7629165649414062 -18.141128540039062 0.6382363438606262
-0.22042258083820343 -19.475906372070312 2.578718662261963
2.7685012817382812 -18.97977066040039 2.709033250808716
-22.57206153869629 24.8645076751709 0.45570218563079834
4.974726676940918 -1.49083411693573 -1.5168399810791016
12.632393836975098 78.9941177368164 2.0713143348693848
-4.892513275146484 43.30900955200195 1.1243845224380493
-6.660877704620361 45.644012451171875 2.654667377471924
-0.2632136046886444 -46.43512725830078 -0.01283667515963316
1.1101199388504028 -44.150413513183594 1.803633451461792
-2.1696319580078125 -45.43952178955078 1.7890986204147339
-0.5007936954498291 -44.528316497802734 1.8227834701538086
3.955308437347412 -85.38172912597656 -4.788610935211182
1.4556970596313477 -85.89533996582031 -4.255580425262451
-16.178722381591797 29.948572158813477 -4.724276065826416
-5.942234992980957 19.888702392578125 1.0433965921401978
-7.408634662628174 22.97686767578125 2.573542833328247
6.518605709075928 79.86869049072266 1.02851402759552
-4.038936138153076 -27.414113998413086 2.5737950801849365
-2.5723233222961426 -26.80023956298828 1.4907625913619995
-2.208908796310425 -28.11534309387207 2.384401321411133
6.188087463378906 48.82322311401367 -3.075639009475708
-18.599092483520508 42.800437927246094 -4.617042064666748
-4.787353515625 -2.4039909839630127 1.0380314588546753
-4.3348822593688965 -2.6106722354888916 3.301105499267578
-2.9744789600372314 -30.875553131103516 -2.417201280593872
-0.2633226811885834 -89.6062240600586 -11.821048736572266
16.3839111328125 58.21537780761719 -3.0344440937042236
-0.5102097392082214 -0.11859031021595001 3.363314628601074
1.0592765808105469 0.7015804648399353 3.356802463531494
2.7485315799713135 -0.5068621635437012 3.356062889099121
4.346187591552734 -0.10169194638729095 3.3753011226654053
-1.9698235988616943 -1.145735740661621 3.283851385116577
1.5845763683319092 -0.18572041392326355 1.3192161321640015
4.651262283325195 61.5245475769043 0.9899517297744751
-6.6057024002075195 69.7322998046875 4.7650580406188965
-6.894359111785889 72.85999298095703 1.9594403505325317
-17.212968826293945 87.14860534667969 -4.562533855438232
-15.741386413574219 90.82347869873047 -6.104061126708984
-20.684423446655273 20.996726989746094 2.061448335647583
4.722260475158691 -13.718849182128906 -0.8894689679145813
5.548308372497559 87.35710144042969 -3.3207876682281494
-0.9410032033920288 51.38219451904297 -3.597567081451416
10.597229957580566 93.24728393554688 -6.324141979217529
-10.709598541259766 70.84130859375 -4.146262168884277
-23.395587921142578 76.30667114257812 3.6291110515594482
-16.46358871459961 91.42147064208984 1.9014232158660889
-14.522480964660645 26.36153221130371 1.0443428754806519
-11.963433265686035 29.722850799560547 2.6337103843688965
-2.18339204788208 -10.12219524383545 3.0030534267425537
-0.5065531730651855 -10.970304489135742 3.0053868293762207
1.1052300930023193 -10.64112663269043 2.995116949081421
2.74733829498291 -10.806047439575195 2.9846320152282715
-1.0319541692733765 -10.702296257019043 1.3193731307983398
-3.912503957748413 -11.185626983642578 3.0047898292541504
-28.472885131835938 67.48515319824219 1.187300205230713
2.2067179679870605 -30.157176971435547 -2.9730165004730225
28.869564056396484 61.63313293457031 -4.632821083068848
13.840733528137207 39.053585052490234 -3.4749481678009033
14.346538543701172 21.74765968322754 2.504422903060913
10.332114219665527 89.31443786621094 -0.0012347784359008074
-5.1051106452941895 92.6596908569336 -4.6851348876953125
-3.2103922367095947 -5.608823776245117 1.4159983396530151
-2.2522637844085693 -6.872837543487549 3.1368539333343506
-4.074974060058594 -6.849306583404541 3.2629425525665283
12.787069320678711 93.97814178466797 1.5330183506011963
-23.729888916015625 50.24151611328125 1.0711815357208252
-7.831981182098389 69.41796875 -2.008568048477173
1.100409746170044 33.372928619384766 1.0815635919570923
25.579111099243164 61.40971755981445 -5.5506911277771
26.31206512451172 57.168182373046875 -6.285115718841553
-16.782161712646484 36.1749267578125 -3.7933449745178223
1.555614709854126 -94.99130249023438 -9.021810531616211
14.504039764404297 91.71891021728516 1.4965499639511108
-5.455971717834473 47.988590240478516 0.9520689249038696
-23.49665641784668 86.56196594238281 -5.719036102294922
-18.909120559692383 55.014671325683594 -4.693212985992432
9.809266090393066 15.537782669067383 -5.514682292938232
-14.426836013793945 33.363162994384766 -5.476672172546387
-21.71334457397461 20.48331642150879 -6.232687950134277
24.59735870361328 53.2984619140625 -4.976806640625
31.30613899230957 72.86675262451172 2.0654265880584717
-7.669355869293213 77.55584716796875 -4.77389669418335
0.01006713043898344 -0.09518551081418991 -1.6977514028549194
-11.70679759979248 79.50732421875 -3.344909429550171
-9.534483909606934 -77.78295135498047 -5.062774181365967
-6.5554399490356445 -77.08415985107422 -7.027322769165039
-4.2793450355529785 -4.888894557952881 -1.610142707824707
10.514677047729492 78.29975891113281 -4.720547676086426
-1.7797982692718506 -72.28364562988281 -4.797302722930908
-18.42951011657715 25.679424285888672 -5.121126174926758
-8.722874641418457 -90.17684936523438 -8.654643058776855
-7.831830978393555 -85.92623138427734 -7.021081447601318
-6.508305549621582 -89.14373779296875 -8.966940879821777
19.658588409423828 90.87049865722656 -4.638887882232666
8.303666114807129 11.157347679138184 -5.057492256164551
13.660712242126465 36.17500686645508 1.7290318012237549
-7.067421913146973 27.42157554626465 -4.176820755004883
-16.83852195739746 37.58268356323242 -6.261606693267822
-4.334728240966797 20.044523239135742 -3.54300594329834
-20.506383895874023 74.77613830566406 -4.6382737159729
9.125333786010742 26.518512725830078 0.8857055902481079
2.6573920249938965 -66.0749740600586 -0.044202059507369995
1.145911455154419 -66.42003631591797 1.047062635421753
2.800447702407837 -66.81159210205078 1.0663621425628662
4.380102634429932 -67.10163879394531 1.0504497289657593
-4.164912223815918 -73.259033203125 -1.9428619146347046
-0.6307405829429626 -76.14981079101562 -0.39997100830078125
-4.000894546508789 -75.1966323852539 0.2218194156885147
-2.168307065963745 -76.72640991210938 -0.6147413849830627
-29.827119827270508 65.58818817138672 -4.9479146003723145
2.16196870803833 -57.992557525634766 -3.843125343322754
6.428062915802002 93.00955200195312 -4.502181053161621
-17.379301071166992 34.56205368041992 2.219278573989868
-13.4371919631958 34.595157623291016 2.7623159885406494
-3.616588592529297 55.911842346191406 -2.431201934814453
-2.427833080291748 -17.778240203857422 -0.4025774598121643
-1.773893117904663 -58.683536529541016 -2.2394862174987793
-3.9959492683410645 -72.3197021484375 1.0126363039016724
-1.0284303426742554 -71.82459259033203 -0.5496120452880859
-2.1452646255493164 -72.08702087402344 0.6083982586860657
-0.49074965715408325 -71.46701049804688 0.5987487435340881
1.1703163385391235 -73.10736083984375 0.5243090391159058
22.55790138244629 23.923789978027344 2.328824758529663
-1.9731425046920776 -17.812461853027344 1.1027321815490723
-4.019102096557617 -17.397510528564453 2.8285346031188965
-2.1782398223876953 -17.469146728515625 2.7301955223083496
-0.7644733190536499 -18.954566955566406 2.5481066703796387
-17.231435775756836 39.49591827392578 1.5365854501724243
20.771196365356445 31.429018020629883 -5.566196441650391
-8.99280071258545 47.24658203125 -4.881185531616211
-9.86047077178955 -79.42416381835938 -3.5435688495635986
19.40015411376953 33.88418960571289 -5.236666679382324
-4.030835151672363 -52.61335754394531 -0.7107780575752258
-4.099583148956299 -52.503204345703125 1.6902538537979126
2.0298562049865723 10.618054389953613 -0.04634261503815651
-19.188005447387695 69.3912124633789 -5.340391159057617
-2.7334141731262207 -38.850948333740234 -0.19994941353797913
-15.17082691192627 23.708335876464844 2.848808526992798
4.002221584320068 66.25190734863281 -2.606196880340576
-5.145923137664795 -3.123917818069458 -2.722075939178467
5.727447509765625 -78.31265258789062 -7.859059810638428
21.889894485473633 71.24212646484375 2.0917036533355713
-4.041469097137451 -24.054550170898438 2.6873879432678223
-2.1866538524627686 -23.530540466308594 2.5572617053985596
-0.45783087611198425 -23.217979431152344 2.5653252601623535
-1.9917892217636108 -24.396757125854492 0.947897732257843
-17.68853187561035 58.65380096435547 -1.0400893688201904
-1.4485136270523071 87.30413818359375 -5.093699932098389
-12.19051456451416 73.04459381103516 -0.10540410876274109
4.802868366241455 88.4031753540039 0.9470807313919067
-8.128421783447266 87.98351287841797 -4.151732444763184
-2.1950788497924805 -4.08849573135376 3.21630859375
-0.4350064992904663 -5.0640692710876465 1.2339704036712646
-0.4946669340133667 -5.46846342086792 3.1802539825439453
2.758927822113037 -6.164117813110352 3.154054641723633
1.0907413959503174 -5.874919891357422 3.1672604084014893
-0.4709360599517822 54.138771057128906 -5.586356163024902
-4.297879219055176 -47.76988220214844 -4.174790859222412
-1.9687201976776123 84.72256469726562 -2.6367900371551514
13.85083293914795 91.00482940673828 -5.106427192687988
-2.113887071609497 73.253173828125 -4.229623317718506
-19.334228515625 33.612266540527344 -0.18288032710552216
10.750664710998535 48.5551872253418 0.31593507528305054
0.7731257081031799 21.923152923583984 2.4411468505859375
-0.5705879330635071 22.058544158935547 4.141702651977539
1.0998010635375977 21.66207504272461 4.134865760803223
2.467555522918701 22.418508529663086 4.044735431671143
4.346716403961182 -34.88227462768555 2.146627187728882
3.2752444744110107 -35.2772331237793 1.0562114715576172
2.956770896911621 -33.89253234863281 2.064847230911255
-17.178279876708984 55.46601867675781 2.948641538619995
-16.709217071533203 56.607749938964844 2.0868654251098633
6.827235698699951 93.7135009765625 0.5885530710220337
22.03548812866211 86.82703399658203 -5.751068592071533
13.773246765136719 11.419061660766602 1.9055006504058838
1.0528291463851929 -45.19560623168945 -4.116274356842041
0.28772446513175964 43.542999267578125 -3.5209624767303467
-10.398761749267578 32.78021240234375 -2.541999340057373
-9.967202186584473 -77.65579986572266 -4.570069789886475
-4.312835693359375 61.13936233520508 -5.486498832702637
5.177524089813232 81.2166748046875 -4.3329362869262695
13.217244148254395 22.695417404174805 -5.171548843383789
-1.2679293155670166 -4.284655570983887 -2.4250097274780273
-27.404075622558594 64.9766616821289 0.8920106887817383
4.111865997314453 20.32234764099121 2.161808729171753
4.299680233001709 20.06212615966797 4.085055828094482
2.6559078693389893 20.887353897094727 4.0668463706970215
-0.8832012414932251 40.192665100097656 -5.45660400390625
11.274782180786133 13.897523880004883 -1.607749342918396
-5.0660552978515625 18.651538848876953 -5.471311092376709
-5.3323073387146 17.14839744567871 -1.73313570022583
1.770220160484314 95.45674133300781 1.9661378860473633
-18.51352882385254 35.33848190307617 -5.810389995574951
-17.176504135131836 35.1551399230957 -6.211908340454102
4.175073623657227 30.905776977539062 3.160616636276245
0.9937887787818909 33.025936126708984 4.27606201171875
-0.561269223690033 34.44015121459961 4.24735689163208
1.0591416358947754 31.173782348632812 4.478682518005371
2.758112668991089 31.17459487915039 4.35651969909668
4.3296709060668945 31.17459487915039 4.35651969909668
4.259846210479736 31.385717391967773 4.274011611938477
2.7202606201171875 32.27385711669922 4.231060981750488
-4.030416011810303 -39.2925910949707 2.1728718280792236
-2.1631035804748535 -38.77107620239258 2.029094696044922
-2.1893577575683594 -37.857421875 1.2920080423355103
-15.110522270202637 73.32471466064453 3.088524341583252
-22.220693588256836 79.7938461303711 -4.031974792480469
0.5471776723861694 34.32651901245117 -4.971229076385498
2.9352476596832275 62.96570587158203 -3.6162359714508057
-11.387829780578613 87.53651428222656 -5.5652079582214355
4.683504581451416 -86.37001037597656 -9.432096481323242
7.228145599365234 -85.6168212890625 -8.137744903564453
4.86337423324585 26.893552780151367 3.1219491958618164
1.0154023170471191 26.295639038085938 4.261971950531006
2.691314935684204 25.63332748413086 4.230483055114746
4.281754970550537 26.166696548461914 4.235185146331787
4.217000484466553 -82.49249267578125 -4.031385898590088
1.3327305316925049 -83.02942657470703 -2.989010810852051
7.186782360076904 -82.58470153808594 -5.205167770385742
17.886199951171875 88.67754364013672 1.6061830520629883
4.058744430541992 -3.766728401184082 1.7000927925109863
4.330506801605225 -4.37461519241333 3.217301368713379
2.934692859649658 -4.163183689117432 3.155608654022217
-4.053266525268555 6.203929901123047 3.7138450145721436
-2.242415428161621 5.718650817871094 3.5697290897369385
-1.4822595119476318 5.071743488311768 1.277788519859314
-0.5128511786460876 3.8546323776245117 3.500274658203125
0.7869583368301392 3.352973222732544 3.329044818878174
2.765301465988159 -12.79603099822998 2.946902275085449
2.1972365379333496 -13.697905540466309 -0.6181991696357727
27.17331886291504 56.00551986694336 0.6577456593513489
-5.356373310089111 -95.21292877197266 -11.329385757446289
-24.771024703979492 79.32250213623047 3.2685484886169434
-22.244462966918945 87.5726318359375 1.8534725904464722
-20.818161010742188 28.16170883178711 1.246656060218811
2.1370322704315186 39.71903610229492 -5.49990177154541
19.33001708984375 43.79262161254883 2.927396535873413
0.7138686180114746 78.53141021728516 -5.315948963165283
18.338245391845703 19.74637794494629 1.7709027528762817
29.531648635864258 76.62016296386719 -5.319793701171875
2.728703498840332 -1.4973289966583252 -2.348592758178711
19.672592163085938 27.724048614501953 0.24721145629882812
-7.751564979553223 26.95940399169922 3.0315918922424316
-4.046958923339844 -63.9715461730957 1.3569883108139038
-3.9472618103027344 -63.89591598510742 -0.09578919410705566
-2.3596599102020264 -62.77315902709961 1.2752548456192017
14.09548568725586 51.06808853149414 -4.793093204498291
-20.546415328979492 22.422948837280273 -3.8839004039764404
-1.446805477142334 -70.90489196777344 -5.381816387176514
-17.58586311340332 83.84891510009766 2.8407912254333496
0.4696778953075409 17.43825340270996 -2.79494309425354
17.072452545166016 12.418317794799805 -5.256449222564697
7.1465229988098145 29.445419311523438 2.9911372661590576
4.422004222869873 28.7529296875 4.2498674392700195
-0.5961409211158752 -27.616304397583008 -3.7276978492736816
18.93134117126465 26.95966339111328 1.0167118310928345
3.2664473056793213 16.424360275268555 2.2787423133850098
2.7171833515167236 16.366947174072266 3.930803060531616
4.291571617126465 15.098848342895508 3.905543327331543
1.0929667949676514 17.2779541015625 3.9865334033966064
-24.657114028930664 53.14510726928711 0.8569706082344055
5.515536308288574 -90.92511749267578 -9.282626152038574
8.605629920959473 -88.73987579345703 -7.830731391906738
-3.611527442932129 -68.75110626220703 -1.5011540651321411
-2.1741013526916504 -68.06825256347656 0.9742279052734375
-4.029250621795654 -68.28651428222656 1.1754223108291626
2.2936458587646484 -8.502625465393066 -1.7350422143936157
-7.350640296936035 80.2833023071289 -0.1358080804347992
4.025335311889648 -15.798468589782715 -3.2917511463165283
1.1077126264572144 -23.067243576049805 2.5702872276306152
2.6723783016204834 -24.627155303955078 2.412738084793091
1.1601710319519043 -24.18465232849121 -0.4656336307525635
-0.29426342248916626 -23.98367691040039 2.427321195602417
-7.959612846374512 -75.3468246459961 -1.2468831539154053
-2.2059950828552246 -19.93543815612793 2.651305675506592
-4.050034523010254 -19.38105583190918 2.8708603382110596
-2.34745717048645 -20.32646369934082 1.6004785299301147
-0.4853805601596832 -20.286361694335938 2.6307342052459717
29.302640914916992 79.61180114746094 -3.3412673473358154
-20.928783416748047 84.17884826660156 -5.307982921600342
-21.553775787353516 25.29433822631836 -4.903059959411621
16.85289192199707 48.315914154052734 -5.015466213226318
1.297310471534729 88.82664489746094 -0.6011598706245422
14.604923248291016 12.298227310180664 -1.2145328521728516
-24.350685119628906 55.453609466552734 -3.875870943069458
-20.87895393371582 19.95540428161621 -3.195810317993164
20.16354751586914 45.262149810791016 -4.359079360961914
-1.3353297710418701 48.481075286865234 3.1405489444732666
-3.964111089706421 45.974510192871094 4.202538967132568
16.57684326171875 47.86424255371094 -1.0410608053207397
2.18385648727417 -35.39305877685547 1.2338711023330688
2.818596363067627 -35.10145950317383 2.153459310531616
1.1094633340835571 -35.75260543823242 2.130282163619995
-23.459171295166016 74.1192398071289 -1.9897736310958862
4.718684673309326 10.943199157714844 0.8944717049598694
-11.26407241821289 38.64401626586914 -0.1376277506351471
-10.004755020141602 38.9652099609375 2.5257630348205566
27.530221939086914 66.89401245117188 1.6131194829940796
-15.450078964233398 82.38424682617188 3.4229354858398438
13.927947998046875 66.58162689208984 0.1951049268245697
5.896408557891846 77.49324035644531 -3.161909580230713
0.8422999978065491 20.89958381652832 -4.4797258377075195
-7.344454288482666 84.57413482666016 -5.554952621459961
1.3704582452774048 -48.30413818359375 -3.4065842628479004
17.431581497192383 39.294830322265625 1.7806835174560547
12.1222562789917 60.86586380004883 -4.671347141265869
14.456817626953125 55.13597106933594 -3.556926965713501
17.04879379272461 61.21164321899414 -3.243028402328491
-1.331033706665039 -53.104515075683594 -1.146976351737976
-0.39701929688453674 -52.749332427978516 1.2412461042404175
-12.160305976867676 50.0947380065918 1.4888274669647217
-12.405900001525879 50.09088134765625 2.853024482727051
12.968130111694336 15.0610990524292 1.7259682416915894
30.096755981445312 69.40399932861328 -5.644582748413086
27.774290084838867 74.80056762695312 1.1118875741958618
-2.321052074432373 -88.12591552734375 -11.556455612182617
29.575693130493164 78.56656646728516 -0.47768789529800415
4.343653678894043 -26.08152198791504 2.45426607131958
-0.22327309846878052 67.8124771118164 1.3312526941299438
14.770112991333008 22.29875373840332 -1.6922607421875
-7.614526748657227 94.15229034423828 1.4797333478927612
1.6789058446884155 -11.972077369689941 -2.9496982097625732
-2.4964077472686768 -61.85228729248047 -4.572412014007568
20.773143768310547 22.22815704345703 -5.856931209564209
-25.09284782409668 85.51461791992188 2.095010757446289
4.589817047119141 -79.44807434082031 -4.54829740524292
-28.656126022338867 58.547542572021484 2.035176992416382
23.21463394165039 67.8721694946289 -5.122533798217773
0.5135509371757507 54.58797836303711 -5.496689796447754
-0.6204195022583008 87.84586334228516 1.7354015111923218
-4.469955921173096 -88.98350524902344 -6.6844801902771
-7.352227687835693 -88.65218353271484 -6.959122657775879
-21.560503005981445 86.98086547851562 -3.5742263793945312
-22.0565185546875 24.6839656829834 2.3222482204437256
-6.6998395919799805 57.380340576171875 3.0009546279907227
-0.15914765000343323 65.25857543945312 -4.720023155212402
-13.235074996948242 91.7616195678711 -4.86916971206665
7.9760541915893555 61.83589172363281 -3.8557920455932617
-10.451302528381348 84.77781677246094 -3.18526029586792
-15.865781784057617 49.90998077392578 -3.5305094718933105
-11.463957786560059 26.766279220581055 -4.584683418273926
-26.84981346130371 67.20845031738281 -4.91315221786499
-4.844825744628906 68.44064331054688 2.1104724407196045
7.008640766143799 -76.98674774169922 -1.8753520250320435
14.25250244140625 76.36621856689453 1.4477133750915527
-6.488833904266357 71.4896469116211 -5.412040710449219
-4.42744255065918 -80.5927505493164 -8.579212188720703
12.81842041015625 19.527450561523438 1.8054105043411255
-23.246978759765625 69.51427459716797 -4.91569709777832
-3.201808214187622 -18.404197692871094 -2.9361319541931152
22.162111282348633 27.87499237060547 2.0903332233428955
1.0649263858795166 -62.44062423706055 -1.3156551122665405
2.7986621856689453 -62.810157775878906 1.1953990459442139
4.373525619506836 -63.081966400146484 1.1571749448776245
1.1217079162597656 -62.531856536865234 1.2055675983428955
3.868516206741333 1.4188951253890991 -2.6493263244628906
7.716599464416504 69.03418731689453 1.899876356124878
20.013147354125977 50.585323333740234 -3.8734939098358154
-4.527493000030518 89.46967315673828 0.3161563277244568
-4.107396602630615 50.02527618408203 3.7310566902160645
-3.953605890274048 62.240028381347656 -5.215054035186768
-1.9001307487487793 -20.410261154174805 -2.6799864768981934
23.821128845214844 56.75639343261719 -4.7009735107421875
0.43021005392074585 -88.7171401977539 -8.460907936096191
-1.3814828395843506 -88.28722381591797 -5.253191947937012
1.2887288331985474 -87.71559143066406 -4.956350803375244
19.59913444519043 16.597070693969727 -0.13685055077075958
11.172533988952637 37.801918029785156 -5.358741760253906
14.788386344909668 26.733613967895508 -3.9281415939331055
-1.2362700700759888 -66.80538940429688 -5.076078414916992
13.051656723022461 66.21591186523438 -4.052462577819824
-9.51392936706543 24.47060203552246 -5.875237941741943
10.149751663208008 12.042214393615723 1.5491048097610474
3.4707283973693848 -92.0113296508789 -5.945878982543945
3.981984853744507 -92.57205963134766 -7.743437767028809
-27.658954620361328 62.004730224609375 0.6454799771308899
-0.13841746747493744 -75.50102233886719 -4.348762035369873
-0.8451445698738098 -78.52628326416016 -1.2889666557312012
-1.956480622291565 -78.75846099853516 -1.4820818901062012
-22.576875686645508 22.7519474029541 -5.72609806060791
10.689858436584473 93.8038558959961 -5.213197708129883
8.553661346435547 -79.26695251464844 -4.803275108337402
-0.3085891604423523 15.45476245880127 2.688213348388672
-2.204573392868042 13.318618774414062 3.856360912322998
-0.5406045317649841 14.107224464416504 3.8734166622161865
1.0464928150177002 14.74427318572998 3.894728422164917
-5.1359782218933105 34.79106903076172 2.212151050567627
-4.1190667152404785 36.370941162109375 4.357300758361816
-2.2972166538238525 35.48611068725586 4.277702331542969
17.987810134887695 37.308162689208984 -3.887608528137207
17.59342384338379 91.080810546875 -5.335520267486572
-25.154115676879883 85.6697769165039 -5.7181172370910645
-19.019906997680664 48.009212493896484 -5.734607696533203
-8.453818321228027 42.03925323486328 2.907522201538086
-4.115499019622803 42.322689056396484 4.340925693511963
-2.384922504425049 41.55607223510742 4.2917046546936035
-8.406594276428223 40.299232482910156 2.076716899871826
-19.66120147705078 31.156696319580078 1.8314152956008911
1.4082515239715576 92.87018585205078 0.24533766508102417
18.523841857910156 57.368194580078125 0.13444304466247559
-14.573564529418945 56.014469146728516 -4.910360813140869
17.280824661254883 33.898170471191406 2.291546106338501
17.657766342163086 41.754852294921875 -4.179788112640381
-3.7950961589813232 -4.066840648651123 -2.5751402378082275
21.10108757019043 65.17822265625 1.5592505931854248
15.033699035644531 28.634517669677734 1.0330705642700195
4.066091060638428 -75.05824279785156 -4.38036584854126
13.704010963439941 16.891311645507812 -0.8176014423370361
-1.8428484201431274 -36.54390335083008 -1.6831101179122925
-4.0485639572143555 -63.750701904296875 -2.086111307144165
-7.45886754989624 74.69393157958984 -1.3558472394943237
-4.5741353034973145 47.276268005371094 -5.1726202964782715
22.30916976928711 25.725914001464844 -0.6287355422973633
15.374977111816406 20.109582901000977 2.4081053733825684
-29.862991333007812 75.40254211425781 -5.053078651428223
-0.5295203328132629 24.369277954101562 -2.3013675212860107
2.4530932903289795 50.969356536865234 3.2200889587402344
4.3296709060668945 51.150020599365234 4.35651969909668
2.758112668991089 51.150020599365234 4.35651969909668
1.0081093311309814 51.150020599365234 4.35651969909668
-0.20355693995952606 51.13557815551758 4.4567718505859375
20.604562759399414 27.767093658447266 -4.6305832862854
-26.79412269592285 72.15121459960938 -5.009943008422852
-26.828588485717773 83.86260223388672 -5.394125938415527
-12.562146186828613 48.62751007080078 -4.689067363739014
-23.16987419128418 87.79033660888672 0.09618277102708817
19.13536834716797 14.450786590576172 -5.406245231628418
-9.51656436920166 90.29674530029297 -0.6925402283668518
2.4497315883636475 -4.743828773498535 0.4392454922199249
-14.753055572509766 31.044513702392578 0.6425506472587585
-12.546485900878906 31.41057777404785 2.5580434799194336
20.88408088684082 47.499549865722656 2.169909715652466
-22.344444274902344 77.72758483886719 3.0517160892486572
-3.3067641258239746 82.47394561767578 1.8236013650894165
4.638950824737549 -24.33437156677246 -2.6958670616149902
-9.63328742980957 31.69519805908203 -5.50803279876709
7.687172889709473 75.5583724975586 1.2012633085250854
12.28602409362793 93.89571380615234 2.5889787673950195
4.838644504547119 -71.13311767578125 -4.575292587280273
3.944638729095459 -51.82817077636719 -4.694035530090332
23.58775520324707 58.47635269165039 1.0032007694244385
