-20.026147842407227 -20.388534545898438 148.8295440673828
-22.30660057067871 12.29425048828125 90.82414245605469
24.9943790435791 18.281583786010742 132.56845092773438
1.8449745178222656 26.08985710144043 92.85725402832031
-17.050331115722656 -15.72419548034668 173.6105194091797
27.029027938842773 19.399913787841797 119.53705596923828
26.8110408782959 6.727304458618164 153.16944885253906
-24.029685974121094 18.563032150268555 1.727532982826233
-28.508132934570312 4.716822624206543 146.95651245117188
6.945743083953857 -13.04777717590332 2.749023199081421
-28.558652877807617 13.279803276062012 99.71183776855469
25.5176944732666 19.915861129760742 105.7696304321289
-24.696720123291016 -8.64465045928955 92.57373046875
-29.62758445739746 -9.11747932434082 1.502797245979309
-11.846946716308594 30.019672393798828 123.91804504394531
23.18623924255371 -9.027237892150879 166.31837463378906
-1.9549541473388672 30.026397705078125 141.53189086914062
7.926638603210449 -23.598251342773438 166.49290466308594
-10.367024421691895 16.671146392822266 3.4776463508605957
-0.5342262983322144 -2.705185890197754 50.99351119995117
8.186155319213867 23.761571884155273 165.87767028808594
-5.002625942230225 6.095327377319336 80.11622619628906
23.65985870361328 3.9683845043182373 171.2912139892578
-4.121720314025879 -32.01911926269531 107.26129913330078
-22.037357330322266 23.139598846435547 2.882991313934326
29.519834518432617 14.007463455200195 110.16105651855469
26.325042724609375 -15.84339714050293 1.5172359943389893
-29.580476760864258 5.07830810546875 96.86984252929688
-24.675477981567383 20.109766006469727 129.22674560546875
17.357728958129883 -20.947839736938477 155.8604278564453
25.43535041809082 -3.515016555786133 162.52195739746094
-4.000275135040283 22.77906036376953 174.55458068847656
-5.194505214691162 -29.441768646240234 142.17662048339844
10.224807739257812 -4.683378219604492 7.410251140594482
-2.8073534965515137 0.9116579294204712 58.270565032958984
-23.586484909057617 -19.500411987304688 135.4654998779297
6.726309299468994 18.997209548950195 4.8291778564453125
21.57712173461914 17.415298461914062 92.96273803710938
-26.410385131835938 15.651846885681152 137.93051147460938
-19.89791488647461 -24.2160701751709 129.3336181640625
9.477033615112305 30.265701293945312 104.08618927001953
-17.642871856689453 27.193986892700195 105.39824676513672
8.025028228759766 3.3881032466888428 7.970064163208008
-11.18034553527832 5.798941612243652 7.600465297698975
-19.110076904296875 -1.1907886266708374 84.47342681884766
-12.746735572814941 24.052928924560547 156.66506958007812
26.421859741210938 8.089200019836426 3.614229440689087
2.200629234313965 11.221346855163574 8.744305610656738
29.32504653930664 -13.220377922058105 104.60757446289062
-22.724018096923828 4.292819499969482 3.9310927391052246
-32.129817962646484 -6.658736228942871 110.95759582519531
-0.525964081287384 2.374588966369629 48.22123718261719
19.34743881225586 22.273529052734375 99.7285385131836
-15.724308013916016 28.409812927246094 123.3874282836914
-5.033103942871094 -29.590885162353516 96.4065933227539
30.912860870361328 6.4958720207214355 126.63007354736328
22.971189498901367 -20.516294479370117 98.31007385253906
-9.67384147644043 27.545467376708984 144.55117797851562
-32.220458984375 -2.450375556945801 124.44678497314453
23.632314682006836 -21.34355354309082 128.2113800048828
-11.46045207977295 -7.490855693817139 80.2734375
-25.9475154876709 -11.56771469116211 149.79611206054688
-2.3065237998962402 -3.8624939918518066 80.9394302368164
-13.720725059509277 2.3450262546539307 83.14189910888672
13.752113342285156 23.35976219177246 156.1224365234375
28.988170623779297 -12.474462509155273 106.79084014892578
23.523168563842773 0.44834116101264954 173.28201293945312
-13.274260520935059 24.804874420166016 151.7997589111328
-25.534503936767578 6.504220008850098 3.513739585876465
13.808732986450195 12.8040132522583 5.59408712387085
-18.933481216430664 16.26852035522461 89.1237564086914
-20.532560348510742 -25.835296630859375 120.39395141601562
18.910327911376953 -24.95737648010254 1.3802095651626587
28.829341888427734 -4.814124584197998 97.32158660888672
-21.589811325073242 -14.413722038269043 161.583984375
1.7354395389556885 -23.864255905151367 87.64244842529297
26.751611709594727 -6.540786266326904 155.13294982910156
16.430356979370117 -27.639373779296875 106.61372375488281
-16.96408462524414 -26.401987075805664 1.4042669534683228
13.027449607849121 -28.793502807617188 106.6865005493164
6.680998802185059 -32.168983459472656 118.3866195678711
12.215394020080566 -22.540237426757812 91.95001983642578
29.84080696105957 -1.4901025295257568 142.6335906982422
31.771848678588867 -8.505430221557617 117.47022247314453
-11.217540740966797 1.3030071258544922 2.8346810340881348
-2.6245951652526855 -6.62809944152832 6.495980739593506
29.290626525878906 -10.756656646728516 135.5866241455078
-28.62384605407715 10.139360427856445 139.83816528320312
-25.351211547851562 21.32363510131836 114.96871185302734
-13.591753959655762 29.583412170410156 107.0854721069336
-2.179065704345703 2.6304023265838623 67.33406066894531
-13.692987442016602 12.688714981079102 4.155312538146973
-20.681928634643555 24.034643173217773 136.02249145507812
-23.977453231811523 15.086509704589844 154.16159057617188
-30.77757453918457 -11.276025772094727 106.65938568115234
5.695784568786621 25.880146026611328 160.35638427734375
0.08846220374107361 -14.431270599365234 3.894444465637207
25.188945770263672 -21.032840728759766 113.13859558105469
-0.21391068398952484 -32.96390151977539 114.86251068115234
-24.804380416870117 7.0637407302856445 162.7947235107422
22.384719848632812 7.10806941986084 4.249914646148682
-6.886884689331055 27.118186950683594 95.99305725097656
18.341232299804688 -25.32706642150879 102.2381820678711
-2.958214044570923 9.096419334411621 8.243660926818848
-4.657307147979736 -8.601496696472168 2.6438119411468506
-21.65912628173828 -21.64726448059082 1.6029977798461914
4.443845748901367 -23.685007095336914 90.37433624267578
29.111148834228516 0.7593171000480652 97.39537811279297
8.865734100341797 -8.827725410461426 78.68426513671875
-20.78995704650879 -24.05014991760254 106.96775817871094
-15.285440444946289 7.6476263999938965 85.0470962524414
-17.63205337524414 27.909467697143555 114.69144439697266
-2.073716163635254 -30.768001556396484 132.3003387451172
5.874778747558594 28.457042694091797 146.6751251220703
-24.23324966430664 -13.3038330078125 154.238525390625
-17.2160701751709 -28.037126541137695 104.77890014648438
-1.5423957109451294 -2.0239055156707764 58.724571228027344
30.456968307495117 -5.600951194763184 134.3783721923828
7.721567153930664 -26.14907455444336 155.95236206054688
-3.3888940811157227 -11.214242935180664 79.9916000366211
4.0112128257751465 11.836318016052246 84.94147491455078
6.082284450531006 -31.01117706298828 103.11251831054688
-24.662569046020508 21.29839515686035 122.0827407836914
13.361727714538574 30.062198638916016 112.67276763916016
-4.376106262207031 0.6323748230934143 4.556056976318359
-12.417983055114746 6.304741382598877 4.329941749572754
1.8327456712722778 -6.5501227378845215 11.279720306396484
-29.89963722229004 10.13630199432373 131.66268920898438
-5.899669170379639 12.701217651367188 80.04366302490234
26.663719177246094 -18.387310028076172 106.5075454711914
9.78079605102539 13.950591087341309 5.767294883728027
-22.500661849975586 6.963339328765869 91.6524887084961
6.485702991485596 27.675369262695312 150.79478454589844
19.94495391845703 -19.150005340576172 95.57180786132812
16.524982452392578 19.57505226135254 161.6989288330078
0.15541119873523712 33.042659759521484 116.08793640136719
26.79534912109375 -7.512785911560059 151.7751007080078
11.374835014343262 2.9972729682922363 79.29942321777344
2.725137710571289 -24.42074966430664 168.59036254882812
-30.910358428955078 2.6444106101989746 1.7598274946212769
24.688772201538086 20.949562072753906 119.58426666259766
-4.248799800872803 -1.2296026945114136 16.821426391601562
4.297898769378662 -17.481998443603516 1.6813472509384155
27.774524688720703 -1.9649460315704346 152.05152893066406
-8.521904945373535 21.17398452758789 86.83201599121094
12.401582717895508 -25.000900268554688 152.63204956054688
-5.1139302253723145 16.78173828125 82.76927947998047
11.190969467163086 -9.484158515930176 80.34272766113281
-1.643366813659668 -28.266456604003906 150.69534301757812
-19.613330841064453 10.064391136169434 2.9158565998077393
16.0999813079834 -12.9429931640625 88.99604797363281
1.3755353689193726 -10.156622886657715 7.8070197105407715
-5.813752174377441 30.86262321472168 127.67225646972656
22.464691162109375 5.088343620300293 174.6236114501953
-2.4449241161346436 32.476112365722656 122.26541137695312
-16.47588539123535 20.564083099365234 163.45765686035156
-13.573400497436523 -29.308759689331055 131.97093200683594
-0.4887271523475647 2.5385162830352783 59.44083786010742
0.41666844487190247 -0.3328821659088135 38.47755432128906
0.5727631449699402 -2.3852009773254395 71.1509017944336
-5.6912713050842285 28.038938522338867 148.0826416015625
8.116058349609375 -27.277973175048828 93.7393798828125
-32.25897216796875 -6.31628942489624 117.77755737304688
22.62889289855957 -23.32073974609375 107.75847625732422
29.970808029174805 1.5656381845474243 141.22813415527344
13.065059661865234 19.381492614746094 172.96681213378906
-1.7090200185775757 1.987768292427063 30.125886917114258
-31.2393798828125 -8.159531593322754 125.92768096923828
21.42806625366211 24.736318588256836 118.82520294189453
-7.378634929656982 32.0542106628418 111.14031219482422
26.757640838623047 18.914813995361328 113.31639099121094
16.19352149963379 -28.11190414428711 124.59829711914062
-28.523836135864258 11.71062183380127 3.1434929370880127
-5.416969299316406 -22.66794776916504 2.9068949222564697
7.7085676193237305 4.650469779968262 81.69099426269531
-29.20581817626953 10.233718872070312 135.5440673828125
-31.88707733154297 -0.3236096501350403 109.77733612060547
-32.11088180541992 3.105339765548706 126.2724838256836
0.9294001460075378 13.268492698669434 80.44107818603516
-23.29482078552246 7.682681560516357 168.1571044921875
-10.552013397216797 -27.509788513183594 98.19584655761719
-13.092604637145996 -16.3919620513916 2.6767754554748535
-0.5066593289375305 -23.583772659301758 91.65422058105469
-1.7550231218338013 28.499101638793945 150.47357177734375
-24.534860610961914 10.186835289001465 160.1589813232422
30.93796157836914 10.000276565551758 124.8761978149414
-26.061189651489258 -13.773313522338867 147.6580047607422
-9.021421432495117 30.2177734375 129.73121643066406
-27.45343589782715 19.492359161376953 113.89468383789062
-27.03048324584961 -13.222878456115723 99.17432403564453
-32.79063034057617 0.004243376664817333 114.74323272705078
30.422903060913086 -11.770185470581055 122.62442779541016
12.686715126037598 21.82950210571289 91.67073059082031
-24.74257469177246 15.491786003112793 99.30523681640625
-19.755050659179688 -7.96160364151001 89.31092071533203
6.864006519317627 -8.998659133911133 83.31864929199219
25.333913803100586 -15.99493408203125 99.31291198730469
9.992207527160645 30.222421646118164 124.7518310546875
11.547179222106934 -20.969831466674805 171.58441162109375
-4.754162311553955 31.591012954711914 131.97166442871094
22.46249008178711 21.071435928344727 137.4303741455078
28.170495986938477 12.200862884521484 97.79600524902344
24.4332275390625 20.30137062072754 129.5883026123047
10.244765281677246 26.607349395751953 152.7476806640625
18.946910858154297 20.177120208740234 95.82957458496094
-1.0273211002349854 0.9762386679649353 25.388813018798828
3.2386600971221924 -6.938343524932861 2.377403974533081
-18.474807739257812 3.3151488304138184 5.21510124206543
-24.159526824951172 -5.44307804107666 4.268463611602783
-5.1984405517578125 -25.773639678955078 159.90780639648438
23.864110946655273 22.866430282592773 113.9057846069336
1.2213183641433716 -21.126943588256836 3.886641025543213
-17.27073860168457 21.452224731445312 92.20620727539062
26.769535064697266 4.627793312072754 3.4046707153320312
16.2503662109375 9.487150192260742 3.390784740447998
28.27531623840332 16.558547973632812 121.92162322998047
30.82532501220703 10.04811954498291 107.01730346679688
-9.2407865524292 29.823789596557617 101.79991912841797
28.847171783447266 -8.7105712890625 137.0867156982422
22.93092155456543 -3.6023106575012207 173.7118377685547
-3.3276870250701904 -10.66340446472168 84.43580627441406
-16.509531021118164 -24.90015411376953 142.48321533203125
-20.28461456298828 24.50016975402832 131.17440795898438
-19.082996368408203 26.79252815246582 110.50559997558594
-10.522273063659668 -24.92795753479004 156.73191833496094
24.452054977416992 -6.261791229248047 3.067840814590454
13.86327838897705 27.181350708007812 137.9940643310547
-15.859769821166992 -21.739856719970703 157.5904083251953
-21.76603889465332 23.81373405456543 124.64679718017578
24.663698196411133 20.826305389404297 115.91177368164062
5.773175239562988 20.714412689208984 87.47088623046875
-18.96619415283203 4.0468316078186035 84.13159942626953
-8.527341842651367 17.595251083374023 87.0352554321289
1.3376208543777466 -10.254124641418457 78.44766235351562
21.875099182128906 -13.235854148864746 161.78201293945312
-10.856922149658203 4.371854782104492 8.064478874206543
-24.406843185424805 8.03283977508545 89.37865447998047
-5.647489547729492 29.10561752319336 97.77751922607422
-20.911640167236328 -16.610492706298828 158.8848419189453
-1.8265000581741333 29.139087677001953 94.81396484375
4.1637492179870605 25.92060089111328 161.1671905517578
-27.789249420166016 -14.886764526367188 131.9119415283203
-13.095117568969727 -28.17984962463379 131.4573974609375
-23.2364501953125 2.3471791744232178 173.8677520751953
-14.560501098632812 -1.458892822265625 1.5152909755706787
19.855934143066406 -17.620481491088867 159.17654418945312
3.4888951778411865 -1.1616785526275635 81.55372619628906
8.850981712341309 21.559823989868164 91.6780776977539
6.529990196228027 13.337715148925781 80.7332534790039
-28.30063247680664 -17.075632095336914 115.64017486572266
18.47048568725586 27.84661293029785 121.64877319335938
-13.792600631713867 27.471654891967773 136.79551696777344
7.099795818328857 -31.497604370117188 126.39476776123047
-22.921262741088867 -8.026949882507324 169.34413146972656
-24.758989334106445 -21.0936279296875 121.98702239990234
14.354751586914062 -29.479324340820312 103.47716522216797
-21.554611206054688 -12.945818901062012 168.4168701171875
-6.036108493804932 2.516160011291504 75.44512176513672
-13.595907211303711 -21.878721237182617 162.64149475097656
-11.926910400390625 -22.762039184570312 92.40931701660156
12.556519508361816 28.002418518066406 100.67356872558594
25.29229164123535 -20.157339096069336 123.00968933105469
-16.98367691040039 26.49521827697754 1.4777953624725342
-14.816383361816406 22.202085494995117 162.04759216308594
-10.28365421295166 -20.73723602294922 174.03480529785156
3.364926338195801 7.097476482391357 76.57186889648438
-29.669164657592773 -9.73788070678711 102.39958953857422
-2.0957629680633545 0.7476858496665955 38.933895111083984
-4.4579620361328125 1.3033143281936646 70.9142074584961
20.490747451782227 -23.277740478515625 104.21190643310547
-10.051029205322266 -31.429574966430664 114.42240142822266
1.79576575756073 -2.140007972717285 47.96391296386719
-23.443492889404297 23.202117919921875 115.2739028930664
-24.726572036743164 17.04984474182129 142.38294982910156
-4.577354907989502 28.759275436401367 143.36566162109375
32.43752670288086 0.15566754341125488 2.2964415550231934
1.7841565608978271 31.82670021057129 104.53043365478516
11.806193351745605 28.218557357788086 102.74724578857422
13.77308177947998 25.463489532470703 147.4561767578125
22.58498191833496 21.32520294189453 1.7208727598190308
-32.402713775634766 -1.341638445854187 118.5480728149414
4.166776180267334 30.03835678100586 1.2659162282943726
-27.172157287597656 16.887161254882812 1.8179925680160522
7.098147392272949 -14.213197708129883 81.7560043334961
-12.349799156188965 30.590604782104492 116.74755859375
8.544351577758789 -27.9480037689209 96.50223541259766
4.289811611175537 25.45418930053711 2.4260709285736084
-19.61811637878418 27.171510696411133 107.37358093261719
21.55815315246582 23.448179244995117 128.72048950195312
0.8335408568382263 1.7725807428359985 32.565399169921875
-30.312952041625977 12.739624977111816 109.48157501220703
11.891488075256348 1.0833659172058105 8.262382507324219
1.6604143381118774 -0.6277929544448853 44.572608947753906
-23.55019760131836 -19.895177841186523 132.04978942871094
-29.17278289794922 -2.0509519577026367 146.0888214111328
21.360448837280273 -9.336845397949219 87.13848876953125
-24.191600799560547 -19.191530227661133 101.15249633789062
-28.24376678466797 -13.970189094543457 126.95616912841797
25.484872817993164 -12.351512908935547 148.16957092285156
30.529640197753906 12.174264907836914 114.89520263671875
-12.54138469696045 22.762727737426758 2.2410712242126465
12.71427059173584 7.050719738006592 79.90966796875
-25.26426887512207 18.458452224731445 102.28973388671875
5.903022766113281 31.768474578857422 2.8682937622070312
-19.499574661254883 -25.60280990600586 103.6053466796875
21.023290634155273 -15.10598373413086 90.86820220947266
-6.006681442260742 28.729177474975586 142.4399871826172
30.258695602416992 -13.269179344177246 115.10103607177734
-5.791504383087158 24.468061447143555 166.01992797851562
-15.349321365356445 27.58131217956543 132.7965087890625
9.382237434387207 21.592790603637695 87.14652252197266
-20.81244468688965 -4.732998847961426 85.86034393310547
-21.152572631835938 15.245676040649414 161.8839874267578
12.774860382080078 20.340063095092773 172.9292449951172
-16.01995849609375 2.669128179550171 6.367367744445801
-5.3726887702941895 14.091745376586914 80.63418579101562
-28.66449737548828 13.6326322555542 104.09909057617188
-3.39212703704834 26.976938247680664 92.16602325439453
-29.943359375 -4.3533124923706055 98.3132095336914
0.8755536675453186 32.841514587402344 111.27385711669922
-7.05490255355835 -30.339595794677734 101.39613342285156
-0.17881552875041962 1.4038358926773071 15.753844261169434
27.75859260559082 -7.060218334197998 147.04269409179688
-26.069421768188477 5.245772838592529 93.057373046875
-9.245084762573242 -30.75338363647461 118.68477630615234
30.755958557128906 0.5627110600471497 136.78028869628906
-28.31568145751953 -16.30845069885254 121.63818359375
-19.003036499023438 13.761545181274414 172.29385375976562
2.792741537094116 13.990008354187012 7.157870292663574
17.385271072387695 15.166027069091797 173.6806182861328
-6.636902809143066 18.40761947631836 3.052072048187256
-2.4273433685302734 -9.890687942504883 77.55205535888672
-8.63547134399414 8.30234146118164 81.41639709472656
-28.764911651611328 -14.505966186523438 2.031205892562866
17.379579544067383 25.24891471862793 100.47205352783203
22.94510269165039 -19.161361694335938 141.29788208007812
0.19048936665058136 3.334282159805298 67.83685302734375
-9.183170318603516 11.379899024963379 5.12186336517334
-20.51606559753418 -21.847537994384766 99.10218811035156
26.806760787963867 -18.915802001953125 109.2232437133789
20.27170181274414 -25.67285919189453 121.37740325927734
-13.661945343017578 2.0287723541259766 7.0589189529418945
-14.987198829650879 -11.841045379638672 4.956086158752441
16.25760841369629 -16.998598098754883 174.04296875
-10.7252836227417 -3.5302629470825195 5.710158348083496
3.6212587356567383 7.117846488952637 10.502350807189941
8.139196395874023 -3.015211820602417 2.839411735534668
9.342535972595215 28.843996047973633 1.5971200466156006
27.155254364013672 -18.010944366455078 120.2193832397461
-27.533489227294922 15.785965919494629 132.62582397460938
-26.520694732666016 -19.993553161621094 105.97509002685547
29.152597427368164 -11.519431114196777 1.455833911895752
11.831998825073242 -26.76218605041504 146.16818237304688
22.357074737548828 -20.389873504638672 1.50559663772583
18.3569393157959 -14.809568405151367 172.4889678955078
2.324664831161499 -28.619205474853516 149.05331420898438
1.137404203414917 -2.279064416885376 52.40979766845703
15.563329696655273 -20.958568572998047 2.587869882583618
16.47652244567871 -24.267953872680664 144.9068145751953
-0.5915060043334961 -1.260837435722351 32.920310974121094
27.165122985839844 13.876197814941406 137.7734375
10.342127799987793 -15.838977813720703 86.07579040527344
-25.324464797973633 10.141343116760254 1.8372550010681152
12.918612480163574 -19.251850128173828 173.789794921875
-10.762612342834473 4.153019905090332 78.32542419433594
21.92711639404297 -23.50745964050293 132.46044921875
28.856019973754883 10.356156349182129 1.6625663042068481
12.461125373840332 17.29000473022461 89.52241516113281
-17.286945343017578 -23.21555519104004 146.51321411132812
-12.682616233825684 21.603971481323242 166.81211853027344
31.84054183959961 -4.358226776123047 128.5330810546875
-25.3062744140625 3.098198413848877 1.8990983963012695
25.464414596557617 5.68187952041626 1.0058598518371582
0.7814654111862183 2.4479799270629883 4.098829746246338
31.468416213989258 -6.650730133056641 132.99710083007812
-27.292016983032227 9.203506469726562 147.83737182617188
1.9458047151565552 -31.140644073486328 133.87060546875
-25.001182556152344 -7.51912784576416 161.69760131835938
-26.51780891418457 -3.261376142501831 158.12095642089844
-6.638021469116211 -29.294076919555664 97.89497375488281
25.55219268798828 -12.015314102172852 96.2497787475586
-5.949757099151611 -16.565412521362305 5.272213459014893
-28.233394622802734 10.38817024230957 101.62487030029297
15.290350914001465 24.0820369720459 150.31253051757812
12.14041805267334 10.379716873168945 6.347768783569336
-27.063011169433594 4.651305675506592 154.31967163085938
-2.636310338973999 31.450355529785156 130.0610809326172
-14.55320930480957 18.411470413208008 173.12339782714844
-2.4933254718780518 30.912336349487305 101.94972229003906
-5.196338653564453 30.935209274291992 103.88528442382812
23.915363311767578 9.094644546508789 163.5777587890625
-32.260318756103516 -0.0011112306965515018 105.9734115600586
-14.32954216003418 -4.201916217803955 81.94559478759766
-16.67660903930664 18.144121170043945 92.30101013183594
21.72755241394043 24.472726821899414 107.76294708251953
-10.4081449508667 -28.55734634399414 1.693034291267395
21.24761199951172 -1.0611398220062256 3.3502495288848877
17.23246955871582 21.94168472290039 93.39012145996094
-0.17505384981632233 -29.13011932373047 97.23766326904297
19.69429588317871 -15.95434856414795 164.738525390625
-8.461671829223633 -11.016481399536133 3.0377793312072754
8.702280044555664 23.667795181274414 93.42346954345703
1.775070309638977 -32.592674255371094 119.30323028564453
29.374834060668945 -14.30742359161377 121.34037017822266
-2.1829161643981934 0.8782431483268738 63.27528762817383
-29.290422439575195 -4.617321014404297 140.7748260498047
24.310888290405273 -2.69031023979187 91.03519439697266
16.94769287109375 -0.25151297450065613 3.044682502746582
9.789448738098145 31.243947982788086 110.9222183227539
-23.852020263671875 18.70878028869629 98.34294128417969
31.342981338500977 -9.38325023651123 110.99885559082031
-20.10978126525879 24.56955909729004 2.5092105865478516
15.852987289428711 27.702159881591797 129.36187744140625
27.12990951538086 17.98616600036621 117.23992156982422
-18.453386306762695 21.94229507446289 151.91116333007812
-12.01458740234375 -21.380430221557617 168.4315948486328
10.302478790283203 27.34977912902832 146.98965454101562
-30.01811408996582 -9.178674697875977 133.2270050048828
4.183069229125977 -25.325456619262695 160.9818878173828
7.603533744812012 -19.5397891998291 87.46552276611328
7.397093296051025 -9.605034828186035 5.871166706085205
-2.2771716117858887 -1.6468662023544312 67.20012664794922
-7.382908344268799 -12.378487586975098 82.79887390136719
-16.640052795410156 16.885818481445312 2.30324387550354
3.2572898864746094 0.18705323338508606 20.090545654296875
-17.060813903808594 24.44195556640625 141.5742645263672
-10.336577415466309 28.42839241027832 140.1522674560547
-18.821762084960938 -26.898685455322266 115.6374740600586
-14.960400581359863 27.435617446899414 102.31938934326172
26.609416961669922 -1.5326069593429565 162.01882934570312
-30.395030975341797 0.7560003399848938 98.02075958251953
-9.874177932739258 26.82660484313965 149.87738037109375
14.876360893249512 19.836666107177734 167.1227264404297
26.969270706176758 -17.73192024230957 111.67469787597656
8.089659690856934 6.913662910461426 2.6534175872802734
9.194074630737305 31.03835678100586 127.09600830078125
-26.181869506835938 -12.385801315307617 95.8072738647461
-7.550891876220703 31.48980712890625 127.04242706298828
-26.80909538269043 2.155202627182007 158.28240966796875
18.11801528930664 14.096092224121094 89.62316131591797
-17.387269973754883 12.798406600952148 89.39603424072266
-17.973182678222656 21.720827102661133 148.3268280029297
-23.38343620300293 20.282331466674805 134.89637756347656
-20.44619369506836 8.424495697021484 88.2271728515625
12.40649700164795 -27.599267959594727 1.6107854843139648
0.16399715840816498 3.220518112182617 63.91501998901367
26.115585327148438 5.0711774826049805 160.11395263671875
-29.07617950439453 6.014767646789551 143.7213897705078
-22.062469482421875 -15.878662109375 156.41522216796875
-29.887977600097656 12.106956481933594 111.04462432861328
27.584209442138672 -7.377604007720947 96.14859008789062
-3.4428670406341553 -4.736276626586914 12.994902610778809
1.2462769746780396 -20.555747985839844 86.02192687988281
-11.534408569335938 -14.2548189163208 82.89224243164062
-16.979942321777344 2.0886178016662598 86.76444244384766
3.1710798740386963 -32.32946014404297 108.68061065673828
4.801063537597656 -31.217683792114258 1.8291879892349243
25.981910705566406 19.67338752746582 124.83489990234375
-4.646193981170654 32.70464324951172 115.21705627441406
-12.384856224060059 10.490311622619629 1.1440753936767578
31.85427474975586 5.043093204498291 124.31095886230469
-13.871816635131836 -19.21415138244629 173.4072265625
-28.26087760925293 -15.340625762939453 115.61287689208984
-21.593881607055664 -11.789216041564941 167.8893585205078
14.034993171691895 -20.93303871154785 162.7672576904297
11.274765014648438 17.624040603637695 87.57177734375
6.239396095275879 -26.78489112854004 157.67813110351562
13.705901145935059 -11.659571647644043 3.7998595237731934
-6.4202375411987305 -5.421441555023193 82.56507110595703
12.78796672821045 -26.38928985595703 97.7874755859375
11.669246673583984 7.307862758636475 5.6898345947265625
2.526641368865967 32.181175231933594 126.4582290649414
16.648290634155273 -16.749053955078125 88.48436737060547
20.434070587158203 20.875167846679688 147.6152801513672
-20.742870330810547 -11.35022258758545 173.1046600341797
-17.055625915527344 19.766897201538086 161.41697692871094
6.689553737640381 22.18059539794922 173.91908264160156
7.945545196533203 22.870386123657227 169.39859008789062
0.7854120135307312 -14.473844528198242 6.64811897277832
24.49598503112793 18.512901306152344 101.35546112060547
-2.333634614944458 27.039072036743164 95.81868743896484
2.542443037033081 27.97849464416504 151.7493133544922
-25.189756393432617 -14.843223571777344 146.09237670898438
-7.770898342132568 3.422628402709961 4.10410213470459
6.065047740936279 -15.454109191894531 84.70328521728516
-26.95749855041504 15.22026538848877 140.4046173095703
19.529891967773438 18.883167266845703 155.0132598876953
17.269149780273438 -18.346349716186523 163.33770751953125
15.022530555725098 -1.824101209640503 84.86958312988281
17.854656219482422 -26.319908142089844 129.41717529296875
30.06675148010254 -8.468234062194824 103.24446105957031
-28.60987663269043 14.330526351928711 130.14495849609375
25.839855194091797 1.3299552202224731 162.80245971679688
-24.313491821289062 16.173723220825195 146.18490600585938
21.500259399414062 13.64820384979248 164.8608856201172
21.43753433227539 24.16701316833496 124.2328109741211
10.996403694152832 23.282846450805664 162.16188049316406
15.453871726989746 -29.023527145385742 116.50413513183594
10.222739219665527 -29.350719451904297 139.77024841308594
15.470366477966309 28.559911727905273 123.81474304199219
11.859538078308105 -29.31184196472168 103.43333435058594
-6.660758018493652 31.156986236572266 108.07701873779297
11.778937339782715 28.481290817260742 141.64395141601562
22.61471176147461 0.37365782260894775 87.97162628173828
-19.838489532470703 -22.97256851196289 139.92752075195312
-31.87025260925293 7.99450159072876 113.7918930053711
29.79448127746582 11.90010929107666 121.47236633300781
5.354665279388428 -4.55971097946167 75.79666900634766
-22.667415618896484 -4.78119421005249 91.38221740722656
25.224273681640625 -7.733462333679199 92.58200073242188
12.500496864318848 -5.944081783294678 79.66156768798828
4.829461574554443 -30.22688102722168 98.12898254394531
28.972583770751953 9.624946594238281 137.13754272460938
-3.346447706222534 -30.46358871459961 1.6651477813720703
-5.2664923667907715 -27.159372329711914 96.50875854492188
-12.765974998474121 -24.687528610229492 152.68206787109375
-25.72940444946289 9.596056938171387 155.25634765625
-4.005275249481201 -13.589784622192383 2.2092254161834717
22.7392520904541 -22.632171630859375 126.0805435180664
2.2041800022125244 -2.7896037101745605 19.07542610168457
20.4188232421875 14.740217208862305 2.5846362113952637
3.2964720726013184 -16.37538719177246 5.281914234161377
10.460368156433105 -24.11452865600586 4.029495716094971
-28.904579162597656 -9.018898963928223 97.0134048461914
15.14601993560791 -21.621707916259766 160.45994567871094
-6.059670925140381 5.267697811126709 10.164212226867676
-11.471773147583008 -29.88746452331543 126.80157470703125
-22.13691520690918 -0.4049718677997589 88.58587646484375
-11.322057723999023 -1.9871057271957397 78.99461364746094
13.203324317932129 2.365330457687378 4.559068202972412
10.723115921020508 -23.878276824951172 160.9935302734375
15.894182205200195 -7.529911994934082 85.59724426269531
15.363363265991211 -20.477846145629883 163.78330993652344
-2.480729341506958 29.090593338012695 1.6536818742752075
28.36105728149414 -13.604604721069336 137.6707763671875
-3.8711047172546387 25.805463790893555 161.12628173828125
-26.824363708496094 -17.511903762817383 126.89999389648438
-0.0993616059422493 -26.04048728942871 162.75735473632812
-20.402271270751953 -24.981653213500977 111.99954986572266
24.73153305053711 22.650270462036133 120.76535034179688
18.060144424438477 21.2935791015625 153.33038330078125
11.07583236694336 -8.746105194091797 1.6083170175552368
7.793947696685791 32.12193298339844 117.9796371459961
10.106657028198242 -30.506608963012695 106.5116958618164
9.228106498718262 -31.545902252197266 112.69757080078125
20.62445831298828 -22.53072738647461 137.71031188964844
-6.205491542816162 -19.26432991027832 84.37517547607422
1.3077672719955444 29.266036987304688 97.49861907958984
-24.024168014526367 -22.11685562133789 113.43522644042969
-12.737813949584961 20.989282608032227 91.46575164794922
-3.9831106662750244 9.33419132232666 82.31240844726562
12.29864501953125 -25.990034103393555 95.91979217529297
-2.5945632457733154 2.825273036956787 81.20761108398438
18.026784896850586 -25.705127716064453 134.1087646484375
16.00681495666504 -12.213558197021484 85.3353500366211
4.275055885314941 -0.9058735966682434 70.20005798339844
-12.44076919555664 10.97132682800293 85.88731384277344
-30.374649047851562 -11.923884391784668 120.64181518554688
-4.986822128295898 30.111024856567383 138.03929138183594
-15.066561698913574 -29.209135055541992 117.5866928100586
15.359034538269043 -19.33785629272461 167.6562957763672
3.478620767593384 2.6664633750915527 78.83846282958984
25.51999855041504 -10.735776901245117 156.11770629882812
24.747684478759766 -19.09195327758789 133.51727294921875
21.960718154907227 10.726930618286133 90.98897552490234
27.452655792236328 -16.018352508544922 131.5479736328125
2.810431718826294 30.288360595703125 139.26168823242188
-23.413814544677734 13.56888484954834 157.4495849609375
24.24393081665039 3.9266958236694336 91.05415344238281
27.709896087646484 10.690081596374512 140.0668182373047
-11.972223281860352 -26.87874412536621 143.99400329589844
4.400172233581543 -25.073116302490234 164.8054962158203
6.309872627258301 -25.587955474853516 158.6946563720703
24.879201889038086 -2.080336093902588 169.51718139648438
26.921842575073242 8.797330856323242 95.93928527832031
12.763468742370605 28.810131072998047 131.3162841796875
-1.8486217260360718 19.052324295043945 86.53047180175781
-16.133275985717773 -28.438749313354492 105.97473907470703
1.3355883359909058 3.3934664726257324 19.73362922668457
-21.284000396728516 21.30579376220703 140.7869873046875
18.080585479736328 28.077054977416992 107.49390411376953
28.811153411865234 1.4848346710205078 147.11505126953125
-7.878666400909424 22.083749771118164 172.96041870117188
-4.232633113861084 -18.75960922241211 3.2859981060028076
10.601778030395508 24.25278663635254 3.7376205921173096
-15.80295467376709 -0.10054297745227814 4.547975540161133
11.790306091308594 29.159019470214844 135.2734375
16.45858383178711 -27.66111183166504 111.16263580322266
26.303607940673828 17.567766189575195 1.2968920469284058
-11.05154037475586 -26.483413696289062 148.62571716308594
-26.495378494262695 -16.93503761291504 1.5498486757278442
-9.836116790771484 -4.658058166503906 83.24201202392578
1.2889090776443481 24.17630386352539 2.6339869499206543
0.15942151844501495 -27.682849884033203 154.44361877441406
-22.65069580078125 -24.9072265625 110.49081420898438
-24.985055923461914 -21.297298431396484 107.03710174560547
-17.28856086730957 -19.336233139038086 162.21205139160156
20.400007247924805 15.772087097167969 89.84225463867188
-18.7603759765625 -20.101024627685547 158.21942138671875
2.7457823753356934 -0.7487996220588684 66.97940063476562
29.21222686767578 13.391411781311035 126.04837036132812
-8.007865905761719 -29.84938621520996 136.31600952148438
10.476021766662598 18.05750274658203 2.0019571781158447
-16.784502029418945 18.480690002441406 166.51470947265625
24.491724014282227 -22.674882888793945 107.11438751220703
-10.316368103027344 -12.902094841003418 6.069740295410156
29.834598541259766 11.819372177124023 129.32557678222656
5.421309471130371 -27.071456909179688 95.30380249023438
-6.856287002563477 -8.419777870178223 8.430341720581055
-10.305235862731934 23.921960830688477 160.88926696777344
-19.277856826782227 19.156538009643555 155.4384002685547
-23.393264770507812 -2.9555509090423584 172.9488067626953
1.3145816326141357 25.580446243286133 163.2179412841797
-0.19194014370441437 0.3083817958831787 76.80223846435547
-26.20399284362793 -15.148516654968262 144.0659942626953
-4.81572961807251 -3.9951746463775635 82.46771240234375
24.29146957397461 21.928709030151367 111.60883331298828
22.683244705200195 21.627010345458984 132.8701629638672
31.726240158081055 -0.13884086906909943 131.34219360351562
-6.196835994720459 26.221200942993164 160.27456665039062
1.3437811136245728 -26.86635398864746 157.61032104492188
-4.276754856109619 -32.4312744140625 119.23228454589844
-24.42216682434082 13.221819877624512 0.8624944090843201
20.151641845703125 -26.247209548950195 113.41055297851562
2.364058017730713 2.278374433517456 65.60971069335938
-4.796624183654785 -22.84910011291504 89.23471069335938
-19.548002243041992 24.27176856994629 102.83814239501953
16.37129020690918 -25.11443519592285 142.27378845214844
18.325620651245117 -28.341114044189453 118.82488250732422
-22.140457153320312 -7.183293342590332 174.00067138671875
-0.14308713376522064 31.321313858032227 134.2353973388672
23.617488861083984 23.203998565673828 116.31633758544922
-28.497228622436523 14.13823127746582 127.90142822265625
-0.999041736125946 -8.06458854675293 82.50975799560547
24.532028198242188 -10.790029525756836 155.90997314453125
-0.4107075035572052 -24.311382293701172 169.40045166015625
-6.276437759399414 29.588623046875 142.8592987060547
-4.10119104385376 -25.04340171813965 164.4009552001953
-14.6213960647583 -26.820016860961914 137.18563842773438
2.583345890045166 -19.490219116210938 88.65496063232422
-3.207040309906006 8.33535099029541 77.08241271972656
-19.544755935668945 21.99310302734375 98.79905700683594
-2.0597338676452637 -30.949007034301758 137.1542510986328
-21.251052856445312 19.301408767700195 150.2128143310547
9.566158294677734 9.706135749816895 85.5498275756836
-17.79693031311035 -7.808055877685547 85.77910614013672
24.650768280029297 -2.719960927963257 167.0806121826172
-25.95861053466797 12.294795036315918 96.93480682373047
-21.388507843017578 -20.74997329711914 142.1195526123047
26.8010311126709 11.217691421508789 145.7416229248047
-8.804214477539062 0.7118327021598816 9.76905632019043
-24.09221076965332 -20.5621337890625 135.6710662841797
25.643692016601562 17.557205200195312 135.51686096191406
2.415468692779541 -11.580917358398438 3.202714204788208
29.01797866821289 9.406158447265625 100.73381805419922
-7.8636298179626465 -30.500164031982422 130.87271118164062
-31.9891357421875 -0.9790830016136169 101.31880187988281
-28.34307098388672 -4.376989364624023 98.0382308959961
-7.590685844421387 30.71675682067871 135.63818359375
-5.153531551361084 31.218374252319336 1.4075576066970825
-13.123650550842285 20.076810836791992 88.58427429199219
6.997554302215576 28.360139846801758 97.23117065429688
28.08414649963379 -0.35986363887786865 148.87538146972656
-23.20750617980957 22.593111038208008 1.7837440967559814
-25.075719833374023 -9.967002868652344 3.419649600982666
10.442949295043945 -2.9719901084899902 80.80531311035156
-31.02510643005371 -1.8760020732879639 133.56027221679688
-21.180622100830078 25.34117889404297 113.98988342285156
-0.6283565163612366 -15.670371055603027 1.5400046110153198
0.49647441506385803 2.588052272796631 41.7983283996582
13.778935432434082 -29.65471076965332 110.12140655517578
-15.90554141998291 -28.139230728149414 102.57567596435547
31.834409713745117 -6.209583282470703 123.59247589111328
16.555065155029297 -21.094587326049805 92.42876434326172
-17.861858367919922 -23.131235122680664 98.19367218017578
32.643402099609375 -2.1584856510162354 108.70016479492188
-30.0069522857666 -2.4267234802246094 1.643626093864441
-23.05982780456543 11.137794494628906 164.76165771484375
-12.240602493286133 30.659456253051758 111.55232238769531
-23.710262298583984 15.81368637084961 93.44145202636719
-20.37697410583496 -15.234776496887207 164.5362548828125
9.421965599060059 -24.16649627685547 92.96768188476562
-28.973535537719727 -10.111604690551758 137.69798278808594
30.828125 0.06954185664653778 101.10789489746094
7.066044330596924 -19.99250602722168 3.3638927936553955
-27.815208435058594 -6.945713043212891 149.31393432617188
24.518510818481445 5.123554706573486 165.47418212890625
-25.084768295288086 4.507747173309326 89.73094940185547
-24.4283504486084 15.915010452270508 95.24219512939453
-29.61071014404297 3.4519543647766113 99.58694458007812
-22.151309967041016 -7.912475109100342 87.66534423828125
23.163238525390625 -13.533645629882812 158.31349182128906
13.415947914123535 -18.565645217895508 90.07089233398438
-24.545055389404297 0.33191826939582825 168.80445861816406
-21.4751033782959 20.050464630126953 145.66653442382812
-0.7365652322769165 8.799520492553711 79.03723907470703
-26.604591369628906 12.723191261291504 144.51828002929688
-24.454120635986328 -10.756839752197266 158.46566772460938
-27.61863899230957 -19.4039249420166 118.52180480957031
-8.89893627166748 31.263710021972656 121.6936264038086
25.82718849182129 13.811540603637695 95.58375549316406
13.673295974731445 9.441567420959473 83.80931091308594
27.674701690673828 14.848816871643066 1.409947156906128
-17.006540298461914 -23.237627029418945 149.1930694580078
17.880603790283203 2.194552183151245 85.33663177490234
-22.042675018310547 24.103290557861328 118.06127166748047
2.0514843463897705 -0.45155760645866394 60.81257629394531
-2.2889339923858643 25.446475982666016 92.39222717285156
-16.053466796875 -22.737451553344727 152.7354736328125
-8.916007995605469 -30.76282501220703 133.30813598632812
-5.504757881164551 23.553129196166992 4.293539047241211
18.078445434570312 25.685834884643555 133.1428985595703
-4.600642204284668 28.030961990356445 94.8574447631836
-15.818687438964844 -22.47243881225586 155.8940887451172
-22.422969818115234 -18.98332405090332 145.611572265625
17.206676483154297 23.090190887451172 148.09507751464844
-30.39261245727539 -4.748684406280518 137.69725036621094
-0.5482349395751953 12.225187301635742 2.9826228618621826
-23.868112564086914 15.197604179382324 150.4806671142578
26.93491554260254 2.241786479949951 157.6671905517578
20.62968635559082 -25.35479736328125 128.06210327148438
-10.097702026367188 -28.39516830444336 142.15966796875
-0.7203845381736755 -16.298364639282227 85.30018615722656
12.079193115234375 25.422582626342773 151.2320556640625
-31.305145263671875 -5.096607208251953 103.84224700927734
1.696359634399414 31.68638038635254 1.6656397581100464
-25.251726150512695 -3.0891287326812744 164.7274932861328
-12.010856628417969 -18.225542068481445 87.83763885498047
-32.24066925048828 4.510751724243164 120.3395767211914
-6.768955230712891 10.985751152038574 7.736425399780273
19.957374572753906 -14.630169868469238 89.12815856933594
6.634117603302002 22.229141235351562 91.65478515625
28.049728393554688 18.183143615722656 107.71504211425781
-8.150031089782715 31.44230079650879 106.02764129638672
-0.5166847705841064 -6.43296480178833 75.63409423828125
17.788719177246094 -18.33607292175293 166.94334411621094
-2.1302857398986816 -31.432100296020508 103.96719360351562
27.693391799926758 -18.331371307373047 124.78597259521484
-5.28279447555542 -28.253910064697266 148.4461212158203
19.688631057739258 22.210102081298828 142.70655822753906
6.262881278991699 8.75137996673584 82.12447357177734
30.895784378051758 7.856160640716553 129.3870849609375
16.987821578979492 25.921512603759766 1.613465666770935
-29.67069435119629 -15.033035278320312 119.0850601196289
21.716205596923828 -22.278100967407227 133.90028381347656
6.210111141204834 -27.421079635620117 152.00575256347656
-22.016788482666016 -2.837472438812256 3.2406485080718994
-1.3632069826126099 22.722137451171875 89.05237579345703
4.401125907897949 -25.451068878173828 1.620404601097107
23.52864646911621 7.646987438201904 167.80978393554688
16.375263214111328 18.305681228637695 171.12086486816406
-7.8458733558654785 29.143394470214844 1.661828875541687
-17.100448608398438 25.629722595214844 137.55038452148438
-19.51507568359375 3.195418119430542 1.6311599016189575
30.874284744262695 2.2841646671295166 1.4685567617416382
-30.652284622192383 5.148777961730957 104.49067687988281
0.9944599270820618 -25.17399787902832 165.4628448486328
-1.6014574766159058 -1.493234395980835 48.84908676147461
-21.657737731933594 -25.51183319091797 111.97588348388672
-16.965715408325195 -24.012744903564453 140.84153747558594
4.209141254425049 3.130354166030884 72.57196044921875
-22.8913631439209 10.793225288391113 166.87721252441406
1.4333276748657227 0.7224891185760498 53.87458419799805
-22.545940399169922 -13.112883567810059 2.215914249420166
23.609275817871094 -6.990870952606201 88.70100402832031
-31.548131942749023 -6.122972011566162 133.9021759033203
27.761404037475586 14.533476829528809 133.2237091064453
16.602754592895508 17.65106773376465 90.60662841796875
24.295024871826172 -10.762554168701172 159.4136505126953
17.074905395507812 -27.995214462280273 127.4072265625
29.437702178955078 -4.177999019622803 146.21023559570312
-21.446348190307617 22.99955177307129 127.51209259033203
26.46142578125 -2.9219391345977783 158.72885131835938
22.015260696411133 -17.504066467285156 155.145751953125
8.72868824005127 26.40350341796875 94.18187713623047
-19.727827072143555 -17.6658878326416 93.18527221679688
-29.781532287597656 9.432343482971191 1.413914680480957
17.40975570678711 21.49402618408203 1.9853971004486084
1.43638277053833 -1.0473653078079224 25.68586540222168
-7.789961338043213 -27.326541900634766 151.4547882080078
27.622461318969727 -1.4407134056091309 153.74021911621094
12.00691032409668 -21.86798858642578 166.26632690429688
-23.74466323852539 -18.999711990356445 97.18103790283203
30.142959594726562 -7.660416126251221 1.4725013971328735
27.772993087768555 15.760021209716797 104.78136444091797
14.239991188049316 -26.73078727722168 139.4852752685547
0.21183547377586365 -32.05368423461914 125.99320983886719
-10.135262489318848 11.52290153503418 82.65252685546875
-24.164352416992188 21.17887306213379 2.8566079139709473
-9.548131942749023 29.34851837158203 135.74705505371094
-8.733854293823242 -7.570556640625 84.39068603515625
-21.34264373779297 24.311426162719727 108.6570816040039
6.5042338371276855 -29.157825469970703 142.51576232910156
29.674697875976562 -5.562763214111328 140.49501037597656
-19.04356575012207 -13.80090618133545 91.67692565917969
0.7944066524505615 -29.623863220214844 143.34585571289062
6.191436290740967 1.1845952272415161 75.04180908203125
4.9780683517456055 32.22932052612305 117.89118194580078
-15.392763137817383 -3.536372423171997 86.32601928710938
21.099489212036133 -10.557068824768066 172.66494750976562
-14.404215812683105 -26.101242065429688 97.82701873779297
16.290843963623047 27.4788875579834 106.61455535888672
-25.08873176574707 2.7342002391815186 164.8809051513672
-18.478673934936523 -6.317645072937012 3.3263328075408936
25.688512802124023 13.183906555175781 149.80557250976562
-8.687772750854492 0.5675086975097656 82.63682556152344
10.425958633422852 24.437864303588867 91.683837890625
23.39784049987793 -13.53368091583252 92.29435729980469
19.265596389770508 24.582700729370117 135.8414306640625
0.3463729918003082 -16.17300033569336 81.68220520019531
-19.085691452026367 -26.202836990356445 124.93450927734375
-5.187617778778076 -2.4468185901641846 74.9586181640625
-7.17786169052124 -4.19370174407959 6.3620123863220215
19.85379409790039 11.75310230255127 87.16004943847656
12.609993934631348 28.47024154663086 104.12049102783203
-22.836217880249023 -16.751079559326172 151.05755615234375
-26.88611602783203 -17.918970108032227 107.72643280029297
21.18168830871582 -8.869948387145996 2.609661817550659
-2.806281566619873 -27.365966796875 92.15493774414062
-30.04239845275879 -12.33452033996582 127.13277435302734
19.485118865966797 6.197829723358154 88.92315673828125
-6.29463005065918 27.0290584564209 153.91259765625
-0.9492307305335999 3.114600419998169 20.363834381103516
3.7231431007385254 32.34197235107422 109.07351684570312
-9.667314529418945 25.07373809814453 3.568138837814331
-19.485780715942383 -19.53837013244629 155.21487426757812
0.07092195749282837 17.716793060302734 4.251773834228516
-23.890100479125977 -20.598848342895508 130.32070922851562
32.40658950805664 0.1375354528427124 124.74580383300781
19.0531005859375 17.965696334838867 158.89315795898438
-16.33765983581543 -28.20414161682129 104.02851867675781
-11.845612525939941 -23.53533935546875 94.93412017822266
-6.006931781768799 22.814542770385742 89.17194366455078
1.565883994102478 24.312725067138672 169.00827026367188
-31.48797607421875 -1.2924164533615112 136.7204132080078
22.225561141967773 -7.73745059967041 170.9400634765625
-26.752275466918945 -20.34021759033203 110.41313171386719
-9.432549476623535 -16.63551139831543 83.04196166992188
15.744123458862305 27.58936882019043 134.32107543945312
15.510662078857422 -2.8444175720214844 6.273077964782715
9.167484283447266 15.142191886901855 84.27546691894531
5.877037048339844 29.21497917175293 142.28359985351562
-18.23606300354004 22.93150520324707 146.9652862548828
32.72419357299805 0.8671136498451233 119.958984375
2.2050230503082275 -4.797693729400635 7.237182140350342
8.85702133178711 26.37233543395996 150.632080078125
-7.844576835632324 -6.170290470123291 78.53752136230469
-28.148019790649414 8.265973091125488 98.10860443115234
-6.823625087738037 -16.092370986938477 86.03422546386719
27.68682098388672 15.926712036132812 129.48501586914062
-30.029037475585938 0.7571879625320435 139.5919647216797
27.2840518951416 -13.916460990905762 136.26626586914062
-27.317655563354492 17.931957244873047 109.96195220947266
-10.463749885559082 24.77897834777832 93.15747833251953
-13.204343795776367 30.68025016784668 122.29142761230469
-12.362907409667969 -29.99678611755371 121.27183532714844
23.949474334716797 -20.682575225830078 103.40618133544922
-30.540348052978516 8.607624053955078 104.10332489013672
-5.422946929931641 -32.48406982421875 111.8583755493164
-0.31719455122947693 31.954744338989258 2.7603137493133545
-14.914384841918945 25.45146369934082 97.56648254394531
-16.1372013092041 -19.81985092163086 166.18496704101562
19.386930465698242 -22.734132766723633 141.04949951171875
15.341978073120117 25.629533767700195 142.94122314453125
12.937585830688477 -29.88447380065918 122.34525299072266
-10.062848091125488 -30.523788452148438 106.58415985107422
-18.386791229248047 -25.1219539642334 133.42181396484375
-18.496511459350586 -15.987589836120605 168.5136260986328
28.05803680419922 -9.979828834533691 141.4080810546875
-2.201256275177002 32.72403335571289 110.63338470458984
-30.90210723876953 9.316357612609863 126.40814971923828
15.934247970581055 18.48105812072754 170.14244079589844
-15.36693286895752 -12.931565284729004 86.538818359375
25.68793487548828 -20.22028160095215 1.5813122987747192
-12.563053131103516 -7.742867946624756 4.306461811065674
23.32395362854004 15.220705032348633 153.14088439941406
-15.63969898223877 -16.48124122619629 86.47753143310547
18.017805099487305 -20.337879180908203 159.82290649414062
3.649679183959961 -11.149833679199219 79.9389877319336
-22.450624465942383 -13.09790325164795 91.75869750976562
18.741239547729492 -10.454370498657227 89.59381103515625
6.909335136413574 30.28746223449707 134.55813598632812
-26.67099380493164 -19.18547248840332 103.6669692993164
29.935359954833984 9.764915466308594 132.85733032226562
-0.5434112548828125 23.2951717376709 173.82119750976562
3.105698585510254 -3.702556848526001 15.147464752197266
26.921184539794922 13.145247459411621 141.43983459472656
15.869117736816406 -23.78156852722168 149.63548278808594
28.706886291503906 -15.240297317504883 112.89649200439453
15.961450576782227 -15.609832763671875 90.86312103271484
0.3511580228805542 27.030813217163086 157.4163818359375
-2.3915679454803467 0.5346636772155762 53.23471450805664
-20.72903823852539 17.196229934692383 93.77190399169922
-13.614477157592773 -28.52477264404297 103.45777893066406
5.054404258728027 -26.109573364257812 160.9938201904297
27.93729591369629 16.304344177246094 125.9500961303711
-30.84389305114746 4.834375858306885 131.8770751953125
-30.35297203063965 -12.751012802124023 113.17198181152344
4.97698974609375 15.196617126464844 85.54180908203125
10.056777954101562 28.009902954101562 143.47552490234375
24.321269989013672 17.103233337402344 143.4593963623047
9.884483337402344 -18.262651443481445 3.6012675762176514
31.460346221923828 -3.3095314502716064 104.41561126708984
-7.524938106536865 4.778014183044434 81.62279510498047
21.478403091430664 12.3845796585083 168.09559631347656
22.92221450805664 -7.335352897644043 172.51133728027344
-23.303709030151367 -9.786413192749023 165.01153564453125
6.590160369873047 -13.25451946258545 6.42445707321167
-13.502076148986816 26.616037368774414 140.05892944335938
31.508657455444336 4.909753799438477 130.76010131835938
20.172950744628906 20.078229904174805 150.15968322753906
21.76416778564453 -8.024195671081543 173.5625457763672
-17.097387313842773 -25.66743278503418 100.83055877685547
-13.416056632995605 6.137842178344727 80.18214416503906
-21.65208625793457 -23.056455612182617 126.75434875488281
32.777381896972656 -1.6984508037567139 116.39534759521484
-6.0289626121521 -26.233285903930664 156.5810546875
23.706315994262695 -22.781959533691406 118.04751586914062
21.58735466003418 -12.284501075744629 89.0320053100586
16.077116012573242 -24.13298225402832 97.414794921875
-21.139806747436523 -12.459012985229492 170.17291259765625
15.01294231414795 17.3574275970459 86.89175415039062
-20.55461883544922 21.768146514892578 1.3529598712921143
-23.106325149536133 23.06214141845703 109.04449462890625
-22.58295440673828 22.692644119262695 104.69805908203125
-27.56547737121582 17.340312957763672 126.03482818603516
-27.09065055847168 -16.747032165527344 130.87644958496094
6.762875556945801 -1.229205846786499 10.779863357543945
-3.4082508087158203 13.2640962600708 84.52954864501953
23.486101150512695 -15.240411758422852 152.2056884765625
1.338304042816162 6.17024040222168 82.58836364746094
30.978351593017578 -10.350567817687988 107.06932067871094
-5.055582523345947 -26.984453201293945 93.23790740966797
-18.48255729675293 -19.133481979370117 157.90895080566406
28.311677932739258 -15.10621166229248 125.49713897705078
-2.1075589656829834 -0.3089110553264618 43.78984069824219
-27.960716247558594 3.190749406814575 151.1657257080078
-4.355419158935547 -11.378786087036133 7.608455181121826
-4.6552276611328125 -23.197479248046875 171.50311279296875
-30.882936477661133 -10.999781608581543 116.5790786743164
32.408226013183594 -6.247870922088623 113.18785858154297
19.39809799194336 26.398332595825195 112.86962890625
-11.555630683898926 29.007400512695312 1.3939605951309204
19.392349243164062 7.736013889312744 85.60813903808594
-14.469247817993164 21.221132278442383 163.7945098876953
22.00689697265625 18.204633712768555 149.712646484375
-27.065420150756836 -5.734521389007568 153.54615783691406
20.799345016479492 23.62940788269043 99.85323333740234
-19.88176918029785 22.44152069091797 145.66734313964844
21.100088119506836 -9.113973617553711 89.75606536865234
11.465386390686035 -29.28781509399414 132.28675842285156
-22.73335838317871 -24.547212600708008 121.37320709228516
30.527751922607422 -13.97552490234375 111.6290512084961
20.72366714477539 -13.139350891113281 92.3807144165039
8.289599418640137 -29.16160774230957 99.46946716308594
-3.178149700164795 -17.933090209960938 82.57315826416016
-13.776787757873535 15.999214172363281 87.06509399414062
-29.044448852539062 15.402009010314941 116.81094360351562
25.199623107910156 15.242793083190918 97.97328186035156
25.188194274902344 10.141901016235352 91.98958587646484
2.0532119274139404 16.95349884033203 82.77674102783203
28.796602249145508 -15.12573528289795 109.9346923828125
9.703939437866211 29.21324920654297 98.0684814453125
-15.181928634643555 -18.985986709594727 168.67813110351562
-1.0911585092544556 0.2540692985057831 9.411031723022461
-1.548198938369751 25.024486541748047 166.63919067382812
-26.973966598510742 -3.3752965927124023 94.35497283935547
14.808948516845703 -7.360835552215576 6.10390043258667
-6.5018630027771 25.58518409729004 92.83336639404297
-15.059804916381836 -20.451942443847656 3.130403757095337
18.59611701965332 16.512617111206055 167.25323486328125
-23.437936782836914 15.88194751739502 153.7814178466797
-1.4823734760284424 -30.89258575439453 101.22513580322266
13.830168724060059 29.686071395874023 120.4935302734375
-32.22836685180664 -0.2732987403869629 121.67494201660156
30.565641403198242 2.7650396823883057 102.23228454589844
25.16951560974121 -15.191917419433594 145.3169403076172
24.710569381713867 9.979549407958984 158.80447387695312
10.130223274230957 27.693544387817383 99.16402435302734
32.11056900024414 6.694146633148193 116.50507354736328
-0.6520591378211975 29.158641815185547 146.5109405517578
7.455058574676514 26.002885818481445 156.25741577148438
-5.414569854736328 13.166425704956055 6.4204936027526855
30.613019943237305 -4.267544269561768 1.507913589477539
-4.224018573760986 -28.161558151245117 153.3861846923828
-17.501296997070312 -10.56673812866211 5.252029895782471
-1.8940820693969727 -2.232940435409546 54.49159622192383
18.436307907104492 15.097451210021973 170.92434692382812
23.98626708984375 20.86209487915039 124.023193359375
-20.995738983154297 24.33125877380371 101.83124542236328
28.7546329498291 -17.685504913330078 112.78416442871094
-25.622573852539062 -0.1268196552991867 161.93357849121094
23.43362045288086 -24.48826789855957 113.12220001220703
31.863649368286133 1.7197450399398804 105.26882934570312
-0.5083399415016174 -25.75279998779297 90.74223327636719
13.598716735839844 24.89271354675293 96.20809936523438
10.66150188446045 7.410355567932129 78.8677749633789
30.70563316345215 5.414587020874023 134.2089080810547
25.582923889160156 -7.387899875640869 159.5363006591797
21.263330459594727 23.55519676208496 103.34728240966797
-1.2019832134246826 6.064281463623047 13.088465690612793
-31.052658081054688 1.2568857669830322 102.42549896240234
-28.067581176757812 -9.55998706817627 143.96603393554688
-15.54958438873291 17.879690170288086 89.24180603027344
-9.021220207214355 -24.112668991088867 162.7801513671875
-31.92048454284668 5.9203290939331055 109.10124206542969
-25.449970245361328 -16.441099166870117 139.44631958007812
0.018085666000843048 4.33466911315918 73.04145050048828
3.792473316192627 -22.77545928955078 173.5839385986328
8.097559928894043 27.155773162841797 147.7632598876953
21.68889808654785 9.307695388793945 172.54322814941406
-31.334821701049805 3.9739253520965576 134.50564575195312
-1.1674346923828125 -0.7963416576385498 20.6528377532959
-25.245681762695312 1.8122332096099854 93.73234558105469
30.422361373901367 -9.401097297668457 129.38609313964844
20.222471237182617 -20.32796859741211 148.62879943847656
-16.270292282104492 -28.24616813659668 110.66539001464844
25.86676025390625 21.13330078125 116.0908203125
-21.751680374145508 8.596160888671875 173.2866668701172
-1.0488481521606445 -3.92679500579834 16.845333099365234
25.23927116394043 -2.4747674465179443 2.070596933364868
-1.7030550241470337 -27.857988357543945 156.3498077392578
-22.413270950317383 11.04216194152832 164.4405059814453
31.647233963012695 5.145845890045166 105.82182312011719
