38.44009017944336 -41.091922760009766 90.10381317138672
39.88310623168945 24.307214736938477 -33.178653717041016
37.408451080322266 25.3807315826416 -27.85600471496582
-41.17283630371094 39.81849670410156 2.6060962677001953
37.22710037231445 44.51181411743164 -95.69656372070312
-1.0594943761825562 44.61896514892578 -38.17160415649414
-10.535738945007324 11.11960220336914 -1.4915246963500977
8.246479988098145 -15.642230033874512 0.7255865335464478
-18.618915557861328 37.730621337890625 0.9037598967552185
-39.60734176635742 -46.363277435302734 -45.55833053588867
38.178287506103516 44.056392669677734 -47.00629425048828
-16.862564086914062 -26.776206970214844 0.5374572277069092
24.932384490966797 -40.89849090576172 -23.161245346069336
-35.811798095703125 33.251060485839844 -59.306739807128906
-3.7088754177093506 43.74539566040039 0.4730580747127533
41.02690505981445 -48.62767028808594 40.913597106933594
33.35187911987305 -38.24929428100586 -52.39535903930664
20.43914031982422 -41.11787033081055 78.70706939697266
-6.0306010246276855 42.393680572509766 -36.48444747924805
-26.129148483276367 40.61567687988281 -58.53929138183594
-11.437674522399902 42.81664276123047 -38.33885192871094
-36.11630630493164 2.9370076656341553 -32.54414367675781
40.368629455566406 -7.159728050231934 -32.12928009033203
18.63712501525879 -41.940528869628906 95.57110595703125
-35.68644332885742 -44.13356018066406 -59.41200256347656
41.674354553222656 -44.01987838745117 -46.743839263916016
-34.98678207397461 11.40634822845459 -62.827308654785156
7.9673333168029785 -0.2804969251155853 1.9105373620986938
34.11577224731445 3.349085569381714 -32.569576263427734
-35.527652740478516 -46.39692306518555 -7.136781215667725
-35.27251052856445 34.34931945800781 -66.4021987915039
-34.04975509643555 39.776527404785156 -71.21646118164062
16.00499725341797 44.089149475097656 -56.735679626464844
-6.803656578063965 -44.37849044799805 30.63888931274414
1.0783699750900269 -44.419281005859375 -55.26561737060547
-37.76934051513672 -39.81961441040039 -5.0199360847473145
0.5547853708267212 -42.85630416870117 -23.974470138549805
7.091333389282227 -40.9970703125 8.862706184387207
40.575504302978516 -6.715116024017334 -29.761009216308594
-2.191636323928833 -44.83436584472656 62.09147644042969
-35.03473663330078 -34.82190704345703 -31.10756492614746
-39.23544692993164 -13.035054206848145 0.06497181206941605
-5.336480617523193 40.57042694091797 -57.06181335449219
-40.07175827026367 25.19221305847168 -0.34917572140693665
40.93381118774414 -3.808692455291748 -61.612281799316406
39.758243560791016 -45.32221221923828 -61.541934967041016
-19.59628677368164 41.545169830322266 -40.24179458618164
-38.086341857910156 -36.65968322753906 0.30521902441978455
-40.60361862182617 -30.89946937561035 -66.43289184570312
-34.136451721191406 47.37853240966797 -23.57110595703125
38.2224235534668 -41.561248779296875 71.57311248779297
40.53730392456055 -39.501304626464844 78.2318115234375
41.01419448852539 46.7442512512207 2.0742380619049072
-36.84089660644531 -13.524702072143555 -33.377933502197266
37.973243713378906 -46.5162467956543 69.31844329833984
-12.420140266418457 19.992473602294922 0.2338368147611618
41.2569465637207 43.50236511230469 -58.476715087890625
38.25737762451172 -42.19711685180664 67.22102355957031
5.497102737426758 -40.53865051269531 87.65635681152344
-39.454566955566406 -44.9648551940918 -1.175585150718689
-26.118558883666992 -44.5448112487793 32.9714469909668
11.896111488342285 40.62247848510742 -38.62421417236328
-13.734050750732422 -42.89309310913086 -52.56494903564453
14.628787994384766 19.703784942626953 0.4582226872444153
9.923333168029785 -39.811614990234375 83.18553161621094
-17.633359909057617 20.182476043701172 1.0235217809677124
-35.86916732788086 -2.6142685413360596 -59.3679313659668
-35.934730529785156 50.73244857788086 2.7635905742645264
39.700199127197266 45.43014907836914 -92.29381561279297
35.37608337402344 -10.108040809631348 -28.94392967224121
12.74628734588623 43.1158561706543 -42.07847213745117
-38.57282257080078 -38.20008087158203 -60.19875717163086
-30.71289825439453 42.57793045043945 -39.191375732421875
-35.428253173828125 -43.428924560546875 -24.795076370239258
-43.06654739379883 40.4623908996582 1.1473195552825928
-36.265403747558594 -26.15267562866211 -66.49163818359375
-0.03770807385444641 -43.906795501708984 62.44538497924805
37.81718063354492 38.19131088256836 -33.10219192504883
38.335601806640625 45.61900329589844 -54.13529586791992
33.416297912597656 -48.52286148071289 63.01216506958008
27.80954360961914 -44.837677001953125 58.75813293457031
5.887106895446777 -44.237518310546875 32.513763427734375
-34.96966552734375 -45.89788055419922 74.5173568725586
-6.4416327476501465 45.72242736816406 -7.875380992889404
-39.91978073120117 -41.9759635925293 28.51763343811035
-16.44162368774414 -13.595622062683105 0.11178206652402878
35.3240966796875 48.7320556640625 -82.66950988769531
-9.652091026306152 33.2918586730957 0.41393569111824036
14.886474609375 -5.708647727966309 0.7060946226119995
40.18449783325195 -13.082825660705566 -62.50790786743164
-32.154258728027344 -41.259124755859375 92.75740814208984
-8.492674827575684 -40.357418060302734 -7.610894680023193
-5.556472301483154 -32.741512298583984 -0.7368957996368408
14.038392066955566 -41.5428352355957 -53.789215087890625
-37.167259216308594 -18.8062686920166 -67.56751251220703
16.204586029052734 -15.682988166809082 -1.1048060655593872
-34.521629333496094 47.51599884033203 -71.88810729980469
4.787583351135254 -40.052337646484375 -53.904937744140625
-16.56377601623535 -40.50873947143555 81.61939239501953
16.864778518676758 -41.00956726074219 8.501724243164062
15.229963302612305 -35.95699691772461 2.41878080368042
35.606178283691406 -3.354724645614624 -32.06403732299805
-38.89958953857422 28.424028396606445 -58.886104583740234
-23.04598617553711 39.664833068847656 -37.088157653808594
30.138118743896484 -42.077301025390625 0.35001352429389954
30.892776489257812 -42.053924560546875 8.157305717468262
-39.991798400878906 -40.26441955566406 -39.99380874633789
-11.150117874145508 -11.44999885559082 0.3337472081184387
43.4577751159668 28.38656997680664 2.040980577468872
-2.7350540161132812 -41.20649337768555 98.6860122680664
18.043989181518555 -2.8795015811920166 -1.314619541168213
-27.286161422729492 -17.005828857421875 -0.5424150228500366
-6.268333435058594 16.153091430664062 -1.2267619371414185
-36.15150833129883 41.866756439208984 -8.2316255569458
-38.67634201049805 16.053096771240234 -27.931194305419922
-2.194169521331787 -40.48890686035156 86.60926055908203
2.968867063522339 47.45844268798828 0.3407820463180542
35.79079055786133 16.707971572875977 -58.78834533691406
-37.043540954589844 -2.6283187866210938 -65.46244812011719
17.306961059570312 -42.18783950805664 11.148263931274414
37.66456985473633 12.532683372497559 -7.734293460845947
-10.998056411743164 43.89617919921875 -1.6560264825820923
-35.69164276123047 4.041197776794434 -61.13568115234375
-40.08367156982422 9.253219604492188 -31.280437469482422
-13.72679328918457 40.67461013793945 -41.772369384765625
-22.694185256958008 26.474267959594727 -0.11247774958610535
-37.801387786865234 -41.661773681640625 94.49818420410156
-40.807640075683594 -38.86522674560547 -90.25335693359375
17.651512145996094 -40.69168472290039 -26.06635284423828
-37.81427001953125 32.39311599731445 -66.94642639160156
32.847347259521484 17.07912254333496 0.4619221091270447
40.37152862548828 -40.68345642089844 -81.47929382324219
-34.076759338378906 -39.18510437011719 -1.8659600019454956
-29.775789260864258 -34.29346466064453 0.6536766290664673
-40.42695617675781 -40.278629302978516 -77.30705261230469
-34.277503967285156 -43.38774871826172 -68.03633880615234
41.5916633605957 -42.93448257446289 82.25782012939453
10.77753734588623 4.533356666564941 -1.5180081129074097
35.642005920410156 41.45878601074219 -28.32295799255371
34.83934783935547 -46.4024772644043 -46.22777557373047
-39.956703186035156 -45.35508346557617 7.991305351257324
38.4376220703125 7.92903470993042 -0.28472498059272766
37.90140151977539 -8.733376502990723 -6.433653831481934
-36.26848602294922 21.030719757080078 -60.607635498046875
-40.68929672241211 -49.62849044799805 90.27884674072266
35.236698150634766 -44.422752380371094 40.08868408203125
37.70602798461914 -40.73211669921875 -91.82706451416016
15.263163566589355 31.963397979736328 -1.0154039859771729
-39.25473403930664 -17.01980209350586 -59.09468078613281
-31.337133407592773 -41.34286880493164 -5.986095428466797
35.15606689453125 -46.581966400146484 56.26245880126953
-15.840385437011719 -40.235008239746094 85.26565551757812
-37.42146682739258 -29.892250061035156 -33.12534713745117
-28.019285202026367 44.097877502441406 -59.21480941772461
-33.83162307739258 46.90230178833008 -62.83332824707031
-4.6578874588012695 24.337554931640625 0.23263981938362122
-40.72268295288086 39.32111740112305 -9.204644203186035
-37.48428726196289 34.37476348876953 -5.877720832824707
40.28073501586914 -16.52619743347168 0.1578364074230194
9.150859832763672 -45.923377990722656 -24.001708984375
-11.610156059265137 -21.53864288330078 0.9596991539001465
-33.16411590576172 -41.2182731628418 -98.44718933105469
34.50077438354492 -39.07259750366211 -58.9371223449707
-35.1641960144043 44.58417510986328 -46.02492141723633
-34.2413215637207 -19.38725471496582 -62.719627380371094
38.81696319580078 0.870718777179718 -0.8418415188789368
-38.69670486450195 1.4674854278564453 -28.96334457397461
39.684906005859375 -4.207301139831543 -0.3259894847869873
34.03867721557617 24.425642013549805 -61.39967727661133
10.665403366088867 44.92353439331055 -39.017269134521484
-38.12434005737305 36.35627365112305 0.1359250843524933
37.34946823120117 -43.74254608154297 79.86962890625
15.0689115524292 -18.664194107055664 -1.064829707145691
8.96242904663086 -6.3435564041137695 -0.14740057289600372
-1.6225552558898926 -32.894771575927734 -0.546001136302948
-6.922727584838867 -40.76357650756836 89.10115051269531
33.43864059448242 -38.4150505065918 -70.6594467163086
37.11435317993164 -33.28755569458008 -66.45877075195312
-40.970523834228516 47.141990661621094 -2.567656993865967
38.76726531982422 29.771142959594727 -65.16727447509766
5.7198686599731445 -43.370906829833984 -53.99448013305664
-21.248207092285156 -41.70386505126953 78.28250122070312
40.15205383300781 9.759170532226562 -64.95278930664062
25.292572021484375 32.19908905029297 0.022393524646759033
11.221312522888184 -45.28200912475586 57.44342041015625
-41.076175689697266 -41.369285583496094 88.31884002685547
-36.71238327026367 -15.3505859375 -8.020554542541504
-29.583131790161133 -14.76275634765625 -0.9120774269104004
35.226707458496094 27.372196197509766 -66.86172485351562
42.560909271240234 -10.719807624816895 0.6459785103797913
-30.74738883972168 -43.633033752441406 2.7421212196350098
-32.55455017089844 -42.1975212097168 6.504453659057617
-33.41628646850586 43.45771408081055 -31.37508773803711
-41.627105712890625 -39.1732177734375 -25.002445220947266
37.86473846435547 39.15454864501953 -63.881492614746094
36.48667526245117 -13.216611862182617 -58.331268310546875
-15.67032241821289 -41.34598922729492 -3.039846420288086
-20.237565994262695 44.76041793823242 -58.18070602416992
12.420425415039062 -30.198680877685547 0.8940218687057495
10.996155738830566 -39.950462341308594 -50.762638092041016
-37.3703727722168 5.575562953948975 -35.19718933105469
11.580288887023926 -44.38404846191406 60.33790969848633
-36.62491989135742 -42.4747428894043 -51.51667022705078
41.08675765991211 39.11649703979492 -45.71871566772461
7.254183769226074 37.05538558959961 2.528658866882324
-22.732616424560547 -41.272029876708984 -7.327640056610107
-45.350563049316406 7.412863731384277 1.743044376373291
27.967958450317383 25.159494400024414 -0.4835878312587738
-37.65646743774414 9.6868896484375 -6.958864688873291
-34.33767318725586 30.5073299407959 -33.44972610473633
-33.99223327636719 39.92023468017578 -20.150646209716797
-38.3116455078125 4.622346878051758 -65.532470703125
26.93071937561035 41.19609069824219 -59.18205261230469
7.037964344024658 -43.24540710449219 -51.11953353881836
41.65840148925781 -46.91707992553711 -35.42049789428711
-34.087677001953125 -47.007240295410156 -67.01226043701172
-38.610076904296875 -46.146995544433594 24.492130279541016
35.20869827270508 -41.197994232177734 76.94202423095703
-6.795196533203125 -44.32987976074219 -52.75758361816406
-5.472397804260254 -44.43236541748047 -23.194828033447266
36.1668701171875 -29.79335594177246 -63.17239761352539
-38.503273010253906 -24.250560760498047 -31.53357696533203
11.934288024902344 -39.39871597290039 81.80377960205078
37.09328079223633 -24.252614974975586 -7.811156272888184
33.277427673339844 -41.79075241088867 -4.01342248916626
40.69921112060547 -45.27688217163086 22.272335052490234
27.694534301757812 -39.98967742919922 -52.649749755859375
32.888832092285156 -38.19281005859375 -53.221675872802734
12.983909606933594 -39.871620178222656 -24.369327545166016
31.8134765625 -43.32817459106445 -53.976097106933594
-24.144392013549805 -43.911800384521484 36.014984130859375
-39.02348327636719 -37.791229248046875 -65.77989196777344
19.5004825592041 -45.33915328979492 -55.43633270263672
-14.703800201416016 38.610877990722656 -0.8430991172790527
42.585426330566406 20.37570571899414 1.0244449377059937
39.07603073120117 44.77755355834961 -34.816192626953125
4.287423610687256 -45.73341369628906 -26.767087936401367
36.58930587768555 -43.513328552246094 88.64093017578125
-35.90376281738281 10.821577072143555 -29.791215896606445
32.95180130004883 -46.78712463378906 -47.12604522705078
26.15267562866211 -46.1719970703125 -50.83961868286133
-0.15928982198238373 -39.35243606567383 -52.994712829589844
14.057229042053223 -43.080440521240234 -49.79997634887695
-40.21025085449219 -45.363800048828125 -74.44862365722656
30.837539672851562 -44.12915802001953 35.083126068115234
36.05720138549805 46.21788787841797 -66.45329284667969
-33.724151611328125 6.936357021331787 -63.27692413330078
-38.023033142089844 40.61941146850586 -23.79692840576172
-39.166709899902344 -49.28630447387695 79.43338012695312
-40.185237884521484 -38.63616943359375 -72.40672302246094
-15.319533348083496 44.0185546875 -6.711570739746094
-16.140295028686523 39.18612289428711 -0.7979521751403809
-39.41872024536133 -45.387046813964844 -38.999752044677734
4.542119026184082 -43.87272644042969 36.326576232910156
33.26275634765625 39.26117706298828 -24.127256393432617
42.0045280456543 -32.92048263549805 0.6003352403640747
41.75521469116211 -39.77450942993164 1.6180505752563477
38.638526916503906 -29.241153717041016 -3.6383416652679443
0.4690299928188324 -44.7555046081543 56.645233154296875
14.713656425476074 -40.5259895324707 83.49249267578125
35.511077880859375 -27.214866638183594 -61.67348098754883
39.30079650878906 -35.02752685546875 -62.30838394165039
22.53109359741211 -45.93522262573242 36.14070510864258
-35.12323760986328 -7.055140018463135 -66.32422637939453
20.150928497314453 1.9581325054168701 -0.0662013441324234
-38.27190017700195 -6.272101402282715 -62.159996032714844
-4.498867511749268 -28.874696731567383 0.8112773895263672
-25.927122116088867 -44.940216064453125 59.6097297668457
-32.84724807739258 -47.86038589477539 56.09218978881836
-36.33318328857422 -47.68180847167969 60.200828552246094
-33.235469818115234 38.36764144897461 0.9203841686248779
-28.32486915588379 39.88145446777344 -41.983795166015625
-32.83775329589844 39.06364059448242 -49.52365493774414
34.35953140258789 -46.28762435913086 15.875121116638184
37.348270416259766 1.713707447052002 -64.83135223388672
33.475013732910156 -41.619991302490234 83.658935546875
-2.40069842338562 -42.7137336730957 -27.47664451599121
-15.9691743850708 -44.62395095825195 58.68581008911133
41.31119155883789 42.719749450683594 -94.39177703857422
36.835750579833984 25.763391494750977 -34.220890045166016
38.20236587524414 -20.527324676513672 -28.96728515625
22.142473220825195 -42.746246337890625 -52.08985137939453
0.6165049076080322 45.15172576904297 -58.832096099853516
-38.0184326171875 6.362245559692383 -1.1045011281967163
-30.98233985900879 0.8721436858177185 1.1867026090621948
-38.173179626464844 42.92612838745117 -17.825002670288086
13.351095199584961 -45.1013298034668 -21.50419807434082
1.8292523622512817 -41.0188102722168 -0.25309664011001587
0.6997355818748474 -41.53945541381836 3.487091064453125
33.893531799316406 -44.45661926269531 -60.07700729370117
33.55191421508789 44.44701385498047 -59.8255500793457
7.574843883514404 18.060993194580078 0.40358400344848633
-24.49446678161621 30.54645538330078 -0.9496735334396362
19.371994018554688 27.735950469970703 0.7461944222450256
-34.195281982421875 -27.04481315612793 -32.77985763549805
-19.655168533325195 43.45977020263672 -36.95267105102539
-40.29755401611328 48.29547882080078 -87.97262573242188
41.63911437988281 47.005916595458984 -53.01388168334961
-35.915401458740234 -43.12897872924805 88.84832000732422
-41.18694305419922 38.813724517822266 -52.89253616333008
35.94917678833008 34.383384704589844 -30.44746971130371
39.345943450927734 39.44579315185547 -42.59418869018555
37.12294006347656 32.42707443237305 -34.699974060058594
34.872886657714844 -43.932804107666016 58.717647552490234
-38.384178161621094 30.18705940246582 -30.490047454833984
35.060001373291016 -14.40443229675293 -63.508182525634766
-39.97615051269531 41.544986724853516 -73.63573455810547
40.811248779296875 43.36277770996094 -86.20213317871094
-39.284385681152344 38.947410583496094 -14.623143196105957
-36.737728118896484 -39.95915603637695 12.022439956665039
21.04402732849121 -40.361900329589844 83.9483871459961
-34.15747833251953 -48.84224319458008 80.86450958251953
-29.260467529296875 40.42500686645508 -59.46640396118164
-34.27217483520508 36.9771728515625 -60.93412399291992
22.87790298461914 6.818882465362549 0.6255989670753479
-36.64409255981445 -33.50773239135742 -2.6178882122039795
-35.33897399902344 -42.98752975463867 -43.15510177612305
7.495664119720459 43.25257110595703 -0.389013409614563
39.91206741333008 -38.40480422973633 -41.17429733276367
10.595782279968262 -42.997352600097656 -20.96933364868164
-8.133316040039062 -7.457361698150635 1.441613793373108
-35.216392517089844 -41.42523193359375 82.9275131225586
-37.18059158325195 12.833536148071289 -0.5433072447776794
-37.25273132324219 31.566734313964844 -34.064064025878906
-39.422786712646484 38.38552474975586 -41.140071868896484
37.60682678222656 17.871212005615234 -32.32490158081055
30.335073471069336 -42.08905029296875 -20.485652923583984
-41.370269775390625 -41.99571228027344 69.07198333740234
27.406686782836914 43.90927505493164 -60.116329193115234
32.985504150390625 46.708866119384766 -62.584068298339844
33.42953872680664 47.526947021484375 -91.06867980957031
33.71537399291992 -38.64411544799805 -47.85765838623047
36.35654067993164 27.056283950805664 -0.4754675626754761
40.51215362548828 -42.05547332763672 -38.76493835449219
24.97032928466797 12.74121379852295 0.05195281654596329
-10.685959815979004 39.50423812866211 -57.44646072387695
36.67353820800781 -29.91571044921875 -28.88554573059082
23.540132522583008 -35.4958610534668 0.9320945143699646
-42.74325180053711 -41.1916618347168 78.45759582519531
-9.08855152130127 -41.3880615234375 -55.14356231689453
7.789778232574463 -44.158103942871094 56.74589538574219
22.320127487182617 43.71041488647461 -58.50822067260742
-35.05189514160156 46.102691650390625 -94.09445190429688
-38.59943771362305 41.65707015991211 -50.626556396484375
-38.80868911743164 -17.623884201049805 -0.8211088180541992
-21.98256492614746 -42.28586196899414 -50.579864501953125
-10.11777114868164 -40.37311935424805 -23.373641967773438
-40.33345413208008 -41.45081329345703 -45.34230422973633
-12.325553894042969 45.022457122802734 -54.35012435913086
-39.648277282714844 36.89255905151367 -60.17851638793945
36.29145812988281 13.637362480163574 -30.215120315551758
-38.35936737060547 46.74660110473633 -10.01663589477539
-20.069652557373047 -27.663488388061523 0.8531215190887451
-27.717174530029297 -18.670246124267578 1.6107765436172485
36.63238525390625 8.873857498168945 -60.389835357666016
36.9920768737793 -24.873477935791016 -67.6969223022461
41.84915542602539 40.732421875 -43.07258605957031
-11.107706069946289 6.0977606773376465 0.14974910020828247
-34.844295501708984 38.943607330322266 -15.594185829162598
35.263755798339844 -38.28004455566406 -64.05410766601562
-13.109434127807617 -33.29065704345703 0.6153860688209534
-37.96284866333008 -37.92298889160156 -31.33360481262207
-0.34075459837913513 -44.29185485839844 30.313385009765625
-37.17985916137695 -26.972366333007812 -1.1754705905914307
34.11431884765625 46.91118240356445 -75.67967224121094
-9.711164474487305 39.186946868896484 0.20293733477592468
33.84669876098633 -12.922052383422852 -59.49338150024414
41.523902893066406 40.335872650146484 -51.101192474365234
-7.225348472595215 -40.500160217285156 94.29620361328125
36.337646484375 39.14799880981445 -22.858346939086914
6.350868225097656 42.2308349609375 -42.421817779541016
-11.824322700500488 40.995765686035156 -55.03435516357422
-38.69722366333008 44.86146545410156 -28.359167098999023
3.084456205368042 43.36320114135742 -2.686216115951538
-36.06298065185547 25.70402717590332 -33.68364334106445
-32.383548736572266 -43.946136474609375 29.17381477355957
41.67688751220703 -38.6400032043457 -15.36142635345459
-0.33305221796035767 -42.134456634521484 5.215601444244385
22.142690658569336 -41.10919952392578 9.238494873046875
-17.908967971801758 -41.39179611206055 8.652113914489746
-14.817121505737305 -44.59180450439453 30.644685745239258
-9.965523719787598 -41.854515075683594 98.0392074584961
-16.73394012451172 -5.501389503479004 0.8399308919906616
28.41925811767578 -18.37882423400879 1.1532857418060303
-12.20034122467041 -39.53028869628906 97.2596664428711
-38.297760009765625 -42.83753204345703 65.9794692993164
40.49903106689453 -41.59232711791992 -96.09873962402344
-5.980632781982422 -41.3223876953125 -24.288705825805664
23.29281997680664 -42.09194564819336 93.2092056274414
-22.267181396484375 -40.4499626159668 80.13309478759766
40.69499969482422 47.257232666015625 -40.078155517578125
33.81221389770508 7.600744724273682 0.021411392837762833
-34.07303237915039 16.004993438720703 1.9525079727172852
37.845420837402344 -43.05717086791992 25.190248489379883
-33.13877487182617 -42.68648147583008 -2.49743914604187
-30.72820281982422 -43.940284729003906 -0.525676429271698
-38.56168746948242 -0.9728713035583496 -4.0151824951171875
-41.400691986083984 -4.577459812164307 2.0619521141052246
38.930789947509766 -43.92376708984375 15.959508895874023
37.02559280395508 -41.03414535522461 -56.171836853027344
-24.21013641357422 -12.565627098083496 0.01357228122651577
-17.60135269165039 41.99705505371094 -56.66114044189453
-31.888742446899414 -45.2535285949707 -51.99700927734375
7.957645893096924 -42.28987503051758 -24.160991668701172
22.706266403198242 -7.700042247772217 -0.7394689917564392
17.03783416748047 42.72031784057617 -35.97829055786133
10.472197532653809 -45.28343200683594 -55.574745178222656
-43.11201477050781 -26.122169494628906 1.0598573684692383
32.82905960083008 -43.01865768432617 62.48027801513672
-36.55852508544922 -9.945453643798828 -58.52333450317383
14.476981163024902 46.09406280517578 0.436247318983078
-3.999419927597046 50.274227142333984 2.5860774517059326
37.42741012573242 -6.4912919998168945 -65.82406616210938
33.04597091674805 -38.45648193359375 -32.28586959838867
37.68072509765625 -2.9799535274505615 -28.847599029541016
-33.25089645385742 -44.50354766845703 -63.1334228515625
35.12141418457031 4.805442810058594 -3.3785271644592285
43.17287826538086 -40.72122573852539 95.54817199707031
39.1063117980957 50.58925247192383 2.1763875484466553
-21.64394760131836 20.249900817871094 1.9753316640853882
11.01363754272461 -42.023468017578125 -1.811321496963501
-20.747377395629883 43.374839782714844 0.6971036791801453
34.73281478881836 -9.543700218200684 -33.419132232666016
-19.838611602783203 -16.466766357421875 1.6891411542892456
34.49746322631836 42.006065368652344 -38.51881790161133
28.422574996948242 42.9334716796875 -39.01746368408203
-0.5862720608711243 -19.54422950744629 0.882605791091919
-32.838836669921875 -47.48463821411133 -76.22065734863281
19.61379623413086 44.61742401123047 -39.81309509277344
-43.64845275878906 -33.29907989501953 1.3436481952667236
40.25246047973633 -46.14896011352539 -68.91893005371094
-36.821533203125 -43.71449279785156 41.70542526245117
38.45034408569336 45.00550079345703 -73.1411361694336
5.071660041809082 -0.45661020278930664 0.18250605463981628
-32.89286422729492 48.29939270019531 -76.48885345458984
-23.63374137878418 -45.5506706237793 36.127769470214844
-3.1223554611206055 -41.762752532958984 -7.9571852684021
-5.48718786239624 10.839218139648438 -0.18556037545204163
36.142417907714844 20.508520126342773 -63.64438247680664
-25.82731819152832 -3.3018574714660645 0.3680897057056427
25.79225730895996 24.989227294921875 -0.763087272644043
-40.913177490234375 -38.38699722290039 -50.73158264160156
-40.12795639038086 43.33576202392578 -86.66012573242188
38.1484260559082 23.326248168945312 -59.2496452331543
25.473302841186523 -45.613525390625 29.777820587158203
38.04566955566406 -39.16175842285156 -31.953895568847656
-33.883628845214844 23.815568923950195 -65.04399871826172
-18.894142150878906 -41.17380142211914 95.41644287109375
-36.709659576416016 -29.3580322265625 2.358215093612671
39.28878402709961 40.848785400390625 -88.3795394897461
-13.652310371398926 8.846290588378906 1.8034913539886475
35.811519622802734 -9.861872673034668 1.7739123106002808
-22.494218826293945 -42.01699447631836 -0.9014696478843689
34.00020980834961 -40.55839157104492 -97.85578918457031
-2.9060113430023193 -3.404920816421509 0.6162126064300537
-40.28038787841797 -41.82366943359375 37.611080169677734
-35.3792610168457 -41.70360565185547 -92.19672393798828
-34.79181671142578 40.49507522583008 -42.75917434692383
-12.911800384521484 45.1284294128418 -7.38014030456543
4.22822904586792 42.563995361328125 -39.36951446533203
-39.483978271484375 -46.17409896850586 35.67484664916992
-37.29527282714844 13.833769798278809 -33.228424072265625
2.3768389225006104 30.564151763916016 0.04328314960002899
33.72720718383789 45.556678771972656 -0.6928924322128296
35.68156814575195 1.1647560596466064 -59.317508697509766
-17.819101333618164 10.07032585144043 1.085833191871643
30.29803466796875 40.745018005371094 -55.190895080566406
-35.11899185180664 -44.4992561340332 47.63889694213867
36.645172119140625 15.310808181762695 -7.10190486907959
32.343162536621094 13.48919677734375 -1.478268027305603
-41.36166763305664 -42.795440673828125 -68.49554443359375
-33.92213439941406 -38.50395965576172 -59.279788970947266
34.744712829589844 43.91327667236328 -82.84356689453125
-41.335086822509766 40.85139846801758 -13.23503589630127
42.399627685546875 47.728485107421875 0.47677427530288696
40.054054260253906 -4.28796911239624 -32.85310745239258
-5.347945213317871 -40.431190490722656 -50.748680114746094
-24.996076583862305 40.134281158447266 -41.8939094543457
41.17239761352539 -40.613895416259766 -44.140480041503906
3.6213881969451904 -28.033843994140625 0.5363253951072693
5.411157131195068 -41.8455810546875 -0.10629911720752716
3.811671257019043 -42.16388702392578 3.3168270587921143
-36.22674560546875 -14.665216445922852 -58.9108772277832
-25.650821685791016 -40.650184631347656 89.15336608886719
-26.875965118408203 42.2435188293457 -59.93600082397461
33.56937789916992 0.9021520614624023 -61.43341064453125
15.542257308959961 -12.072295188903809 0.7992299795150757
35.36564636230469 48.5960807800293 -95.96273040771484
34.11016082763672 -46.04172134399414 -20.988359451293945
27.64357566833496 -45.08404541015625 -21.13092613220215
39.152584075927734 37.53327560424805 -28.09046745300293
37.23069763183594 -13.138751983642578 -35.101463317871094
36.699153900146484 13.10247802734375 -67.0557632446289
-33.77220916748047 -44.81220626831055 55.17134094238281
45.26518249511719 -39.669578552246094 87.100830078125
21.83340835571289 -44.84499740600586 31.073305130004883
-5.4393086433410645 -40.84850311279297 5.513996601104736
-4.036406517028809 -35.97119903564453 1.1151667833328247
36.005645751953125 -1.2731671333312988 1.933772087097168
-1.8875113725662231 26.037139892578125 -0.849625825881958
-26.1016902923584 -41.18632125854492 95.04785919189453
39.61250305175781 -48.02576446533203 34.30161666870117
-20.273046493530273 -19.989253997802734 -0.01820773258805275
37.688865661621094 -25.176551818847656 -5.544236660003662
-40.91071701049805 47.4672966003418 -94.80206298828125
1.3919087648391724 14.927190780639648 0.17439556121826172
34.691925048828125 40.782501220703125 -88.93901824951172
-6.982245922088623 19.318828582763672 0.8781936168670654
15.536909103393555 41.180442810058594 -53.37151336669922
18.688180923461914 42.31159591674805 -42.63916778564453
-37.30264663696289 18.389629364013672 -2.1884570121765137
-12.853337287902832 0.7852860689163208 1.1067516803741455
-36.63362121582031 -42.57789993286133 59.94511032104492
34.20542526245117 -40.95574951171875 97.44788360595703
34.05464553833008 42.454444885253906 -73.79368591308594
-10.90472412109375 27.72797966003418 0.5003153681755066
2.168525457382202 37.64995574951172 1.839769959449768
-35.955535888671875 -42.38916778564453 -73.28547668457031
-27.168445587158203 -25.636741638183594 0.5565051436424255
-40.79579162597656 14.982165336608887 0.6049063205718994
-35.032867431640625 -39.990135192871094 -58.74729919433594
-25.03411293029785 5.801254749298096 0.39860799908638
37.93911361694336 -39.16987228393555 -97.5753402709961
32.88803482055664 -38.67901611328125 -8.244706153869629
29.85093116760254 -40.36332321166992 -3.240476369857788
0.10224346816539764 -44.332149505615234 33.40888214111328
-6.934837818145752 40.34010696411133 -40.95473861694336
34.51463317871094 -43.54318618774414 50.76189041137695
-3.8392274379730225 -40.822235107421875 -20.529361724853516
33.2654914855957 -41.243186950683594 -44.836551666259766
39.47688674926758 -16.99493980407715 -66.80498504638672
24.821447372436523 43.11988830566406 -36.36274337768555
-1.1922755241394043 -41.963844299316406 -52.58670425415039
34.08003616333008 -45.25983428955078 13.010677337646484
2.355776309967041 -40.903038024902344 6.708509922027588
6.307644844055176 -36.324501037597656 0.9455400109291077
-39.382083892822266 19.19302749633789 -59.292442321777344
11.044356346130371 44.45711898803711 -7.641323566436768
-39.833595275878906 2.340780735015869 -59.99201583862305
-34.925750732421875 -40.14435577392578 -14.916647911071777
-34.818294525146484 -42.72303771972656 -80.4599838256836
-39.716033935546875 -44.8692741394043 49.48878860473633
39.8305778503418 -40.30036544799805 14.45040225982666
-36.79914093017578 12.608792304992676 -7.224959373474121
-34.76620864868164 -19.852703094482422 -1.006359577178955
39.66073989868164 19.22081184387207 -61.38287353515625
41.6051025390625 -42.259525299072266 54.095985412597656
-33.29984664916992 -41.19691848754883 62.14946365356445
-32.51814651489258 -44.68205261230469 35.22998046875
-10.89096450805664 -45.24089431762695 -20.817148208618164
37.7630729675293 -40.73544692993164 49.99867248535156
-36.560733795166016 39.45843505859375 -63.40657043457031
-31.43297004699707 42.8697395324707 -59.85771942138672
36.11836624145508 -40.829620361328125 -75.70738983154297
-34.59873962402344 -42.82471466064453 28.366310119628906
37.490787506103516 -22.49108123779297 -63.24578094482422
18.728513717651367 -44.19085693359375 -48.97479248046875
4.578121662139893 -45.30329132080078 35.662208557128906
1.431503415107727 42.51596450805664 2.516423225402832
0.6037359237670898 41.7075309753418 -56.8875617980957
26.424072265625 -40.74479675292969 -54.4736328125
-35.15885543823242 -42.720664978027344 -34.67576599121094
27.917146682739258 -41.267730712890625 -49.72516632080078
32.881690979003906 -40.536136627197266 -49.468360900878906
12.30937671661377 -20.86458396911621 0.5324232578277588
-20.445770263671875 -40.07764434814453 -54.81748962402344
-0.8259539008140564 21.57244110107422 -0.9521756172180176
30.359159469604492 31.759328842163086 1.8202143907546997
19.11518669128418 40.08572769165039 -58.44114303588867
-36.290069580078125 43.246429443359375 -77.63584899902344
38.99540710449219 -44.74370574951172 -45.3531494140625
25.66465950012207 -40.58970642089844 93.8343734741211
-35.97905731201172 27.500579833984375 -0.5207236409187317
38.38359069824219 -42.31797790527344 35.1920051574707
12.984835624694824 45.796260833740234 -7.657572269439697
-34.001853942871094 -43.11035919189453 32.51762390136719
-35.116065979003906 30.351295471191406 -63.631195068359375
36.84151840209961 8.343531608581543 -28.614500045776367
-34.0108757019043 -39.080543518066406 -71.5140609741211
22.783231735229492 40.635536193847656 -39.37971496582031
35.87431716918945 39.99607467651367 -51.47390365600586
-37.57917785644531 15.749515533447266 -65.58438110351562
-0.8005029559135437 -41.67161178588867 90.08268737792969
35.88347244262695 -17.021583557128906 -28.19188117980957
38.460426330566406 -45.75528335571289 -87.557861328125
19.61374855041504 -44.481689453125 -26.223400115966797
-35.64002227783203 -6.432244777679443 -34.32316207885742
26.637619018554688 27.458948135375977 1.761138916015625
37.66740417480469 -12.589078903198242 -31.378389358520508
-8.675047874450684 -45.05255889892578 62.3953971862793
9.648503303527832 -41.2779655456543 0.17357604205608368
8.7493257522583 -41.33572006225586 4.064028739929199
15.472098350524902 -44.22142028808594 57.71726989746094
-18.02678680419922 45.40989685058594 -7.645264625549316
4.5720343589782715 24.228078842163086 0.5102726221084595
-39.85844421386719 45.608970642089844 -66.30025482177734
40.41870880126953 27.005464553833008 -62.643253326416016
-6.9632248878479 -40.835941314697266 9.112533569335938
35.613525390625 -39.076683044433594 -2.2751879692077637
18.922544479370117 39.865230560302734 -55.062191009521484
-39.66271209716797 -46.15095901489258 3.6703693866729736
14.306392669677734 46.00739288330078 -40.790035247802734
-34.35672378540039 21.949787139892578 -30.40342140197754
37.43547439575195 6.220717430114746 -31.410558700561523
-37.6612548828125 -27.504709243774414 -58.07456970214844
1.0996376276016235 -40.886409759521484 85.76947784423828
36.993064880371094 -16.692031860351562 -59.35807800292969
39.621829986572266 -20.301912307739258 -33.492584228515625
-21.182870864868164 44.28007507324219 -6.100163459777832
-19.365217208862305 40.298362731933594 -0.7747087478637695
-34.64448165893555 35.327003479003906 -60.94615936279297
15.789587020874023 -45.17317199707031 -52.72517395019531
-34.81911849975586 -1.8274123668670654 -28.756650924682617
-13.401999473571777 -42.74604034423828 -23.679109573364258
20.839384078979492 -40.62056350708008 -0.646180272102356
20.744335174560547 -40.960472106933594 4.556399345397949
-36.51224899291992 40.117462158203125 -35.24944305419922
-6.105360507965088 -20.567474365234375 -1.0268348455429077
-15.151588439941406 43.65020751953125 -60.505977630615234
39.56224822998047 -40.27168273925781 -48.297813415527344
-34.66244888305664 -17.278316497802734 2.177058458328247
33.07847213745117 43.11530685424805 -79.5574951171875
-19.63170623779297 -2.2904160022735596 -0.9859578609466553
-30.648256301879883 -41.70343780517578 -25.735105514526367
-42.307289123535156 -40.87135314941406 93.89688110351562
14.818866729736328 -39.96028518676758 -49.47468948364258
-0.40567323565483093 -41.55534362792969 9.414270401000977
4.146083831787109 -41.900184631347656 -6.642912864685059
17.78351402282715 -43.09886169433594 -22.1745662689209
-34.340606689453125 -39.35786437988281 8.366780281066895
-23.21282196044922 -44.37905502319336 1.1165117025375366
3.20845103263855 -44.69318771362305 59.9278678894043
33.55195999145508 37.706764221191406 -3.2300734519958496
-20.39745330810547 -43.31749725341797 55.661434173583984
17.736125946044922 -44.92665100097656 60.81796646118164
-41.1368522644043 -49.96985626220703 71.15742492675781
-37.965110778808594 -38.381961822509766 -43.032196044921875
17.40161895751953 -40.081424713134766 -51.390933990478516
39.06166458129883 -46.51314163208008 -29.666690826416016
10.800654411315918 -41.16193771362305 84.3001937866211
43.25080108642578 -4.467912197113037 0.7969667911529541
-34.835506439208984 -27.97859764099121 -61.080936431884766
-40.071205139160156 -46.1862678527832 71.5497055053711
13.094128608703613 -44.51060485839844 56.25860595703125
40.302513122558594 -27.055492401123047 -59.158390045166016
-22.476215362548828 -43.10148239135742 -54.62284469604492
34.41072463989258 -6.485241889953613 -61.80064392089844
-23.10924530029297 45.74842834472656 -7.07521390914917
32.53646469116211 -42.72772979736328 -51.07736587524414
-33.96177291870117 -15.556671142578125 -59.83251190185547
40.72819137573242 -18.468839645385742 -30.368722915649414
25.00008201599121 -10.143729209899902 -1.199575424194336
40.00468444824219 -40.08223342895508 31.03835105895996
-30.482271194458008 45.224361419677734 -0.8619852066040039
24.34482192993164 44.98515319824219 -3.5857925415039062
39.28560256958008 1.0895286798477173 -28.55845832824707
-17.32259750366211 -45.05773162841797 34.955230712890625
-38.68385314941406 -8.969407081604004 -7.628223896026611
35.92320251464844 42.394859313964844 -9.84930419921875
31.02656364440918 -43.21831130981445 -25.10392951965332
-39.884098052978516 44.96039962768555 -41.8326530456543
31.351652145385742 38.714027404785156 2.3344342708587646
40.374061584472656 43.618492126464844 -43.55034637451172
41.42534255981445 -46.194610595703125 -72.62188720703125
-40.300045013427734 -12.373106002807617 -61.0755615234375
0.6984651684761047 29.816173553466797 2.024003505706787
39.665714263916016 25.884859085083008 -2.6405630111694336
-34.032371520996094 33.410858154296875 -65.91325378417969
30.280763626098633 -35.299747467041016 0.5319433808326721
-33.96019744873047 -46.699031829833984 26.39139175415039
-33.07506561279297 -42.11335754394531 -85.09477996826172
30.847126007080078 45.01637649536133 -8.032254219055176
33.9605712890625 43.028236389160156 -17.560266494750977
16.09087562561035 -41.65196228027344 -7.246236324310303
-32.85172653198242 47.46600341796875 -99.90978240966797
39.78349685668945 10.964295387268066 -32.66508865356445
38.891990661621094 -45.80316162109375 -75.9634780883789
8.903610229492188 32.053096771240234 0.9507970809936523
-36.5289421081543 30.956830978393555 -6.3938751220703125
38.08361053466797 -16.395160675048828 -6.164316177368164
-36.15943908691406 -39.811767578125 92.8896484375
-4.729066848754883 -14.39247989654541 0.295633465051651
32.92924880981445 -43.87997055053711 -63.297569274902344
13.823891639709473 25.345975875854492 0.08140704035758972
-4.330312252044678 44.79568862915039 -7.828292369842529
35.976356506347656 23.371910095214844 -29.868289947509766
27.46074867248535 -39.950923919677734 11.115989685058594
33.86614227294922 -41.53828811645508 16.816749572753906
-38.56094741821289 -24.23550033569336 -60.865394592285156
33.27214813232422 -39.070289611816406 -38.43987274169922
43.95325469970703 9.482757568359375 0.6251491904258728
-9.373125076293945 -40.72468185424805 -8.000359535217285
43.18698501586914 -13.655608177185059 -0.9285959005355835
38.80467987060547 -13.427939414978027 -4.844954967498779
23.809206008911133 28.887807846069336 -0.2785170376300812
-38.785221099853516 29.313617706298828 0.8511694669723511
-37.598690032958984 -24.58658218383789 -7.389245986938477
-33.913265228271484 47.122718811035156 -46.2899284362793
-17.286815643310547 -39.608741760253906 -22.152416229248047
32.89305877685547 -39.94240951538086 35.263755798339844
-37.4475212097168 -18.736387252807617 -7.1264848709106445
12.44799518585205 10.24755573272705 0.9971960186958313
35.100337982177734 -43.171775817871094 -81.43287658691406
-39.075721740722656 -38.50194549560547 -21.6810359954834
-43.81621551513672 48.964599609375 2.098350763320923
-39.81996154785156 26.715625762939453 -63.87581253051758
-41.086570739746094 45.28616714477539 -22.285913467407227
-17.257450103759766 34.44481658935547 0.24378584325313568
-40.03672409057617 -41.1554069519043 44.9383430480957
23.90932846069336 40.044898986816406 -55.64798355102539
-39.56772232055664 41.929779052734375 -92.2209243774414
-16.79841423034668 -44.77651596069336 -49.48222732543945
38.059017181396484 48.50400161743164 -89.43220520019531
45.542808532714844 -39.365562438964844 90.74174499511719
14.233000755310059 42.30391311645508 2.476548910140991
-41.14103698730469 -47.071510314941406 30.212594985961914
-14.745139122009277 -40.24466323852539 91.05397033691406
34.87247848510742 -42.510650634765625 -65.84523010253906
20.494571685791016 -15.573192596435547 0.23063115775585175
17.613908767700195 -40.393314361572266 96.06364440917969
38.775691986083984 -43.0339469909668 -17.462207794189453
-29.780914306640625 -41.202449798583984 0.7057304382324219
-40.231201171875 0.1461215317249298 -63.7591438293457
-22.3117733001709 -42.685543060302734 -24.056419372558594
-35.73771286010742 -40.84401321411133 21.55391502380371
40.34259796142578 15.42834186553955 -62.4027099609375
25.289203643798828 21.37003517150879 0.3548622131347656
-1.8816132545471191 46.012969970703125 -0.6476958990097046
-34.98603820800781 45.14883804321289 -55.91138458251953
37.885128021240234 1.3707871437072754 -32.923492431640625
5.552699565887451 15.522859573364258 -0.08652794361114502
40.37340545654297 40.417083740234375 -84.50984191894531
39.75838851928711 43.285560607910156 -22.733295440673828
35.994895935058594 -39.683433532714844 17.985559463500977
-30.054180145263672 -42.879981994628906 -52.91074752807617
38.36625289916992 -40.07841873168945 97.68165588378906
-41.5613899230957 -39.195899963378906 -85.87771606445312
-39.327903747558594 -40.61769485473633 -18.46363639831543
-38.19766616821289 14.85720157623291 -6.902196884155273
35.11897659301758 -41.579105377197266 7.463257789611816
31.852657318115234 -40.26156997680664 0.7718158960342407
-24.202438354492188 -41.3740348815918 9.342142105102539
37.58982467651367 -3.1063079833984375 -5.861985206604004
10.917213439941406 -41.76154708862305 -7.275014400482178
-25.18083381652832 -44.0737190246582 1.704184889793396
-24.47911262512207 -42.15773391723633 6.026244640350342
-39.00755310058594 -5.439547538757324 -1.293502688407898
-40.23850631713867 -13.398269653320312 -30.5922794342041
34.956729888916016 -45.52800750732422 20.340810775756836
-6.624278545379639 -44.8104362487793 59.18800354003906
37.083370208740234 -32.65293884277344 -0.4305504262447357
39.35704040527344 -39.280120849609375 1.9203455448150635
-11.798160552978516 24.26288414001465 1.8422046899795532
-4.644582271575928 40.531227111816406 2.027437448501587
35.05400466918945 -42.16460037231445 -36.919921875
-37.86905288696289 28.54395294189453 -6.00785493850708
-25.693788528442383 37.89365005493164 2.2544684410095215
-35.69208908081055 -47.49140548706055 33.15940475463867
-21.500999450683594 -40.90834045410156 5.738840579986572
-23.03375244140625 -39.89496612548828 0.5653864741325378
37.59989547729492 30.66019058227539 -35.041961669921875
25.54345703125 -4.151529312133789 0.9652963876724243
34.17613983154297 25.985837936401367 -66.30963134765625
-33.99936294555664 -9.382481575012207 -59.826045989990234
-36.22810745239258 35.468875885009766 -30.269306182861328
-11.472417831420898 -16.378515243530273 2.227663278579712
41.42799377441406 -40.590362548828125 -91.09014892578125
27.469175338745117 -40.61323165893555 88.22383117675781
-20.783418655395508 -44.78860855102539 33.799530029296875
35.14254379272461 -40.11977767944336 30.1962890625
40.26565933227539 -43.79627990722656 -84.02899932861328
0.4348415732383728 -44.274070739746094 2.6106324195861816
37.80204391479492 -30.69179344177246 -7.038074016571045
40.03033447265625 -39.03423309326172 -11.699641227722168
13.222578048706055 -41.349571228027344 5.113656520843506
13.731978416442871 -42.898658752441406 1.7411079406738281
40.407249450683594 38.845367431640625 -22.256488800048828
-39.55561447143555 -29.75709342956543 -1.7313092947006226
35.26206970214844 -46.629066467285156 6.087789535522461
-35.15009307861328 -39.0708122253418 -21.858936309814453
-34.35409927368164 15.690966606140137 -59.3724250793457
28.151281356811523 18.292495727539062 -1.2752677202224731
20.6950740814209 -43.06946563720703 55.919124603271484
24.869661331176758 -41.473228454589844 -5.904931545257568
-22.603422164916992 -39.90962219238281 94.40834045410156
34.54302978515625 -17.26104164123535 -0.5349762439727783
-33.035953521728516 41.5326042175293 -56.96288299560547
10.87671947479248 -40.36030197143555 89.07299041748047
-10.106963157653809 40.80659103393555 -36.08335494995117
39.854007720947266 -25.220809936523438 -66.19901275634766
35.346431732177734 -36.0680046081543 -60.506370544433594
-15.166411399841309 45.988563537597656 -37.384559631347656
38.049747467041016 -2.6093900203704834 -34.87800216674805
33.49087142944336 -23.23549461364746 2.2863991260528564
-35.2639045715332 47.38290023803711 -82.82416534423828
-15.749279975891113 14.29534912109375 0.07399111241102219
-34.99965286254883 18.60757827758789 -28.38718605041504
-37.160179138183594 -41.2703742980957 75.52037811279297
-18.314727783203125 -44.92179489135742 -24.98033905029297
16.871387481689453 8.202713966369629 -1.106751799583435
-40.08708953857422 13.035628318786621 -60.620635986328125
36.4378662109375 -39.467350006103516 -44.3064079284668
-42.052589416503906 37.74079132080078 -2.240708589553833
-38.663055419921875 34.323944091796875 -3.9903717041015625
-35.829036712646484 25.555801391601562 -66.45221710205078
-35.57054901123047 -46.2617073059082 1.3398874998092651
33.587154388427734 -49.88302230834961 83.45797729492188
27.818984985351562 45.90095901489258 0.347774863243103
-35.183536529541016 46.70454406738281 -18.26438331604004
21.99530792236328 -39.172935485839844 78.2625503540039
33.82728958129883 47.52409744262695 -61.35444259643555
27.87823486328125 45.469669342041016 -58.056396484375
32.04849624633789 -5.423315525054932 0.024091066792607307
-12.566607475280762 -41.18941116333008 96.75975036621094
17.11330795288086 40.33171463012695 -39.595603942871094
-34.45117950439453 -40.810325622558594 -50.34781265258789
6.345222473144531 -24.698974609375 2.207366704940796
-35.819313049316406 -35.543052673339844 -65.73411560058594
-22.860122680664062 16.871118545532227 0.09439923614263535
-40.373451232910156 2.262300491333008 -33.215450286865234
-28.876779556274414 17.251914978027344 0.663281261920929
-11.078412055969238 13.629892349243164 0.693023681640625
-39.31755065917969 43.77729797363281 0.5644508004188538
-33.87427520751953 -41.40886306762695 58.91880798339844
-0.9566128253936768 -43.90762710571289 35.46527862548828
-17.056737899780273 3.4658429622650146 -0.6976624727249146
38.235809326171875 -45.69303512573242 50.048343658447266
-31.379009246826172 -43.02799606323242 -20.6223087310791
12.035712242126465 1.6487483978271484 -0.004414364229887724
34.160213470458984 5.743758201599121 -30.90327262878418
-34.566078186035156 -41.195865631103516 64.62579345703125
36.17063903808594 -40.720069885253906 -25.51375389099121
36.63215637207031 40.36457824707031 -84.66387176513672
36.7636604309082 -16.82583236694336 -6.693833351135254
36.81428909301758 -44.2606201171875 -97.48917388916016
39.58625411987305 27.869606018066406 -31.032821655273438
-39.8272590637207 47.07789993286133 -78.21308898925781
-38.65683364868164 -43.05012893676758 -84.88072204589844
39.04212951660156 31.188610076904297 -33.70948028564453
-18.407480239868164 -45.17948532104492 -50.613685607910156
-1.7910847663879395 -12.71496868133545 2.0552093982696533
-33.77165222167969 22.73273468017578 -64.0838851928711
-41.006656646728516 -40.98527145385742 19.37510871887207
3.7981085777282715 -17.316692352294922 -1.088346242904663
-36.67247009277344 -46.00756072998047 -11.585628509521484
-13.171998023986816 -41.346435546875 -0.7452421188354492
-14.397811889648438 -41.00969696044922 4.767197608947754
-12.327340126037598 -43.4866828918457 30.347002029418945
-26.369665145874023 43.15922927856445 -55.380775451660156
45.403507232666016 -40.987422943115234 91.0127944946289
41.38068771362305 -47.69557189941406 89.27983856201172
7.65572452545166 -31.801965713500977 2.178021192550659
-14.33676528930664 39.053688049316406 1.7470368146896362
-2.2271969318389893 -43.669578552246094 1.6139683723449707
-1.8846689462661743 -42.25508117675781 3.526405096054077
21.32570457458496 43.363441467285156 -54.084712982177734
-40.14738464355469 -38.9499397277832 81.94190979003906
-33.563377380371094 -44.13640213012695 18.665119171142578
37.22761535644531 -46.83674240112305 -3.039501428604126
40.6602897644043 -44.66677474975586 42.988014221191406
36.54814147949219 43.39259719848633 -88.34481811523438
38.13945388793945 -12.009645462036133 -58.60661315917969
-33.794864654541016 17.80368995666504 -63.25168228149414
-19.984975814819336 -39.93086624145508 -25.381912231445312
21.682689666748047 40.3607292175293 0.38091304898262024
4.109231472015381 -11.795665740966797 -0.3909444510936737
-36.226409912109375 41.36958312988281 -1.0111403465270996
-36.53009033203125 -11.563484191894531 -63.87936782836914
-34.17530059814453 46.417236328125 -28.929767608642578
40.08528137207031 -40.286617279052734 37.411094665527344
-38.73942947387695 -30.951414108276367 -60.95896530151367
-37.47929000854492 45.27299118041992 -98.33168029785156
41.011722564697266 -26.04961585998535 2.0976147651672363
3.761312484741211 45.92481994628906 2.7185685634613037
-21.608837127685547 -40.570037841796875 84.95954132080078
-8.524955749511719 45.511016845703125 -36.058265686035156
-41.18455505371094 -26.041751861572266 -64.57025146484375
39.14472198486328 -29.14613151550293 -31.396339416503906
-17.068342208862305 -42.03207015991211 4.544112682342529
-17.667926788330078 -43.92120361328125 2.098428726196289
10.769912719726562 -40.9158935546875 96.2101058959961
-8.609885215759277 -40.84487533569336 -0.7952110171318054
-10.312921524047852 -41.308902740478516 5.267025947570801
16.047000885009766 1.4831563234329224 1.7432913780212402
-26.905302047729492 -40.65407180786133 82.4347915649414
11.621055603027344 8.20493221282959 -0.3002512454986572
-37.17403793334961 -4.967057704925537 -31.30280303955078
-35.45853805541992 40.78338623046875 -26.913429260253906
-35.36746597290039 21.227720260620117 -66.1527328491211
37.70650863647461 42.38682556152344 -0.07769893109798431
21.177831649780273 -44.250892639160156 57.403045654296875
-36.52152633666992 -15.678709983825684 -28.770309448242188
-29.760299682617188 5.763139724731445 -1.121071696281433
22.772106170654297 -45.174190521240234 -22.162555694580078
38.28135681152344 -40.094078063964844 -67.94091796875
-38.15781021118164 23.15534210205078 -30.082841873168945
-25.747709274291992 -44.107418060302734 36.296142578125
-36.32698440551758 -42.751712799072266 13.634839057922363
-20.905969619750977 -43.542301177978516 58.67681121826172
-34.59287643432617 -14.260798454284668 -64.88441467285156
-35.99372100830078 -12.63000202178955 -3.783489465713501
-21.9161376953125 -39.28403091430664 90.41690826416016
39.72807693481445 3.4343855381011963 -59.89160919189453
-37.26713180541992 -31.442790985107422 -29.17300796508789
-38.43183898925781 -39.10368728637695 -24.70474624633789
-8.350289344787598 -44.617549896240234 33.262996673583984
-11.834567070007324 43.576011657714844 -52.99789047241211
-12.971003532409668 9.812080383300781 -0.8277252316474915
34.88862609863281 10.960898399353027 -63.83687973022461
-41.604183197021484 -8.724455833435059 -63.697444915771484
-25.75843620300293 -44.214012145996094 56.603302001953125
-32.86049270629883 -49.4877815246582 53.803592681884766
-2.7647557258605957 41.86518859863281 -41.15665817260742
-35.395965576171875 -47.18049240112305 9.635361671447754
41.62675476074219 -45.020416259765625 10.629895210266113
20.33363151550293 16.417356491088867 0.07497783750295639
35.88155746459961 -16.723743438720703 -34.06681823730469
-32.965511322021484 49.33042907714844 -99.42255401611328
-19.675743103027344 -44.03280258178711 62.5570068359375
38.04996871948242 -46.4105224609375 -94.09989929199219
35.52281188964844 -45.99422836303711 -14.62150764465332
-43.55712890625 -38.435543060302734 2.6108155250549316
-39.026451110839844 -41.83302307128906 4.970702648162842
31.642608642578125 -45.09349060058594 54.23002624511719
37.113128662109375 36.26272964477539 -60.98516845703125
41.0184440612793 -39.55568313598633 -73.98238372802734
14.885599136352539 43.968013763427734 -3.0165209770202637
-35.357261657714844 -25.628541946411133 -29.521209716796875
-33.443023681640625 41.58989715576172 -14.393449783325195
-29.757225036621094 43.58326721191406 -8.330381393432617
-19.22897720336914 45.92817306518555 -1.2355451583862305
-39.86745071411133 35.411067962646484 -66.01309967041016
-36.7340202331543 13.640080451965332 -58.93758010864258
33.34496307373047 -46.95137023925781 70.0101318359375
-35.409568786621094 -23.176799774169922 -33.69405746459961
-35.55026626586914 -47.486202239990234 67.62845611572266
39.57271194458008 -22.759387969970703 0.056354422122240067
-41.82256317138672 41.88210678100586 -39.610164642333984
36.596309661865234 -23.13050651550293 -33.181053161621094
-35.01634216308594 -20.6680908203125 -29.82280158996582
-39.43059158325195 -3.729060649871826 -58.807044982910156
8.669113159179688 -44.738014221191406 36.03425216674805
12.72828197479248 -41.30080795288086 10.114348411560059
-25.052684783935547 34.5149040222168 0.6300974488258362
25.90665626525879 -40.494728088378906 79.72212982177734
-23.459680557250977 -40.658470153808594 77.98016357421875
-9.76477336883545 43.5060920715332 -58.64543533325195
6.639983177185059 -40.26457214355469 84.75662994384766
-33.47126770019531 -39.69026184082031 -98.1957015991211
-18.19847297668457 -42.616905212402344 -48.42244338989258
36.49897003173828 28.361085891723633 -61.535301208496094
-38.299095153808594 -19.806934356689453 -63.58512878417969
10.045629501342773 42.521080017089844 -56.79079055786133
34.907649993896484 -24.829233169555664 -30.82769203186035
40.49214172363281 -44.345359802246094 3.4374403953552246
-33.80563735961914 -2.454958915710449 -61.19626235961914
7.493199348449707 -7.117754936218262 1.8363335132598877
-4.852787971496582 -39.64548873901367 83.6701889038086
-2.8424763679504395 33.452083587646484 0.567137598991394
-40.624515533447266 -41.942298889160156 -93.5981674194336
18.569705963134766 -25.1427001953125 0.741851806640625
40.477378845214844 -43.7632942199707 46.31229019165039
-32.71343231201172 -44.08598709106445 61.48352813720703
31.987489700317383 -45.479000091552734 31.90013885498047
-12.762650489807129 -40.70570373535156 8.046961784362793
-41.770957946777344 -39.41110610961914 16.191190719604492
33.98073196411133 40.24162673950195 -82.48834991455078
16.784738540649414 -44.72249984741211 33.55820846557617
39.839107513427734 22.98174285888672 -29.27642059326172
39.512359619140625 36.70041275024414 -0.9462943077087402
40.856163024902344 -44.0810546875 -8.150274276733398
19.78864288330078 -31.98104476928711 0.9360694885253906
36.249088287353516 30.1552791595459 -34.407081604003906
24.6917781829834 -45.85675811767578 -22.271860122680664
-10.916890144348145 -44.353782653808594 -55.93984603881836
8.549432754516602 -26.50515365600586 1.949023962020874
2.1638565063476562 -8.648630142211914 0.9582430720329285
-40.81401443481445 39.872215270996094 -43.11013412475586
37.69602584838867 32.14643859863281 -6.847650527954102
28.304536819458008 -23.829877853393555 0.5485289692878723
37.52792739868164 -7.830146312713623 -59.64146423339844
40.86290740966797 41.75288391113281 -64.55546569824219
-34.021690368652344 -25.672544479370117 1.2859218120574951
-32.98558044433594 -48.35101318359375 59.54530334472656
39.53778076171875 47.25772476196289 -81.46128845214844
27.322694778442383 -12.570720672607422 0.3786032199859619
-12.037867546081543 -3.557966947555542 -1.1922943592071533
-11.891496658325195 -45.468170166015625 55.47557067871094
-33.2603874206543 -38.61233901977539 -76.5277328491211
-11.138371467590332 48.01346206665039 0.9535483121871948
37.03809356689453 41.64027404785156 -79.37762451171875
35.68384552001953 -30.949708938598633 -32.31983184814453
-40.336158752441406 -38.133216857910156 -45.229679107666016
-22.698928833007812 -41.56599044799805 77.56861877441406
-43.95901107788086 32.81047821044922 1.9604367017745972
34.53681564331055 -39.98247146606445 -13.832334518432617
29.814105987548828 -41.16252899169922 -8.084518432617188
32.337074279785156 42.73214340209961 -56.698280334472656
41.703250885009766 -41.46733474731445 75.68518829345703
-40.63811111450195 -43.366878509521484 82.0340347290039
41.79773712158203 43.6148681640625 -48.307395935058594
-4.927893161773682 -40.857032775878906 -3.8014328479766846
-32.91568374633789 -8.555943489074707 0.131723091006279
-40.02245330810547 -27.993345260620117 -65.8228530883789
-40.29863739013672 25.263715744018555 -28.608415603637695
13.208138465881348 39.85506057739258 -41.724647521972656
-32.28150939941406 46.599578857421875 -6.98771858215332
-33.1490478515625 50.85088348388672 0.6897056102752686
-2.0041329860687256 40.18882369995117 -37.76079177856445
-16.48711395263672 27.190963745117188 0.513165295124054
-17.564023971557617 41.30662536621094 -35.662837982177734
-3.8096563816070557 44.43889617919922 -54.69255828857422
0.8280240893363953 5.079559326171875 0.5496733784675598
16.94923210144043 -40.88081741333008 91.4586181640625
4.2265801429748535 36.21025848388672 -0.340594083070755
-40.974517822265625 -47.52693557739258 88.82147216796875
-45.9250602722168 -42.11359405517578 93.38094329833984
12.562479972839355 36.80057907104492 0.781585693359375
4.3394317626953125 -40.93173599243164 93.71690368652344
-23.062047958374023 27.549917221069336 2.083631992340088
38.38025665283203 14.372026443481445 -1.3592792749404907
-9.631275177001953 -40.3006706237793 85.41250610351562
37.56390380859375 -9.347978591918945 -1.7553209066390991
35.03190612792969 -43.242794036865234 -89.37828063964844
