-132.9160919189453 -4.144629955291748 127.82231140136719
27.720741271972656 -25.101350784301758 236.4566650390625
-113.53500366210938 2.7826967239379883 114.34860229492188
-115.35313415527344 6.230319976806641 120.88810729980469
-103.82085418701172 -1.906766653060913 71.58563232421875
-105.19062805175781 1.9775779247283936 67.84513092041016
-99.71842193603516 -1.930267095565796 66.32310485839844
-71.24303436279297 -8.682177543640137 81.90889739990234
-70.66497802734375 -1.9254671335220337 83.35224914550781
-77.5475845336914 -2.642310380935669 127.76893615722656
-74.0322036743164 -8.240824699401855 134.6397247314453
-62.68347930908203 5.57196569442749 91.49584197998047
-70.38278198242188 11.395739555358887 86.01988983154297
99.85347747802734 20.895767211914062 160.61846923828125
-136.74046325683594 -3.287308692932129 147.55987548828125
-128.29434204101562 2.1306817531585693 61.24637222290039
74.026123046875 2.183619737625122 53.084747314453125
69.57012939453125 -25.656675338745117 211.5272216796875
-80.56231689453125 11.533387184143066 75.65259552001953
87.20539855957031 8.448485374450684 158.1223907470703
-79.99909973144531 4.1128363609313965 92.97627258300781
-90.67658996582031 -1.8833153247833252 96.39637756347656
-82.99613952636719 2.00935959815979 99.03335571289062
70.68229675292969 25.923206329345703 213.28695678710938
-117.52322387695312 -1.9640473127365112 87.31900787353516
-117.254150390625 0.7296372056007385 37.697689056396484
-97.08775329589844 1.354610800743103 117.98756408691406
-100.07747650146484 4.439199447631836 125.96998596191406
-98.00333404541016 11.666300773620605 130.6248321533203
121.05130767822266 16.577306747436523 155.48605346679688
-40.838191986083984 4.189850330352783 177.88052368164062
-138.58042907714844 10.770734786987305 144.46969604492188
72.65921783447266 25.339366912841797 231.68812561035156
79.63090515136719 5.053804397583008 48.78052520751953
57.285099029541016 19.378610610961914 208.1405792236328
-103.92426300048828 0.3294476270675659 112.08396911621094
-112.6424560546875 9.591188430786133 106.17088317871094
-39.56450653076172 0.9111320376396179 167.39796447753906
150.8740997314453 4.9209065437316895 99.7510986328125
-97.33343505859375 1.9825615882873535 99.35773468017578
137.43536376953125 -1.3527036905288696 125.93281555175781
65.7681884765625 25.2879695892334 217.87564086914062
45.146297454833984 23.403913497924805 239.52940368652344
75.55018615722656 4.327567100524902 66.30502319335938
162.55517578125 4.321604251861572 89.67304992675781
36.768524169921875 -24.71830177307129 238.9817352294922
9.813070297241211 13.07398796081543 47.947509765625
-64.39949798583984 14.178682327270508 137.42514038085938
78.420166015625 -11.54316520690918 173.9962615966797
126.23637390136719 5.952727317810059 157.20118713378906
114.02349090576172 -23.6834659576416 193.27188110351562
-38.16489791870117 2.979583263397217 160.4005889892578
-126.044921875 3.178445339202881 98.53590393066406
-134.8024139404297 6.254979610443115 101.93038940429688
102.3863296508789 6.469161510467529 91.71880340576172
99.98561096191406 1.8710931539535522 90.85875701904297
-64.6842041015625 -2.7899277210235596 30.136804580688477
-115.28021240234375 1.7947038412094116 46.61924743652344
-119.87214660644531 4.5567097663879395 44.87767028808594
4.364622116088867 -1.8851650953292847 96.73958587646484
69.43540954589844 -25.984676361083984 221.1156768798828
-123.79596710205078 -0.04373541101813316 104.41910552978516
-129.22442626953125 -5.8230180740356445 110.61050415039062
87.38011169433594 0.4060036540031433 129.6023406982422
-75.1203842163086 -3.5706276893615723 124.9720687866211
-73.0640869140625 -4.028675556182861 115.03621673583984
108.92313385009766 -1.9286009073257446 88.91848754882812
108.06610107421875 -6.710055828094482 84.98064422607422
114.62317657470703 1.982893943786621 88.19971466064453
105.2702865600586 1.9820877313613892 85.45989227294922
107.03861999511719 -1.7502702474594116 78.70255279541016
-138.14144897460938 -1.372352123260498 103.08468627929688
-131.63299560546875 -3.3655850887298584 96.68932342529297
81.61346435546875 -1.0349327325820923 151.30506896972656
-116.58384704589844 -12.1780366897583 108.4480209350586
-69.7308120727539 -7.900489807128906 67.67848205566406
-68.72224426269531 3.2198290824890137 60.27470016479492
-67.326171875 1.8884212970733643 65.13145446777344
-68.160888671875 -1.9312405586242676 58.57166290283203
-68.25462341308594 -4.291947841644287 59.95146179199219
-98.52638244628906 -10.403480529785156 86.84642028808594
-108.37245178222656 -1.8745269775390625 39.80318069458008
-111.62501525878906 -5.1937971115112305 37.39396667480469
159.2770233154297 -0.6644093990325928 65.75286865234375
-39.2747917175293 -14.354727745056152 134.1778106689453
-89.09871673583984 5.155341148376465 79.51344299316406
-91.90108489990234 -4.396905422210693 74.23393249511719
-99.63652801513672 -1.9657903909683228 76.77303314208984
-93.35220336914062 -1.9141615629196167 76.31675720214844
-102.7555160522461 1.976971983909607 75.02213287353516
-92.7907485961914 1.9688841104507446 80.12214660644531
-90.7708511352539 -1.8636748790740967 76.03889465332031
-89.15836334228516 1.9710441827774048 77.01556396484375
-96.09390258789062 1.9499175548553467 77.19090270996094
-51.64509582519531 5.514378070831299 98.41040802001953
-87.13508605957031 -11.57282543182373 78.54499053955078
-90.18413543701172 -6.0931901931762695 71.70530700683594
-90.07447814941406 -8.50464916229248 77.29006958007812
89.78109741210938 -22.309463500976562 181.83721923828125
128.57376098632812 5.2526421546936035 116.76600646972656
20.046062469482422 1.0814841985702515 90.44610595703125
16.412799835205078 6.2634758949279785 86.94830322265625
126.8261489868164 -2.704279899597168 193.72442626953125
66.4686279296875 25.382097244262695 211.21542358398438
-86.3306884765625 -7.831409454345703 79.87269592285156
-85.77326965332031 5.161705493927002 77.43553161621094
-88.38945770263672 -3.4720098972320557 73.8335952758789
-84.64198303222656 -1.8821946382522583 71.65754699707031
-84.60505676269531 1.9739456176757812 77.95238494873047
-84.68711853027344 1.9380160570144653 73.16716003417969
-87.31172943115234 1.9530433416366577 83.7822265625
-90.61270141601562 -1.9241156578063965 79.80281829833984
-85.75684356689453 -1.8256248235702515 80.49584197998047
-89.19769287109375 3.5715508460998535 84.35260009765625
83.284423828125 4.317080020904541 139.3303985595703
89.32730102539062 7.5480523109436035 150.68849182128906
-115.66227722167969 -1.90106201171875 57.00830078125
-112.71455383300781 1.9807626008987427 49.40113067626953
-27.608915328979492 7.498594760894775 94.58086395263672
-100.11001586914062 4.762944221496582 134.12258911132812
-98.55034637451172 2.2388644218444824 128.49441528320312
-142.6292266845703 -2.444690227508545 96.49620056152344
56.395606994628906 -23.548486709594727 205.8981170654297
13.75198745727539 -7.618505954742432 79.93711853027344
-4.393775463104248 -11.46484088897705 76.90345001220703
1.1185890436172485 -6.277498245239258 78.82124328613281
16.74798583984375 -5.516809463500977 85.69612121582031
-61.59513854980469 -2.2949140071868896 109.57450103759766
101.94902038574219 -25.819223403930664 177.7299041748047
-32.50243377685547 6.120367050170898 58.207496643066406
-87.44213104248047 4.662644863128662 126.3077621459961
-89.31015014648438 0.7557349801063538 119.79083251953125
-90.53778839111328 -4.723979949951172 125.94267272949219
-78.04187774658203 -2.175905466079712 126.21971130371094
-21.25350570678711 -21.576318740844727 102.22152709960938
-90.67902374267578 -1.9679995775222778 60.4160270690918
-84.10313415527344 -1.9582256078720093 67.87902069091797
-79.30193328857422 1.933421015739441 59.84623718261719
-83.51044464111328 -1.9216216802597046 58.73953628540039
-87.63087463378906 2.0162103176116943 59.42881393432617
-93.61651611328125 2.1286404132843018 59.966827392578125
-16.429336547851562 1.5443122386932373 106.21922302246094
-8.466464042663574 5.560740947723389 53.26356887817383
-41.41484832763672 -7.9967474937438965 130.9055938720703
153.54222106933594 -3.0047805309295654 53.1748046875
30.295665740966797 0.5216431617736816 100.01530456542969
119.49275207519531 -3.07879900932312 127.9208755493164
155.83119201660156 -3.0114972591400146 44.30382537841797
-140.6177978515625 -2.987123727798462 99.53253173828125
-104.17798614501953 1.9556045532226562 85.53781127929688
-90.93159484863281 -1.7768317461013794 91.44599151611328
-100.09741973876953 -1.902585744857788 88.50093841552734
-98.9806137084961 -8.328178405761719 88.73837280273438
-94.7818832397461 1.9723831415176392 88.63397979736328
-105.53148651123047 -1.7304465770721436 80.61490631103516
-111.5453109741211 1.951796293258667 93.14665222167969
-114.49642944335938 5.233048915863037 103.52864837646484
-114.8507080078125 8.298420906066895 101.39559936523438
138.31915283203125 -0.5417149662971497 34.7268180847168
136.50518798828125 -1.9351422786712646 39.743408203125
-72.74454498291016 -6.064587593078613 94.4810791015625
-73.6438980102539 -3.096977949142456 103.9032974243164
-70.45846557617188 0.6552168130874634 106.98863220214844
-68.0074234008789 7.0885186195373535 97.919189453125
6.539282321929932 11.214604377746582 53.93959426879883
10.881693840026855 16.84005355834961 50.8792610168457
-8.971064567565918 -6.949892044067383 77.83085632324219
-63.86342239379883 -2.004256248474121 87.31376647949219
-64.08744049072266 -7.968967437744141 80.94293212890625
157.67933654785156 4.492075443267822 88.19120025634766
123.54060363769531 -2.2326157093048096 149.1484832763672
-42.867488861083984 -5.155388355255127 56.2768440246582
70.94512939453125 4.141000747680664 175.97447204589844
77.28231811523438 7.435451030731201 178.00238037109375
71.29981231689453 4.459050178527832 183.4979248046875
137.40110778808594 -0.017363255843520164 110.88595581054688
107.7605209350586 6.559170246124268 84.85592651367188
-106.18187713623047 -3.226595878601074 28.271366119384766
-31.18039321899414 9.15384578704834 131.28518676757812
116.85765838623047 -5.277320861816406 116.99755859375
-98.71643829345703 2.3646068572998047 24.577863693237305
20.042802810668945 -1.4992070198059082 89.34469604492188
89.50861358642578 -1.9235249757766724 54.61756134033203
81.11829376220703 4.948853969573975 57.75373458862305
95.76415252685547 1.9492692947387695 48.4494514465332
91.3453598022461 2.0938878059387207 64.27764892578125
93.59449768066406 -4.989669322967529 104.01836395263672
101.37084197998047 -1.9123817682266235 102.52442932128906
-30.042943954467773 -7.606575965881348 82.34100341796875
-29.669139862060547 -14.330695152282715 135.28260803222656
-86.37359619140625 -0.25448140501976013 127.76252746582031
-86.67928314208984 3.2179877758026123 133.57138061523438
-32.89852523803711 -13.882397651672363 135.59239196777344
-68.6280288696289 -9.352577209472656 137.441162109375
127.09928131103516 -4.624048709869385 196.48423767089844
-18.04283332824707 7.15589714050293 94.39090728759766
-13.68107795715332 7.827530384063721 92.33065795898438
77.84760284423828 -12.021602630615234 179.49301147460938
-17.394153594970703 -13.333251953125 102.20538330078125
-22.773359298706055 -2.167313814163208 113.99849700927734
-138.34674072265625 14.013036727905273 144.0232391357422
-65.8801040649414 5.817073822021484 42.182247161865234
-135.23680114746094 -10.560415267944336 146.5069122314453
83.6191635131836 -2.7487292289733887 46.09838104248047
-70.63729095458984 7.615700721740723 63.20051193237305
-72.01744079589844 1.996636986732483 52.31757354736328
-122.89869689941406 -1.9247926473617554 71.52130889892578
-130.23989868164062 0.23566560447216034 79.28589630126953
98.61576080322266 -4.260252475738525 142.18936157226562
-130.0278778076172 -12.60920238494873 140.27828979492188
-137.8512725830078 -2.6711957454681396 143.48619079589844
-106.0576171875 -1.8878329992294312 62.58816146850586
-94.22329711914062 2.0381293296813965 58.624996185302734
-101.26771545410156 2.026904344558716 61.04718017578125
-109.34771728515625 1.9724245071411133 66.74005126953125
-97.51134490966797 -1.882893681526184 59.244873046875
-47.344810485839844 3.2603888511657715 85.39686584472656
-48.20298385620117 7.2640604972839355 88.27204132080078
-111.08990478515625 -10.708467483520508 99.8724136352539
-103.04362487792969 -5.593785762786865 108.61927795410156
-116.1131591796875 -5.292369842529297 101.645263671875
-116.15660095214844 10.49270248413086 110.7787094116211
-118.67437744140625 4.883951187133789 107.67405700683594
-126.1173095703125 6.709540843963623 118.90056610107422
-122.42689514160156 5.61671257019043 116.33661651611328
-138.1217041015625 -4.540998458862305 146.0053253173828
110.905029296875 2.0092508792877197 44.476253509521484
95.20347595214844 -1.5640795230865479 39.535560607910156
97.73674011230469 1.9477511644363403 50.30600357055664
103.38530731201172 -1.9450911283493042 44.051090240478516
-83.15904998779297 -4.745782852172852 125.70075225830078
-83.05062866210938 -3.2798914909362793 115.5481185913086
-143.59896850585938 -0.40862247347831726 91.91526794433594
-137.8765869140625 -0.6959481835365295 84.16673278808594
113.873046875 23.071924209594727 176.88580322265625
-69.07344818115234 -12.284446716308594 133.07119750976562
-76.58977508544922 -3.478123664855957 28.40775489807129
-25.989070892333984 0.27100905776023865 123.27029418945312
-29.672266006469727 5.766512393951416 131.0013427734375
-90.67778778076172 -1.879849910736084 104.20418548583984
-86.1961898803711 1.1453289985656738 110.97508239746094
-100.07295989990234 12.025962829589844 88.16403198242188
-125.84954071044922 -0.28322833776474 37.001312255859375
96.57406616210938 1.924239993095398 94.39603424072266
90.85272216796875 -1.9120436906814575 87.85518646240234
100.56526947021484 -6.682718753814697 94.41819763183594
103.55994415283203 -1.920629620552063 98.40977478027344
86.9289779663086 -5.616551876068115 95.69129180908203
3.9841248989105225 -3.7365925312042236 55.50798034667969
3.884141445159912 7.146608352661133 57.73931121826172
79.7536392211914 -15.552419662475586 176.3340606689453
-12.847990989685059 6.2792253494262695 64.88612365722656
-12.737088203430176 -6.383528709411621 64.19509887695312
-18.901199340820312 -7.067697048187256 62.73611068725586
-11.053831100463867 6.750026702880859 58.27738571166992
118.78199768066406 -3.405407667160034 72.37132263183594
129.25396728515625 1.895282506942749 74.42855072021484
119.46573638916016 1.5917173624038696 68.23833465576172
125.75650024414062 1.8969274759292603 69.70877838134766
123.19695281982422 1.9924381971359253 66.94522857666016
131.91226196289062 -1.419237732887268 29.594873428344727
-112.7513427734375 -0.4710620641708374 126.14273071289062
-106.83133697509766 -3.118168830871582 117.70943450927734
-113.56059265136719 12.023898124694824 104.34872436523438
127.05530548095703 8.839940071105957 186.9123077392578
-46.9825553894043 -11.747320175170898 133.4872589111328
-97.28275299072266 -1.7242735624313354 137.55291748046875
-31.452241897583008 -0.176356241106987 131.90573120117188
-13.205825805664062 7.872761249542236 95.06478118896484
-12.390299797058105 7.655543327331543 92.65058135986328
-2.7475461959838867 3.87024188041687 97.03141784667969
-2.3821659088134766 5.900050640106201 91.10523986816406
101.34305572509766 2.48132586479187 125.85636901855469
102.0562973022461 1.480208158493042 139.1243438720703
91.08281707763672 2.7252037525177 127.22789764404297
88.27843475341797 6.067046642303467 128.07183837890625
111.86341857910156 1.977585792541504 47.36473083496094
118.5906753540039 -1.8679940700531006 45.80904769897461
124.40633392333984 1.995544672012329 47.86731719970703
21.31182861328125 12.316658973693848 55.43587112426758
16.39665412902832 7.983783721923828 64.20697784423828
-120.27745056152344 10.182270050048828 137.27896118164062
65.06562042236328 1.9490286111831665 190.60609436035156
-35.1349983215332 3.108678102493286 156.5753631591797
155.42242431640625 4.55340576171875 42.65925979614258
-67.83821105957031 -4.74226188659668 111.29302978515625
104.76031494140625 -12.805794715881348 147.36245727539062
114.30522155761719 -7.190934181213379 80.21187591552734
78.70687866210938 2.901968002319336 111.14743041992188
142.10690307617188 3.1504876613616943 30.48185920715332
120.75157928466797 -20.780698776245117 172.35577392578125
-52.086666107177734 5.776115417480469 178.61941528320312
75.36475372314453 -2.298144817352295 162.49029541015625
16.096097946166992 -7.102360248565674 87.13084411621094
116.67416381835938 2.8464064598083496 127.14213562011719
117.37312316894531 0.4239640533924103 118.15860748291016
-9.553064346313477 -5.617377758026123 92.73036193847656
-16.169214248657227 -11.627381324768066 100.93731689453125
-146.5692138671875 -0.318817138671875 78.29261779785156
-139.45840454101562 1.828538417816162 78.32940673828125
-70.11331939697266 -14.291748046875 137.4458770751953
-106.38329315185547 -1.9431921243667603 99.6056900024414
-114.52713775634766 3.074658155441284 103.09015655517578
-114.47349548339844 1.7531375885009766 96.24989318847656
114.9654769897461 7.556447505950928 144.04177856445312
61.71028137207031 1.70255708694458 63.152984619140625
70.00287628173828 1.964331865310669 60.69165802001953
-118.79205322265625 -2.209050178527832 71.54391479492188
-35.21007537841797 -7.24945068359375 72.09270477294922
-27.357297897338867 7.112036228179932 67.72684478759766
-19.44637680053711 6.016985893249512 71.2253189086914
156.38352966308594 0.035969194024801254 54.269615173339844
71.90784454345703 -0.5328736305236816 142.50157165527344
91.78233337402344 -5.694638729095459 151.98873901367188
153.84927368164062 0.42019546031951904 82.2999267578125
146.64138793945312 -1.9550756216049194 87.9213638305664
78.82677459716797 -4.646634578704834 76.14857482910156
61.273216247558594 -0.042414624243974686 133.1555938720703
-85.02396392822266 7.891303539276123 83.7784652709961
-85.87995147705078 1.908614158630371 88.67910766601562
98.66520690917969 -2.5161592960357666 31.783052444458008
130.74534606933594 0.9853962063789368 168.05360412597656
-93.3874740600586 11.67282772064209 82.69184875488281
129.82762145996094 -5.267089366912842 26.694828033447266
-82.75617218017578 -12.473750114440918 79.7444839477539
-76.90799713134766 -12.249446868896484 85.19490814208984
139.84805297851562 -1.8835761547088623 84.03287506103516
-128.7368927001953 -12.869608879089355 142.01528930664062
-135.46372985839844 -2.224146842956543 52.639366149902344
-88.69733428955078 -8.17042350769043 134.64395141601562
-84.12408447265625 -4.630481719970703 127.27251434326172
-15.96102523803711 6.4735612869262695 77.60948944091797
-5.551545143127441 12.617138862609863 76.78330993652344
-56.114322662353516 4.121089458465576 59.10158920288086
121.19158935546875 -17.489221572875977 190.7673797607422
97.7626724243164 -1.8510082960128784 83.74929809570312
94.17955780029297 1.9641255140304565 78.48371887207031
102.40794372558594 1.907036304473877 88.17355346679688
-90.9561538696289 12.461427688598633 83.42777252197266
135.99771118164062 1.9483530521392822 66.79537963867188
136.8536834716797 -2.119980812072754 61.04574966430664
81.34072875976562 3.240131139755249 81.13166046142578
84.51533508300781 -5.9197492599487305 114.2996597290039
-62.15289306640625 -5.090505123138428 181.43812561035156
-5.773775100708008 8.727397918701172 75.95855712890625
-131.2473907470703 -5.729054927825928 74.24698638916016
-79.48346710205078 -4.726776123046875 79.671142578125
-80.58198547363281 -8.232807159423828 78.3086166381836
-83.45915985107422 3.6267826557159424 76.87996673583984
-79.34529113769531 -1.9024466276168823 78.20022583007812
-79.41372680664062 1.9436419010162354 74.5989761352539
-82.8198471069336 1.9001758098602295 79.55525970458984
-79.25606536865234 3.926475763320923 73.9829330444336
-82.36028289794922 -1.7481731176376343 71.91311645507812
76.90538787841797 -26.96045684814453 243.9521484375
-43.90808868408203 3.4805898666381836 100.78744506835938
-38.60732650756836 7.447334289550781 91.90579986572266
57.36170196533203 -0.8078427314758301 210.6341552734375
58.739013671875 4.564120769500732 208.8354034423828
21.24677276611328 13.800226211547852 55.755279541015625
-99.63703918457031 1.9687542915344238 69.31339263916016
-97.95188903808594 1.8919557332992554 73.65583801269531
-93.35530090332031 5.372921943664551 72.96348571777344
11.59505558013916 7.3458967208862305 65.9664306640625
7.189111709594727 5.973576545715332 69.98625946044922
14.918179512023926 3.4170405864715576 63.430660247802734
14.60573959350586 -3.650576591491699 63.03460693359375
-113.19602966308594 -8.600329399108887 134.18031311035156
144.1002197265625 -1.8497192859649658 86.58551788330078
-134.77198791503906 -0.4665640592575073 71.688720703125
-144.9297637939453 -5.794961452484131 70.43380737304688
-122.22391510009766 -1.0818266868591309 121.8673095703125
146.78834533691406 -2.90871262550354 43.71400833129883
15.877965927124023 11.363738059997559 52.0799560546875
-37.520606994628906 -0.6741784811019897 146.152587890625
-42.156166076660156 -2.409217596054077 136.59690856933594
-0.31313633918762207 -5.856103420257568 54.27920150756836
108.12689208984375 0.961654782295227 109.88805389404297
84.34396362304688 2.710167169570923 131.12693786621094
67.04622650146484 1.9220706224441528 185.02288818359375
130.88841247558594 -4.666254997253418 168.0056610107422
139.96331787109375 5.241514682769775 121.63373565673828
144.583740234375 2.652674436569214 113.9641342163086
-119.98798370361328 11.140419006347656 132.05380249023438
70.33222961425781 2.9171135425567627 100.5726089477539
138.40655517578125 -2.240509510040283 124.35604858398438
-41.19493865966797 7.854214668273926 77.98186492919922
-44.5406379699707 3.7277164459228516 80.20955657958984
-66.29230499267578 0.017295358702540398 138.7322998046875
64.56815338134766 -6.290980815887451 62.64764404296875
9.661667823791504 11.277488708496094 53.01875305175781
-147.7056121826172 1.5334055423736572 67.72303009033203
-139.85089111328125 4.295945167541504 67.47417449951172
109.41960906982422 -1.896207571029663 54.853092193603516
104.01258087158203 1.9773004055023193 56.87131118774414
113.45699310302734 1.9941619634628296 53.423709869384766
-34.284976959228516 7.397580146789551 77.23324584960938
-20.288301467895508 6.262002944946289 78.05782318115234
83.74641418457031 -12.424004554748535 167.0632781982422
-47.878509521484375 -0.6626862287521362 69.97512817382812
-44.83536148071289 -7.457796573638916 74.51341247558594
-42.638938903808594 7.244433879852295 72.93737030029297
-52.41986846923828 -1.9033162593841553 71.70025634765625
77.12508392333984 2.7171528339385986 44.246273040771484
67.5468521118164 -0.3111267685890198 94.01849365234375
85.78923034667969 11.934026718139648 155.76516723632812
142.80569458007812 4.855827808380127 106.90487670898438
16.05797004699707 -5.9730682373046875 65.54479217529297
84.9569091796875 -3.2619035243988037 91.47755432128906
117.8397445678711 -4.071281909942627 68.85152435302734
113.47749328613281 -2.017683506011963 71.48719787597656
123.19644165039062 -1.9002678394317627 63.29707717895508
124.35492706298828 1.9455984830856323 65.63048553466797
112.49246978759766 -1.91322922706604 68.05210876464844
116.60923767089844 1.9052473306655884 64.4332504272461
114.15624237060547 2.002685785293579 67.21223449707031
121.142822265625 1.9154590368270874 61.28486251831055
31.462053298950195 -2.0040974617004395 102.54279327392578
158.20956420898438 -5.431900978088379 71.28942108154297
147.69888305664062 -2.217104911804199 71.64732360839844
71.74009704589844 22.756032943725586 238.25323486328125
71.89749145507812 23.956783294677734 223.55075073242188
27.821001052856445 23.30712890625 236.3981475830078
52.35127258300781 0.48191124200820923 123.31422424316406
-23.764041900634766 -8.629610061645508 95.67748260498047
87.91551971435547 6.612830638885498 127.83373260498047
-130.82264709472656 5.675727367401123 61.81666946411133
-58.31605529785156 6.168607234954834 135.30841064453125
-16.560733795166016 5.470706939697266 83.20123291015625
-18.444047927856445 -7.874038219451904 91.62127685546875
30.599365234375 2.468902111053467 106.0624008178711
80.10235595703125 -12.306313514709473 178.3492889404297
-1.9421378374099731 -7.353279113769531 97.10197448730469
-1.754474401473999 -7.616998195648193 93.68025970458984
-15.835739135742188 -13.18445873260498 101.19241333007812
-30.13479232788086 13.168475151062012 133.54591369628906
10.401360511779785 -7.1536173820495605 91.70677185058594
-0.46704965829849243 -6.5261616706848145 85.77076721191406
0.9697363972663879 -3.3064799308776855 89.57756042480469
-5.444223403930664 -10.411493301391602 80.11771392822266
83.50477600097656 4.706210613250732 94.83193969726562
-121.31218719482422 -3.0775649547576904 132.12118530273438
-127.40423583984375 -11.124402046203613 139.19635009765625
63.527984619140625 4.28029203414917 64.8739242553711
70.8121566772461 3.443174123764038 61.105079650878906
96.89726257324219 14.907880783081055 151.8350830078125
3.962211847305298 7.505049705505371 64.74942016601562
78.83263397216797 -4.179629325866699 139.3228759765625
80.7774429321289 -5.482646465301514 134.57469177246094
-46.184200286865234 -6.1571269035339355 60.71772766113281
-135.80337524414062 1.246583104133606 119.58391571044922
126.8109359741211 -11.177556037902832 185.77615356445312
76.4018783569336 -24.842226028442383 240.11016845703125
70.05911254882812 -0.1326868236064911 60.52965545654297
-51.3592414855957 5.212189197540283 61.16107940673828
33.69955825805664 -23.30792999267578 234.99623107910156
103.71285247802734 -1.8873225450515747 62.905635833740234
97.98834991455078 1.9815720319747925 66.17542266845703
80.6660385131836 -3.589273691177368 57.325374603271484
86.53535461425781 -1.875688076019287 52.8596076965332
127.81067657470703 11.415643692016602 176.25025939941406
-62.438194274902344 -0.28525787591934204 181.13351440429688
-72.59923553466797 0.2544434070587158 40.90084457397461
-71.12422943115234 2.111252546310425 50.96433639526367
-42.867801666259766 -11.82919692993164 76.37518310546875
86.33526611328125 1.6366976499557495 42.68416976928711
111.13108825683594 16.43684196472168 147.5637664794922
79.2558364868164 -1.5144075155258179 83.21939849853516
134.1641082763672 -2.028932571411133 44.0282096862793
143.38641357421875 -4.6973795890808105 40.12364196777344
147.43429565429688 0.5473710298538208 38.602821350097656
-3.6323647499084473 -4.436244964599609 52.817054748535156
44.54066848754883 23.148418426513672 241.5045166015625
-26.770854949951172 2.5767269134521484 132.703369140625
-29.778181076049805 9.083662986755371 132.8607940673828
-76.2018814086914 8.065693855285645 67.3180923461914
-85.972412109375 1.9738601446151733 66.7320556640625
-81.07451629638672 1.963054895401001 68.91413116455078
-38.51141357421875 -9.125246047973633 135.25094604492188
61.37256622314453 1.463031530380249 205.63096618652344
80.0501480102539 14.9158353805542 181.07754516601562
127.30717468261719 -0.936558187007904 117.38579559326172
164.46409606933594 -2.4760806560516357 62.14827346801758
-131.58116149902344 2.9183497428894043 49.71751403808594
118.62042236328125 -1.915974736213684 91.00009155273438
127.21503448486328 -1.8770211935043335 87.30671691894531
123.87641143798828 1.982180118560791 90.40475463867188
76.8499984741211 25.74070930480957 237.20706176757812
110.187255859375 1.9801740646362305 41.333492279052734
115.61112213134766 1.230379343032837 32.22643280029297
118.59713745117188 -1.8799059391021729 36.25464630126953
-53.61575698852539 -5.377222061157227 95.28268432617188
-51.9022216796875 -7.765389442443848 91.94385528564453
-48.546688079833984 -11.56932258605957 79.17166900634766
-46.91947555541992 13.655295372009277 131.3480682373047
-27.81195068359375 -6.646620750427246 58.5218620300293
-135.2613525390625 1.1390674114227295 46.82258605957031
-11.339912414550781 -6.456448554992676 55.45701217651367
-11.412921905517578 -7.4835357666015625 60.3674201965332
103.57483673095703 16.701536178588867 148.32791137695312
-71.4212646484375 4.326817512512207 28.053050994873047
129.6334991455078 -4.506040573120117 168.1864776611328
75.5303955078125 -2.252588987350464 107.34697723388672
-106.51493835449219 6.2009077072143555 122.45574951171875
-113.51173400878906 10.475016593933105 109.48257446289062
120.38579559326172 -18.04539680480957 161.0800323486328
-26.408769607543945 -5.206689357757568 180.40512084960938
92.85189819335938 4.809470176696777 102.98826599121094
-56.93520736694336 -3.9517645835876465 100.4880142211914
-11.89400577545166 4.4441938400268555 99.7809066772461
78.69673156738281 -4.592901706695557 157.55918884277344
57.2942008972168 -7.055476188659668 209.86984252929688
-77.00076293945312 -8.791829109191895 75.46869659423828
28.789846420288086 -24.05816078186035 238.26348876953125
33.74641799926758 -24.112722396850586 234.7582550048828
-75.62352752685547 8.186613082885742 90.22927856445312
98.46441650390625 6.6074628829956055 99.01380920410156
-39.80147933959961 -8.207087516784668 77.31043243408203
-43.888587951660156 -1.6662319898605347 80.45944213867188
135.11029052734375 2.0343267917633057 125.49639129638672
134.6045684814453 5.041630744934082 33.649696350097656
-109.90351104736328 10.892436981201172 100.3600845336914
33.16255569458008 25.383487701416016 238.78817749023438
-127.70323944091797 -0.47074654698371887 39.40898513793945
62.73543167114258 -0.21550892293453217 196.61373901367188
46.55670166015625 -0.016015833243727684 120.08501434326172
-23.85321044921875 1.346426010131836 112.60723876953125
-28.194507598876953 4.256405353546143 101.28596496582031
70.04214477539062 -0.019125360995531082 186.3369903564453
75.85469055175781 2.124542474746704 180.6925048828125
-87.03539276123047 8.304887771606445 77.64837646484375
-90.58152770996094 6.459390640258789 71.77490234375
-37.53257369995117 -0.7295002937316895 159.8025360107422
-114.89224243164062 1.9549285173416138 65.40219116210938
63.38928985595703 3.9446969032287598 75.69793701171875
72.52639770507812 2.5883493423461914 76.15602111816406
-42.60761642456055 8.172479629516602 99.46437072753906
20.722354888916016 18.524803161621094 54.28577423095703
-131.10769653320312 -4.9363508224487305 63.13526916503906
7.065730571746826 23.27489471435547 47.3941650390625
130.2799530029297 -1.8938857316970825 50.65830612182617
130.2635955810547 1.9571703672409058 59.75410842895508
122.76468658447266 2.0045483112335205 54.48393249511719
-22.827621459960938 -7.748408794403076 85.11857604980469
-14.996137619018555 -3.45210599899292 83.31293487548828
-49.62998962402344 -7.704723834991455 81.1618423461914
-53.407257080078125 -1.0569672584533691 86.46134948730469
-90.60128784179688 -1.8634594678878784 43.79671859741211
-96.13213348388672 1.9753791093826294 52.32419967651367
-84.67251586914062 1.9625694751739502 46.551979064941406
-60.24690628051758 -1.2473254203796387 51.69681167602539
77.9062271118164 0.10976976156234741 56.18550491333008
123.61441802978516 -0.2281714528799057 28.2021541595459
118.62745666503906 -1.867066502571106 32.4669189453125
95.97219848632812 -1.8950799703598022 58.4187126159668
114.57028198242188 -6.552684783935547 142.9132537841797
126.78826141357422 5.1781134605407715 195.7000732421875
-94.29940032958984 -5.455769062042236 31.9125919342041
111.354736328125 3.9861745834350586 126.77667236328125
108.666259765625 4.171122074127197 117.7583236694336
-35.585025787353516 -23.33587074279785 101.70445251464844
-127.52268981933594 2.6764323711395264 88.67914581298828
123.30885314941406 -0.2469671219587326 109.88128662109375
-136.87017822265625 13.781444549560547 146.05691528320312
3.708218812942505 5.442114353179932 78.12675476074219
107.65069580078125 -25.917760848999023 188.06089782714844
104.94224548339844 -23.85952377319336 164.42263793945312
-91.63654327392578 5.403072834014893 30.574316024780273
-71.0091781616211 12.582539558410645 69.14839935302734
-73.81329345703125 11.075496673583984 82.61638641357422
-75.88642120361328 8.232096672058105 88.4993896484375
-29.164108276367188 3.9640915393829346 180.07232666015625
148.61727905273438 1.9614038467407227 63.21588134765625
157.1419677734375 5.041219711303711 65.72248840332031
76.89891052246094 -3.931168556213379 179.08111572265625
-104.82807159423828 -10.115622520446777 91.65812683105469
-93.03475952148438 12.229424476623535 131.6617889404297
-135.3634796142578 5.0200300216674805 122.34454345703125
118.98115539550781 -5.65623664855957 125.41870880126953
119.89070892333984 -3.7337048053741455 120.33860778808594
161.00628662109375 2.076932668685913 97.02838134765625
104.90724182128906 3.1680986881256104 27.639039993286133
135.1944122314453 -1.8741803169250488 81.26567840576172
141.09207153320312 -1.898699164390564 71.64844512939453
137.52993774414062 2.0068178176879883 76.59838104248047
54.24949645996094 -0.37085986137390137 129.41433715820312
-127.55061340332031 3.8006420135498047 127.17251586914062
68.21281433105469 1.5192824602127075 167.04653930664062
-113.087646484375 3.265279769897461 28.187305450439453
17.948747634887695 -5.304575443267822 70.48468780517578
26.57390022277832 25.01877212524414 237.20065307617188
-121.94992065429688 -2.055039882659912 41.857177734375
-116.34870910644531 1.6199487447738647 45.638771057128906
65.8826904296875 -25.24513053894043 247.06175231933594
-17.939014434814453 -17.515338897705078 104.38589477539062
-2.837057590484619 -3.8546178340911865 53.3033332824707
-5.934311389923096 -6.670663833618164 63.386024475097656
-3.8995003700256348 -7.481829643249512 56.83516311645508
-4.297209739685059 6.320267677307129 62.67253875732422
-4.0175957679748535 6.576006889343262 57.136322021484375
-2.920808792114258 3.5895910263061523 52.99016571044922
-129.22344970703125 12.464309692382812 140.63546752929688
-87.68782806396484 -8.466415405273438 84.80257415771484
-86.16867065429688 1.7076295614242554 87.77305603027344
-81.59648132324219 -1.8933708667755127 88.1196517944336
-90.65706634521484 -1.824765920639038 89.69657135009766
145.7824249267578 -1.9537349939346313 55.77668762207031
148.3841552734375 1.8871179819107056 45.88213348388672
-91.2749252319336 0.08503790199756622 70.89208984375
-87.27227783203125 5.266149044036865 77.13046264648438
118.42076110839844 7.345015048980713 71.37345123291016
-84.5019760131836 2.605050563812256 137.1024169921875
107.27814483642578 -1.733559250831604 78.09288024902344
107.44554901123047 1.928477168083191 68.71854400634766
107.71337890625 -1.9154694080352783 71.53942108154297
101.93850708007812 1.9700919389724731 76.22492980957031
87.62263488769531 -1.8214364051818848 34.275421142578125
-66.77945709228516 12.958612442016602 137.2055206298828
-3.5685746669769287 -4.7503814697265625 76.18915557861328
-7.590142726898193 -0.7164766192436218 77.52655029296875
-0.1045391857624054 7.753925323486328 71.55328369140625
55.645896911621094 -23.6060791015625 209.33067321777344
44.00464630126953 24.894935607910156 244.5508270263672
78.95724487304688 4.338868618011475 171.04714965820312
93.87482452392578 2.664896249771118 34.698909759521484
113.6784439086914 -6.891786098480225 77.69853973388672
-21.323877334594727 -7.1046953201293945 77.64937591552734
-26.927352905273438 -7.847073078155518 76.67437744140625
150.44198608398438 0.5922014117240906 106.15339660644531
-126.7857666015625 -3.0433661937713623 54.69799041748047
-22.57990074157715 2.106898307800293 180.66970825195312
102.73218536376953 26.74873924255371 188.38563537597656
62.89461135864258 -0.08182410895824432 70.40512084960938
70.0766372680664 0.27466049790382385 66.32113647460938
90.85794067382812 12.855023384094238 152.85174560546875
100.7783432006836 -11.483439445495605 150.45278930664062
141.65411376953125 -4.395468235015869 31.89500617980957
166.20448303222656 2.8072848320007324 69.68647766113281
-70.88265228271484 -8.951986312866211 73.69242858886719
93.6063461303711 7.686898708343506 152.65499877929688
-47.124691009521484 7.4849371910095215 64.11970520019531
-45.576019287109375 11.138525009155273 73.45010375976562
128.88327026367188 -2.0617856979370117 90.17210388183594
-27.936975479125977 0.8447035551071167 184.694580078125
-90.98275756835938 -1.2552130222320557 28.22110366821289
-55.484310150146484 -4.082464218139648 180.01869201660156
131.2330780029297 2.896307945251465 29.274009704589844
11.07160758972168 -1.469812035560608 89.37290954589844
3.930349588394165 4.806332588195801 83.98954772949219
10.949243545532227 7.128715515136719 87.14078521728516
-121.19249725341797 -9.511646270751953 133.7991485595703
86.37523651123047 -1.2236478328704834 96.2906494140625
85.2994155883789 -1.7421566247940063 91.35214233398438
95.5256576538086 1.9207862615585327 95.30728149414062
89.90434265136719 1.1783716678619385 121.81005096435547
54.528541564941406 25.0216064453125 245.9437713623047
23.18246078491211 -2.2959680557250977 94.1793212890625
-6.0204010009765625 5.6187334060668945 84.58313751220703
86.8498764038086 -19.347339630126953 170.98092651367188
-30.553272247314453 -5.877377033233643 100.50635528564453
-30.74227523803711 3.7873711585998535 101.03511810302734
-25.270517349243164 -1.6698232889175415 109.93087768554688
13.017699241638184 8.849220275878906 48.074134826660156
16.45560646057129 11.414849281311035 49.55255126953125
-92.0354995727539 -5.4469451904296875 31.683462142944336
60.63703918457031 -24.370590209960938 210.4825897216797
53.10594940185547 -25.736452102661133 245.8153076171875
-143.65017700195312 -6.288488388061523 80.53981018066406
86.10984802246094 1.5958410501480103 125.45561981201172
82.25654602050781 -1.4312381744384766 116.48037719726562
70.83615112304688 25.95705795288086 217.51815795898438
69.20700073242188 23.311504364013672 221.5845489501953
-66.98774719238281 -1.0201342105865479 33.81709671020508
-18.918054580688477 -4.0700459480285645 101.93815612792969
-25.446550369262695 4.839385509490967 100.63617706298828
-42.73444747924805 -9.72890853881836 176.8665313720703
-45.77052307128906 -2.9707891941070557 176.23960876464844
-136.94334411621094 2.447535991668701 52.98983383178711
29.689449310302734 -3.038667917251587 106.3044662475586
-129.16180419921875 -8.887874603271484 124.94358825683594
125.0743637084961 -11.272576332092285 159.92250061035156
75.54517364501953 0.5615842938423157 147.13674926757812
85.07659149169922 7.254168510437012 154.4432830810547
-77.42437744140625 2.546513080596924 125.86359405517578
-79.04681396484375 3.014948606491089 117.13118743896484
-78.58381652832031 4.201910018920898 130.8951873779297
-19.686384201049805 6.1156511306762695 57.33643341064453
-17.13884735107422 7.081538200378418 64.25811004638672
115.24935150146484 -23.185293197631836 188.45689392089844
130.49969482421875 -0.7492856979370117 126.2515640258789
129.1529541015625 2.5800716876983643 119.38682556152344
-18.237184524536133 4.6409687995910645 99.3240737915039
-33.78679656982422 -11.367257118225098 132.5582733154297
161.44927978515625 3.221803903579712 58.922054290771484
-108.6182632446289 -1.898853063583374 82.1161880493164
84.04887390136719 -18.552576065063477 179.10301208496094
157.31686401367188 0.21965445578098297 94.90650939941406
149.85072326660156 -1.8612498044967651 89.88648223876953
9.053521156311035 -6.296306610107422 61.64485549926758
2.870845079421997 -6.651285171508789 67.58198547363281
-100.12498474121094 11.416166305541992 134.47653198242188
-67.87060546875 5.442870140075684 90.16402435302734
-61.753807067871094 -1.7781773805618286 88.65660095214844
146.0182342529297 0.14626668393611908 99.75243377685547
146.5542755126953 -1.787186861038208 88.24082946777344
-125.2400131225586 2.8769149780273438 50.25736999511719
-90.76484680175781 11.264577865600586 136.5413818359375
-126.81449127197266 0.0012058771681040525 88.61015319824219
129.9695281982422 2.0902535915374756 83.16046142578125
121.9900131225586 1.9925960302352905 83.50873565673828
116.07929992675781 2.0336802005767822 82.05431365966797
118.64724731445312 -1.9669822454452515 84.48954772949219
118.73535919189453 -1.7171425819396973 141.3724822998047
-119.08588409423828 -9.830952644348145 121.91059875488281
-122.94401550292969 -6.1644368171691895 116.4847412109375
-127.1279525756836 -7.586655616760254 122.7386703491211
-21.090869903564453 -7.720119476318359 65.72113037109375
-14.693764686584473 -6.5679144859313965 70.50945281982422
-5.453330993652344 -11.93047046661377 76.3009033203125
-32.81602478027344 -4.774761199951172 53.973228454589844
75.93630981445312 24.949054718017578 245.06907653808594
-45.976863861083984 -11.118511199951172 76.12504577636719
-59.5706787109375 -12.592460632324219 131.3219451904297
-42.41383743286133 1.5223581790924072 181.7529296875
82.50344848632812 -4.074491500854492 113.5608901977539
83.32093048095703 0.02122010476887226 103.74431610107422
-12.239076614379883 -10.450796127319336 86.19891357421875
-5.7778143882751465 -12.625768661499023 78.12651824951172
-95.17897033691406 4.474425792694092 112.229736328125
-99.07189178466797 1.9830998182296753 106.18814086914062
13.224726676940918 21.7202205657959 49.195003509521484
102.86021423339844 -1.3563133478164673 125.04420471191406
105.18287658691406 -1.1229145526885986 116.79306030273438
-137.63482666015625 3.9654691219329834 145.53379821777344
140.55215454101562 -5.358140468597412 108.87215423583984
92.0138168334961 -21.973936080932617 171.28836059570312
-57.860225677490234 -0.6637416481971741 38.31306457519531
92.20195007324219 -4.552460670471191 38.734134674072266
-45.7511100769043 3.718933582305908 130.80462646484375
112.60018157958984 -17.623371124267578 156.26547241210938
-57.75153732299805 1.6526727676391602 95.5941390991211
-54.86771011352539 7.214896202087402 87.95510864257812
17.82381820678711 -3.99967885017395 67.65238952636719
15.875815391540527 6.135739326477051 69.35688018798828
15.192770004272461 -6.869027137756348 70.68760681152344
11.383307456970215 6.966960430145264 71.98663330078125
158.4735107421875 2.040560007095337 45.745967864990234
-57.37651062011719 5.095732688903809 50.52396774291992
27.9937744140625 24.94986343383789 234.67987060546875
161.6316680908203 -0.6853507161140442 89.03764343261719
-77.6422119140625 7.519379615783691 79.07171630859375
-79.24884033203125 1.9762085676193237 83.35169219970703
-72.76438903808594 -1.8452531099319458 82.12096405029297
-81.0391616821289 -1.7504007816314697 88.69408416748047
125.21830749511719 10.301543235778809 193.87608337402344
90.9317855834961 -4.028886318206787 122.15520477294922
130.34478759765625 -4.375288486480713 177.55975341796875
-91.7747802734375 7.445036888122559 81.86255645751953
-100.75369262695312 2.0019776821136475 81.86642456054688
-93.62066650390625 2.067660093307495 83.73507690429688
-105.5828857421875 1.9932297468185425 75.85356903076172
-114.27762603759766 -12.081016540527344 105.49247741699219
-101.72650909423828 -5.79789400100708 109.21368408203125
77.97266387939453 -1.096193790435791 167.945556640625
-63.65278244018555 -9.912934303283691 135.0958251953125
118.0535888671875 19.500017166137695 189.21182250976562
-35.58574295043945 -4.382927894592285 54.59095764160156
-43.729881286621094 3.9241256713867188 57.09529495239258
17.443866729736328 -4.232889175415039 83.994384765625
15.571221351623535 6.02622127532959 83.14881896972656
7.207106113433838 4.6064958572387695 78.23635864257812
16.621957778930664 0.9627135396003723 87.17208099365234
-120.9478530883789 0.05023539438843727 96.34220886230469
105.72825622558594 -1.8330637216567993 79.23101043701172
102.09425354003906 -1.9236665964126587 71.54729461669922
126.93740844726562 -12.379731178283691 168.07424926757812
82.17959594726562 2.8288674354553223 116.06465148925781
127.80260467529297 2.5633492469787598 34.84309768676758
134.25965881347656 -1.8290376663208008 43.68491744995117
14.334379196166992 -3.6851468086242676 62.30059051513672
80.9024658203125 -0.7412619590759277 94.59420776367188
73.74978637695312 5.942233562469482 100.64319610595703
70.82504272460938 -5.67078161239624 96.5436782836914
62.430973052978516 -23.69391441345215 213.68887329101562
58.892066955566406 -18.582895278930664 209.45819091796875
-116.30670928955078 -1.904959797859192 71.59776306152344
-112.4454574584961 1.9523146152496338 77.7846450805664
124.22076416015625 19.040693283081055 182.9812469482422
126.60990905761719 14.699045181274414 189.21780395507812
55.8127555847168 -27.69508934020996 242.95892333984375
37.62100601196289 2.181628704071045 113.36005401611328
-20.386091232299805 6.973198890686035 90.07083129882812
-14.790977478027344 6.396047592163086 86.60665893554688
-55.072601318359375 7.708087921142578 75.65814971923828
-51.42478561401367 3.012645721435547 74.5212631225586
-55.72591018676758 2.1442794799804688 80.4041748046875
141.73507690429688 4.686568260192871 40.18870162963867
-52.868648529052734 7.885138511657715 78.44463348388672
-50.84952926635742 4.839238166809082 80.35551452636719
136.3236541748047 5.7784223556518555 121.77863311767578
144.57498168945312 4.2153120040893555 112.31725311279297
-108.09898376464844 10.294873237609863 94.99006652832031
-4.8402180671691895 -13.134857177734375 76.73677062988281
23.451902389526367 -0.25658077001571655 99.26622009277344
-140.0237274169922 4.218337059020996 98.759033203125
-133.72305297851562 1.2116129398345947 90.6141357421875
-20.885255813598633 -6.138176441192627 54.39476776123047
125.29073333740234 -8.305017471313477 159.02728271484375
84.34371948242188 10.88652229309082 164.7504425048828
79.6848373413086 2.697125196456909 160.06008911132812
-66.25452423095703 0.40168094635009766 134.95565795898438
-71.56836700439453 0.27949613332748413 124.96485137939453
-122.86802673339844 9.119061470031738 130.3756103515625
-121.79912567138672 12.326620101928711 127.20947265625
-85.24048614501953 10.68949031829834 134.25660705566406
-41.205562591552734 -3.8955321311950684 178.91009521484375
131.80419921875 2.2519264221191406 179.3174591064453
73.98171997070312 -3.5975263118743896 71.90861511230469
-58.206787109375 1.83543860912323 43.270267486572266
130.16671752929688 -5.360114097595215 109.46135711669922
58.62812423706055 14.806455612182617 209.02642822265625
-90.79584503173828 -1.8167797327041626 36.230308532714844
63.85946273803711 -0.911415696144104 83.16638946533203
71.73760986328125 -2.2458016872406006 83.44969177246094
125.32833099365234 2.828819751739502 195.94850158691406
-118.60823059082031 4.172638416290283 132.72689819335938
131.0840606689453 1.9386959075927734 84.26848602294922
125.3753433227539 1.9768152236938477 95.49043273925781
128.8776092529297 -1.7764734029769897 90.23464965820312
86.8983154296875 19.263408660888672 177.64808654785156
-2.4970080852508545 -5.304129123687744 99.09648895263672
-69.1928482055664 8.601566314697266 74.12596130371094
-71.70330047607422 -1.9036715030670166 71.6759033203125
-71.31146240234375 1.953004002571106 76.71553039550781
-72.85240936279297 1.9260880947113037 66.66093444824219
113.1940689086914 -24.138317108154297 179.46554565429688
-51.67048263549805 2.112602710723877 47.71031951904297
59.45719528198242 23.359893798828125 209.10691833496094
10.88885498046875 4.04850959777832 93.00232696533203
4.149744987487793 6.771728038787842 90.7567138671875
-37.068519592285156 -16.528331756591797 100.25588989257812
-40.8333625793457 -6.877042770385742 97.74305725097656
111.79251098632812 23.184377670288086 165.52078247070312
78.00112915039062 -0.2572912275791168 114.41168975830078
81.41131591796875 0.4754035472869873 66.90155792236328
123.31289672851562 3.1141929626464844 127.67068481445312
119.47237396240234 2.6925222873687744 138.5193634033203
-21.121723175048828 -3.82867431640625 182.69363403320312
72.54399108886719 -25.555545806884766 238.95130920410156
29.60158920288086 -24.915771484375 234.01223754882812
-115.92279815673828 -10.117881774902344 110.68684387207031
-122.3731918334961 -5.778522968292236 115.46458435058594
-112.3525390625 -1.0594472885131836 107.68650817871094
115.1170883178711 -24.9375057220459 193.63316345214844
10.553525924682617 7.159548759460449 60.081451416015625
108.7966537475586 -0.165608212351799 30.83698081970215
-58.96078109741211 3.3306076526641846 105.07234191894531
-57.95306396484375 7.285829067230225 99.7538833618164
-4.447888374328613 12.299100875854492 77.1199722290039
-1.396013617515564 7.064586639404297 79.756591796875
-38.44306182861328 -11.196102142333984 74.56864929199219
-29.054338455200195 -8.523117065429688 80.81224822998047
16.813541412353516 -6.424145698547363 77.826416015625
139.4696044921875 2.700007677078247 123.96211242675781
116.79656982421875 6.047512054443359 72.80809020996094
112.12368774414062 -1.8992483615875244 71.59845733642578
110.092529296875 -1.8867900371551514 76.62379455566406
114.3118667602539 -1.8739876747131348 79.39987182617188
112.87799835205078 1.98817777633667 77.60201263427734
112.66719818115234 1.975300908088684 70.11663055419922
111.22734832763672 1.9067617654800415 73.6594009399414
-29.058807373046875 6.211165904998779 100.3320541381836
96.4173812866211 -19.78988265991211 160.1353302001953
146.6131591796875 4.519887447357178 109.74166107177734
-58.9483642578125 -5.827188491821289 60.77583694458008
-67.70148468017578 -1.9396086931228638 58.28455352783203
117.78499603271484 -7.117035865783691 71.56085205078125
112.14698791503906 18.162338256835938 156.05686950683594
128.0249481201172 -5.28668212890625 25.89118766784668
-28.105377197265625 -8.385777473449707 100.13959503173828
-29.30359649658203 -15.711264610290527 101.44059753417969
-109.93053436279297 -1.8697712421417236 71.56971740722656
-73.75624084472656 5.859837532043457 95.06141662597656
118.61942291259766 -1.8670176267623901 99.67208862304688
112.16248321533203 1.9872777462005615 98.47515869140625
103.90682983398438 -1.8400859832763672 98.24004364013672
56.19856643676758 -23.48350715637207 248.27349853515625
-6.00967264175415 7.212149620056152 55.456993103027344
-6.416286468505859 7.411445140838623 59.1068115234375
-76.3546142578125 -7.974941730499268 69.90416717529297
-79.60140228271484 -1.8545358180999756 71.6550064086914
72.65321350097656 -25.798215866088867 229.91526794433594
-50.665977478027344 -0.7697252035140991 54.99492645263672
-130.2482452392578 0.9825799465179443 113.50871276855469
-123.46419525146484 3.9521007537841797 107.41338348388672
-72.14907836914062 -2.740443468093872 36.26580810546875
122.06139373779297 5.054526329040527 142.73329162597656
-57.6927604675293 -8.307121276855469 75.13272857666016
-52.41773986816406 -4.174046516418457 74.06613159179688
-56.05392837524414 -1.800278663635254 71.70201110839844
-57.56915283203125 2.053154468536377 80.26850891113281
71.65611267089844 5.61128568649292 97.97721099853516
76.92987060546875 0.9032166600227356 90.1365737915039
-18.80459213256836 -9.781936645507812 177.07147216796875
-132.81857299804688 -5.428497791290283 120.97891998291016
-69.32598876953125 4.048412799835205 122.37210083007812
-67.58694458007812 0.6575635671615601 113.00601959228516
56.68198776245117 1.0165743827819824 203.61949157714844
110.01194763183594 -2.0983963012695312 127.46746063232422
108.91058349609375 -2.3622045516967773 137.2097625732422
-118.47477722167969 9.4497652053833 128.6897430419922
3.700479507446289 21.69309425354004 44.73048782348633
-63.6870002746582 -5.604963302612305 98.262939453125
142.84149169921875 -5.347832679748535 104.71649169921875
-34.90719223022461 0.31202685832977295 151.7828369140625
71.96244049072266 24.730106353759766 243.9796142578125
72.16365051269531 0.7110450267791748 154.9114532470703
-76.84675598144531 -8.673067092895508 82.9859619140625
17.47506332397461 27.06332015991211 53.0903434753418
-39.097198486328125 10.044028282165527 133.29885864257812
-93.946533203125 -5.905993938446045 125.33987426757812
-99.1953125 -4.185795307159424 115.55403137207031
-97.14116668701172 -13.90777587890625 131.20529174804688
70.08631134033203 -0.11123119294643402 178.0286407470703
-8.278396606445312 5.912544250488281 90.93709564208984
-9.890599250793457 1.0810309648513794 98.43128204345703
-10.265013694763184 7.37445068359375 94.99897003173828
-109.82209014892578 2.003390312194824 52.099327087402344
-98.38219451904297 2.006845474243164 44.32666015625
-103.57634735107422 -1.8989567756652832 48.43806076049805
126.70289611816406 1.9686899185180664 100.32998657226562
117.455078125 3.584324836730957 27.533475875854492
-61.417274475097656 7.302121639251709 177.47303771972656
-76.36524963378906 -7.456346035003662 77.85626983642578
-74.04237365722656 -1.9514940977096558 81.35041046142578
60.49721908569336 -4.029832363128662 206.97291564941406
151.0599365234375 -1.9573324918746948 71.6767807006836
160.24017333984375 -2.555192708969116 74.69097137451172
112.73245239257812 -22.816741943359375 164.9267120361328
64.1606674194336 0.6872647404670715 87.63418579101562
-98.4750747680664 -8.838088035583496 133.34994506835938
-99.2123794555664 -2.4391534328460693 126.9480972290039
-102.31777954101562 -2.7555623054504395 119.5245590209961
-51.79088592529297 7.8465800285339355 136.0884552001953
88.50797271728516 -5.401373863220215 116.9182357788086
96.48500061035156 2.3278989791870117 111.05885314941406
97.5939712524414 24.41709327697754 174.65890502929688
77.01594543457031 23.099559783935547 240.038330078125
-137.21900939941406 -9.616013526916504 144.98648071289062
-29.553730010986328 -14.424440383911133 133.0982208251953
-129.6428680419922 -2.4625608921051025 45.28936004638672
119.89490509033203 5.875303745269775 125.89691925048828
-66.71685791015625 -7.532362937927246 74.89006042480469
-65.58203125 -1.890209436416626 71.68099212646484
-62.76749801635742 1.9875441789627075 78.99559783935547
100.68307495117188 0.27916499972343445 36.27595138549805
109.65571594238281 2.089446544647217 40.63870620727539
-59.47114181518555 7.768880844116211 176.93563842773438
-52.24074172973633 3.283508777618408 182.6323699951172
56.471797943115234 0.7369261980056763 126.4792709350586
-16.213207244873047 -26.68081283569336 103.68374633789062
-54.21479034423828 -11.97205924987793 136.32196044921875
-54.000457763671875 -2.308589458465576 143.79246520996094
-41.47864532470703 -12.60921859741211 131.4481964111328
64.66069793701172 5.190174102783203 83.05522918701172
92.2724838256836 -25.013418197631836 182.59500122070312
58.668724060058594 2.55077862739563 203.50772094726562
124.67921447753906 14.4735689163208 165.77565002441406
54.895263671875 -1.7722573280334473 206.71180725097656
-47.7421875 2.6168341636657715 138.58035278320312
-17.624038696289062 -4.493758678436279 52.752105712890625
73.90333557128906 3.8136866092681885 163.31430053710938
-135.76889038085938 6.698358058929443 127.31491088867188
36.66629409790039 -0.6512993574142456 109.7983169555664
92.0416488647461 -15.43804931640625 157.03282165527344
-105.50122833251953 -8.060704231262207 134.08811950683594
-74.49597930908203 -7.973270893096924 64.4809341430664
-72.97274780273438 -1.8858768939971924 61.29585266113281
103.0201187133789 -6.684721946716309 88.04634857177734
116.14778137207031 -14.837308883666992 151.00384521484375
47.94824981689453 -0.9811574816703796 116.08341217041016
-37.650691986083984 8.885014533996582 73.55422973632812
131.62294006347656 -1.8706222772598267 95.15476989746094
136.87066650390625 1.9474248886108398 90.21247863769531
-130.42471313476562 -2.906043767929077 86.64620971679688
-36.5822639465332 5.949411392211914 98.02723693847656
102.14129638671875 5.163580417633057 108.07317352294922
97.82707977294922 7.155524730682373 105.37474060058594
-146.8211212158203 -4.361108303070068 66.82840728759766
-135.64825439453125 0.5774456858634949 62.14270782470703
-75.03128051757812 9.392863273620605 136.5986328125
57.600276947021484 -3.0167107582092285 205.86561584472656
-29.981443405151367 4.053838729858398 137.86766052246094
-60.7592887878418 3.562096118927002 181.1432342529297
-31.673038482666016 0.04500093683600426 138.58201599121094
109.77135467529297 -5.012264728546143 111.76893615722656
148.2357177734375 -5.353576183319092 39.173431396484375
119.05977630615234 3.72409987449646 72.17523193359375
125.16653442382812 -1.682193636894226 84.054443359375
115.00697326660156 -1.8684182167053223 78.21952819824219
118.62687683105469 -1.994965672492981 81.22531127929688
94.44471740722656 -6.060084342956543 110.5283203125
-42.31528854370117 -0.6207417845726013 166.68310546875
-92.2961654663086 -8.002158164978027 80.7573013305664
-93.56676483154297 1.7693281173706055 83.69738006591797
-104.74108123779297 -1.8930084705352783 79.80419158935547
-92.10692596435547 -5.119208812713623 74.07533264160156
-90.67971801757812 -1.8470852375030518 82.88086700439453
-95.9203109741211 -1.9115500450134277 80.91645812988281
124.11045837402344 -17.08779525756836 179.6034393310547
162.03111267089844 1.9145456552505493 77.66563415527344
-100.41435241699219 0.590662956237793 31.197967529296875
100.868896484375 4.398207664489746 144.2691650390625
-89.75263977050781 -5.319172382354736 110.71959686279297
-65.57735443115234 -12.002850532531738 78.69172668457031
129.4041748046875 -3.1816213130950928 186.5188751220703
-74.4226303100586 9.175626754760742 132.3745880126953
58.15129470825195 -24.71500587463379 244.57037353515625
-85.05519104003906 -0.06682614237070084 31.44016456604004
-82.31129455566406 1.962319254875183 36.76988220214844
61.04054260253906 -4.94659948348999 210.26463317871094
-67.54224395751953 -5.068619728088379 29.349773406982422
-52.992313385009766 -2.449765205383301 135.38536071777344
-3.450314521789551 -8.3892240524292 55.701072692871094
