-41.81662368774414 -62.191650390625 -37.297691345214844
-7.482110977172852 42.13050079345703 66.36042022705078
27.871719360351562 40.38731384277344 -28.015424728393555
-90.98153686523438 15.618959426879883 -33.46076202392578
13.48273754119873 -29.225528717041016 51.411800384521484
-77.74578857421875 1.7930588722229004 35.733009338378906
-8.887415885925293 45.72670364379883 64.07669067382812
-18.014774322509766 -48.145381927490234 96.8872299194336
16.289541244506836 34.766761779785156 24.917814254760742
-75.09474182128906 -4.400089263916016 56.473201751708984
-91.67794799804688 -16.463253021240234 -32.18227005004883
87.2927017211914 14.372620582580566 35.47859191894531
-38.29365539550781 49.881717681884766 89.5614242553711
-10.259020805358887 44.652130126953125 72.50650024414062
-51.48421859741211 51.006919860839844 16.747339248657227
-91.3269271850586 -5.458465099334717 -31.22365379333496
49.796138763427734 -4.755904197692871 -11.613598823547363
40.5595703125 -10.687707901000977 -7.56966495513916
-52.83170700073242 -60.216575622558594 -30.33287811279297
-18.667564392089844 32.4842529296875 -96.215576171875
-80.38412475585938 -6.407593727111816 86.74272155761719
-84.6036376953125 -16.889787673950195 -64.36510467529297
-69.04183197021484 48.743003845214844 -49.42362976074219
-70.7484130859375 -17.713241577148438 62.07744598388672
-82.74671936035156 29.20270347595215 -35.71554183959961
-74.41983795166016 -14.208502769470215 43.53998947143555
33.28264617919922 -18.932981491088867 -61.02633285522461
-51.9414176940918 54.12580490112305 1.9136680364608765
23.11772346496582 -13.5828857421875 91.32127380371094
-60.425838470458984 38.22053146362305 37.91622543334961
38.533050537109375 9.495279312133789 -54.297767639160156
26.957229614257812 -23.410205841064453 15.116471290588379
23.127595901489258 1.674156904220581 -79.47743225097656
75.43704223632812 -2.9393551349639893 72.44091033935547
4.268076419830322 43.59178161621094 34.899009704589844
-21.526838302612305 -50.240665435791016 36.644710540771484
-92.08032989501953 0.9183259606361389 -42.17708969116211
9.104901313781738 -51.43215560913086 0.10223899781703949
20.54014778137207 -0.9769148826599121 77.68419647216797
-81.40521240234375 12.796727180480957 14.675511360168457
31.104387283325195 -6.5920939445495605 54.060543060302734
-33.847084045410156 62.30274963378906 -51.07374572753906
5.588441848754883 -35.65215301513672 -87.07635498046875
-59.88239669799805 53.32992935180664 -5.515742778778076
-74.02314758300781 -13.995536804199219 80.95600891113281
-16.426231384277344 53.753204345703125 -78.33935546875
-22.79528045654297 11.715224266052246 -95.85795593261719
-72.33330535888672 43.926910400390625 -17.470203399658203
-33.66638946533203 -54.425113677978516 -72.93047332763672
2.178960084915161 -39.8267707824707 49.988243103027344
-9.565444946289062 25.3780460357666 -96.613037109375
29.084774017333984 -26.515092849731445 -64.73784637451172
-60.69493865966797 40.987632751464844 30.28826141357422
38.10187530517578 -4.503600597381592 -47.553802490234375
16.16111183166504 29.238054275512695 96.54011535644531
-19.95931625366211 47.60080337524414 78.47160339355469
25.24333381652832 19.239986419677734 34.33833694458008
-4.003303050994873 -47.06296157836914 -79.81537628173828
82.28389739990234 8.452840805053711 16.392784118652344
-8.099323272705078 -45.48893737792969 46.81568145751953
-3.3070425987243652 -51.65879440307617 14.62905502319336
9.754154205322266 41.7711067199707 17.883054733276367
-14.187586784362793 47.93726348876953 -83.82157135009766
-31.68236541748047 32.54928207397461 -96.42401123046875
-68.132080078125 -50.21122360229492 -35.858802795410156
-49.81544876098633 -57.45111083984375 -1.4819002151489258
8.579136848449707 52.76852798461914 -4.575755596160889
-79.02884674072266 -41.67336654663086 -27.940170288085938
87.36817169189453 2.131528854370117 49.0405387878418
1.1151734590530396 -32.24212646484375 -90.53732299804688
4.323727607727051 -46.44675064086914 22.442537307739258
37.82578659057617 -20.7347412109375 -18.4349365234375
-61.864723205566406 -46.05833053588867 -63.59098434448242
-37.36277389526367 38.0494384765625 -93.611572265625
-49.140377044677734 59.321929931640625 -48.21003723144531
-69.61233520507812 -39.89451217651367 5.216068267822266
-80.8121566772461 35.88097381591797 -42.60403060913086
-78.50052642822266 4.279542922973633 -81.2644271850586
-19.07248878479004 47.82528305053711 40.608619689941406
80.39639282226562 9.326666831970215 61.460750579833984
-8.775795936584473 55.75621032714844 4.217837333679199
21.07166290283203 -47.50736999511719 -31.14710235595703
53.829402923583984 0.06985955685377121 -17.86989402770996
28.884090423583984 -2.305982828140259 -73.70689392089844
30.336883544921875 -26.228425979614258 -0.8669848442077637
-47.01067352294922 -27.457233428955078 -96.35577392578125
-6.57515811920166 -45.61945343017578 34.514034271240234
19.441940307617188 37.71943283081055 12.402374267578125
-62.454803466796875 -36.74486541748047 42.51490020751953
-67.44898986816406 28.615394592285156 53.12354278564453
-77.24226379394531 36.22540283203125 -57.244808197021484
-9.24094295501709 -47.28303146362305 38.50535202026367
90.3592758178711 13.13143253326416 43.29841613769531
-68.60197448730469 -32.74058151245117 25.206106185913086
-56.85490036010742 -38.464107513427734 68.71479034423828
21.478822708129883 9.32105541229248 70.18225860595703
2.825835943222046 40.69107437133789 42.330413818359375
-21.95722770690918 -47.35630798339844 80.53604125976562
84.98167419433594 13.828413009643555 17.057613372802734
-24.497270584106445 -43.97127151489258 -89.41755676269531
25.477434158325195 0.5380411148071289 -82.36761474609375
15.703767776489258 -27.180667877197266 89.93659210205078
-8.713597297668457 49.08859634399414 40.81732940673828
41.658512115478516 -3.0889523029327393 65.43417358398438
23.97836685180664 7.226950645446777 97.1255111694336
81.29080963134766 -4.739419460296631 7.840636730194092
80.97550201416016 -1.0730479955673218 58.763729095458984
-71.30625915527344 -42.784942626953125 -57.40640640258789
17.24043846130371 -21.976346969604492 74.59199523925781
-14.515340805053711 58.9929084777832 2.6598598957061768
39.4835205078125 -6.033480644226074 -31.765106201171875
30.132434844970703 -4.443577289581299 22.268497467041016
-10.81672477722168 -46.314823150634766 77.82721710205078
14.738506317138672 30.354522705078125 38.76947021484375
33.018795013427734 20.95842170715332 -7.544600486755371
31.995479583740234 -34.71648025512695 -36.399757385253906
-63.823814392089844 -30.077917098999023 90.10572052001953
-30.50545310974121 60.625762939453125 -62.09022521972656
15.379907608032227 38.20536422729492 -70.07999420166016
-55.605953216552734 -58.48738479614258 -17.348012924194336
8.266045570373535 38.486263275146484 41.12153625488281
10.531122207641602 -36.25129318237305 -78.49082946777344
17.900251388549805 38.065582275390625 19.074630737304688
33.472206115722656 -27.68813705444336 -17.757278442382812
-11.192771911621094 -43.76732635498047 82.40538024902344
-66.24052429199219 -52.567935943603516 -50.05239486694336
-71.43867492675781 -45.69711685180664 -46.675140380859375
12.336116790771484 -28.21657943725586 84.63255310058594
14.495201110839844 -26.11078643798828 61.24867248535156
-24.8564510345459 -47.21324157714844 60.42121505737305
-17.474369049072266 -55.835323333740234 8.13633918762207
-85.06172943115234 21.2943058013916 -50.500633239746094
-0.5402230024337769 40.362525939941406 73.28172302246094
-86.86721801757812 -19.953998565673828 -13.222518920898438
35.716861724853516 -5.047379493713379 -57.03188705444336
-5.24125862121582 -59.35651397705078 -56.05314254760742
28.81772804260254 -38.072532653808594 -48.915706634521484
-21.441320419311523 46.739627838134766 -86.25921630859375
-55.07651138305664 39.28938674926758 89.3749771118164
-35.76845169067383 -48.895145416259766 -83.84888458251953
-36.617671966552734 50.82780075073242 36.00202178955078
4.2436203956604 57.16962432861328 -25.407270431518555
-15.606881141662598 -47.45849609375 91.45480346679688
74.33811950683594 -1.9011874198913574 -0.08126044273376465
-6.467288017272949 47.21769714355469 -82.10346221923828
-76.76589965820312 1.9624968767166138 82.73860168457031
-41.679439544677734 44.575294494628906 69.33731079101562
-33.1829948425293 -46.01198959350586 80.23848724365234
81.59928894042969 -1.9480787515640259 27.04941177368164
17.131839752197266 46.28689956665039 -5.041943550109863
40.00210952758789 -4.264096736907959 -7.881104469299316
-77.16145324707031 14.211328506469727 94.50428771972656
34.05060958862305 30.913434982299805 -31.93726348876953
-26.105501174926758 48.46260070800781 45.59318542480469
-54.95562744140625 -54.352020263671875 -58.25680160522461
-39.251487731933594 -55.71607208251953 8.836346626281738
-30.95518684387207 44.23002243041992 -92.13884735107422
-3.314993143081665 -55.34428787231445 -67.29621124267578
45.031925201416016 -7.909716606140137 -18.79678726196289
27.120155334472656 -1.2114226818084717 35.067169189453125
-42.2691650390625 -44.25816345214844 55.861549377441406
21.175453186035156 27.985578536987305 31.328140258789062
-48.416561126708984 45.58799362182617 91.38373565673828
2.897017478942871 -60.98815155029297 -35.40544891357422
88.6906967163086 14.25372314453125 53.69529342651367
-3.6435465812683105 -36.16800308227539 -91.10832977294922
25.665342330932617 32.85710906982422 -59.37540817260742
-73.92225646972656 -11.975847244262695 -84.3421630859375
37.745304107666016 19.14643669128418 -10.755865097045898
52.44697952270508 -6.200685977935791 74.73137664794922
-52.29573440551758 -41.385929107666016 95.9615249633789
43.0823974609375 -6.0041117668151855 -38.56004333496094
51.87485122680664 12.346714973449707 73.58495330810547
36.99610900878906 -27.501646041870117 -25.064067840576172
18.159347534179688 27.6018009185791 31.474557876586914
-89.95784759521484 12.70839786529541 -19.176006317138672
-78.93051147460938 27.973556518554688 -66.76280212402344
18.154558181762695 20.19477653503418 62.555198669433594
-60.24183654785156 -35.31327438354492 69.82805633544922
59.2236328125 5.817360877990723 70.45616149902344
14.908431053161621 27.04722785949707 -80.26142120361328
36.70537567138672 29.476659774780273 -24.358808517456055
-33.01826477050781 -48.07044982910156 72.38973236083984
-73.38607025146484 36.08732223510742 3.338381767272949
-55.56367492675781 41.64860534667969 34.63307189941406
-66.12828826904297 47.75880813598633 -60.871734619140625
6.5219340324401855 -58.43827438354492 -25.904512405395508
75.5679702758789 8.556890487670898 4.617530345916748
-11.135751724243164 -44.37480163574219 64.13023376464844
32.45207977294922 19.711740493774414 -59.521453857421875
-1.127341389656067 42.469112396240234 63.69232940673828
11.78675651550293 -53.296234130859375 -33.72449493408203
-80.74470520019531 38.531524658203125 -51.04059982299805
-10.743334770202637 -56.37986755371094 -66.58445739746094
23.77103614807129 -41.86346435546875 -41.542327880859375
36.40806198120117 19.20754051208496 -23.441368103027344
-8.78574275970459 5.360874652862549 -96.26588439941406
37.71611022949219 -9.272336959838867 3.729914665222168
-17.729042053222656 -53.24009704589844 -76.23490142822266
-14.490337371826172 63.52811050415039 -47.60706329345703
39.731056213378906 11.380184173583984 73.21975708007812
13.553984642028809 -26.17170524597168 -84.83882141113281
-12.453099250793457 48.56623458862305 82.54290771484375
6.752191543579102 35.00276565551758 66.52027893066406
10.475310325622559 -55.86518859863281 -21.890535354614258
1.3790034055709839 37.00060272216797 67.71012115478516
22.362930297851562 17.345439910888672 52.03005599975586
57.88373565673828 12.647610664367676 -13.599687576293945
11.163273811340332 -30.429946899414062 68.06989288330078
-32.75979232788086 55.46070098876953 19.63492202758789
-3.755715847015381 55.89095687866211 1.8607391119003296
42.41316223144531 14.203500747680664 -32.94169616699219
-48.860382080078125 -17.129573822021484 -97.27165985107422
61.47382736206055 6.876172065734863 -6.821767807006836
-71.34552001953125 43.232547760009766 -55.547943115234375
83.37592315673828 12.010634422302246 14.17252254486084
-65.27851104736328 37.45271301269531 27.849878311157227
24.827072143554688 15.201848983764648 44.43037414550781
-40.991981506347656 47.284122467041016 85.01329040527344
16.446149826049805 -34.54642105102539 -76.42514038085938
28.531675338745117 36.08314895629883 -9.580245971679688
10.85025691986084 55.37074661254883 -10.598562240600586
-52.63454818725586 -39.4113883972168 76.6625747680664
-25.250953674316406 -18.898405075073242 -96.94419860839844
-69.97380065917969 -23.007186889648438 48.15115737915039
-77.07750701904297 34.073280334472656 -12.334980964660645
-70.73726654052734 49.67094039916992 -36.17913055419922
-28.123971939086914 64.2164077758789 -44.897029876708984
-55.74689483642578 56.39332962036133 -43.35142517089844
-66.94528198242188 48.94611358642578 -41.98523712158203
-29.561155319213867 -29.699716567993164 -96.3955078125
-45.34423828125 52.59623336791992 19.568143844604492
18.5855770111084 48.12751770019531 -13.669733047485352
-76.59961700439453 2.416496515274048 57.5992317199707
26.271181106567383 -10.83459186553955 43.2680549621582
35.18191909790039 -7.095333576202393 60.93387985229492
27.371458053588867 35.72377395629883 -46.494773864746094
-39.47321701049805 56.73374938964844 -1.1130385398864746
-35.7129020690918 -42.32622528076172 -89.96733856201172
26.68510627746582 32.6337890625 0.09455001354217529
-4.572413921356201 -42.574058532714844 93.35750579833984
-72.31498718261719 -33.17679977416992 19.521207809448242
-24.83696174621582 -49.97721481323242 -82.61759185791016
29.153032302856445 35.17601013183594 -41.236968994140625
-73.46711730957031 13.202327728271484 53.85723114013672
-50.036991119384766 61.24757385253906 -27.92081642150879
-50.674095153808594 -46.35404968261719 28.152393341064453
38.59401321411133 17.012311935424805 -46.80892562866211
-87.20772552490234 -21.302757263183594 -46.26620864868164
-86.9505844116211 9.260794639587402 -8.047905921936035
-16.399402618408203 -59.52549362182617 2.264883041381836
20.332857131958008 46.71675491333008 -36.28074264526367
38.7318229675293 21.563230514526367 -33.8759651184082
12.819501876831055 23.56364631652832 -87.14204406738281
84.89237976074219 10.267549514770508 66.97740936279297
-10.100301742553711 51.187686920166016 19.708959579467773
8.131488800048828 -54.20952606201172 -17.962800979614258
-2.9576127529144287 55.5688591003418 -62.60703659057617
22.457500457763672 -14.128618240356445 59.50892639160156
-46.722774505615234 -47.066036224365234 -84.8093032836914
-80.10865783691406 11.255298614501953 25.804662704467773
-42.73564147949219 -45.178707122802734 94.90711212158203
-45.83375549316406 -44.55825424194336 48.53584671020508
65.6559066772461 -6.572238445281982 71.15336608886719
5.067050933837891 39.217979431152344 35.96690368652344
85.88263702392578 -5.48646879196167 22.62713623046875
-68.48805236816406 52.2913818359375 -41.021419525146484
-53.59130859375 -26.654054641723633 -92.76031494140625
-89.37419128417969 10.142977714538574 -5.611022472381592
-6.8480048179626465 57.441593170166016 -66.77753448486328
6.509278774261475 -53.60662078857422 -51.07154846191406
-56.561100006103516 -46.62367630004883 16.33967399597168
-39.07807922363281 6.4296417236328125 -96.04192352294922
22.94403648376465 -12.289725303649902 -81.84059143066406
21.542213439941406 -35.05437469482422 11.491959571838379
-57.59590148925781 -47.942237854003906 3.593468427658081
-64.47921752929688 29.16903305053711 -85.99748992919922
-57.6642951965332 53.64546585083008 -62.5352783203125
-77.37178802490234 7.910790920257568 89.3987045288086
41.49127960205078 -15.413362503051758 -27.393760681152344
-27.916240692138672 57.0253791809082 12.775185585021973
28.024505615234375 -19.8778018951416 -67.7752914428711
-28.379051208496094 50.734134674072266 91.44164276123047
-12.104142189025879 49.599056243896484 26.37432098388672
72.13556671142578 -6.687839984893799 67.54570770263672
-86.62690734863281 -1.4787026643753052 2.7921574115753174
-92.27623748779297 0.07358075678348541 -23.155630111694336
-32.81690216064453 -60.812538146972656 -49.08344268798828
-73.4819107055664 -11.792047500610352 51.90476989746094
17.413135528564453 -16.808019638061523 74.72736358642578
-69.19503784179688 47.65840530395508 -30.882474899291992
-26.004108428955078 -57.885990142822266 8.590761184692383
-28.299728393554688 52.216758728027344 26.00676155090332
-68.38009643554688 25.383136749267578 43.94447708129883
8.710466384887695 -32.83222961425781 76.77674102783203
13.026776313781738 -0.4945107698440552 -90.51201629638672
-26.50409507751465 -64.44025421142578 -21.681718826293945
-45.711490631103516 50.35622024536133 18.25284767150879
28.976118087768555 39.80928039550781 -38.51418685913086
68.23421478271484 14.452749252319336 -1.3940032720565796
-63.327701568603516 49.395484924316406 -10.817106246948242
11.590331077575684 33.2078857421875 56.904945373535156
-80.47964477539062 -26.80431365966797 -3.9786083698272705
-69.75846099853516 -20.79300308227539 55.21294403076172
-64.81233978271484 29.714725494384766 77.96118927001953
-85.2189712524414 12.287256240844727 0.7004290819168091
16.217613220214844 48.36668395996094 -51.741783142089844
9.13918685913086 49.82414627075195 -65.67550659179688
-71.84356689453125 23.85871696472168 35.58910369873047
-63.40611267089844 -31.251798629760742 97.03553771972656
28.687246322631836 6.237161636352539 23.521921157836914
19.40192985534668 -37.085540771484375 18.88491439819336
17.237398147583008 -23.775094985961914 66.65016174316406
-32.951087951660156 -62.981834411621094 -26.878009796142578
32.679752349853516 15.916184425354004 3.459690809249878
-75.7201156616211 35.49222946166992 -67.88665771484375
9.781695365905762 32.74626922607422 -81.9321517944336
37.66447830200195 3.3718743324279785 -39.158267974853516
68.72119903564453 8.260456085205078 1.8960663080215454
12.320772171020508 37.124454498291016 30.486488342285156
2.718330144882202 -40.817169189453125 94.63042449951172
-0.46371689438819885 -43.29916763305664 40.655120849609375
-18.89227867126465 -62.879215240478516 -43.905174255371094
-73.10934448242188 6.385902404785156 -87.65482330322266
1.1006014347076416 -40.00318145751953 -87.22444915771484
-1.0766044855117798 -54.09220504760742 4.8811726570129395
11.39620590209961 -38.1201286315918 24.80029296875
-3.1518006324768066 62.11298751831055 -44.249427795410156
-70.18661499023438 23.089218139648438 48.434329986572266
-62.191497802734375 -35.92863082885742 34.21718978881836
-41.92340850830078 -24.876840591430664 -94.67744445800781
-13.187417984008789 44.20661544799805 62.010154724121094
-42.313270568847656 -60.58647155761719 -52.39155578613281
18.076391220092773 21.491987228393555 88.18104553222656
-89.58016204833984 -14.135475158691406 -34.92536163330078
-16.03067970275879 -3.6402769088745117 -96.15728759765625
-25.808639526367188 63.53301239013672 -20.91628074645996
-16.0113468170166 51.270320892333984 90.97128295898438
24.31300163269043 -6.849392890930176 94.25666809082031
49.918453216552734 -1.795201063156128 68.96945190429688
-72.40824127197266 33.02442932128906 12.049884796142578
12.486428260803223 -43.248023986816406 -64.84921264648438
-84.6061782836914 31.303695678710938 -31.323230743408203
-6.256399631500244 -27.051584243774414 -96.07463073730469
32.191036224365234 23.47230339050293 1.5397683382034302
8.960945129394531 -30.39731216430664 -85.88589477539062
-63.27621841430664 44.02042007446289 -74.22637176513672
-6.317384719848633 -50.66033172607422 -75.6279067993164
-51.32966232299805 40.58664321899414 42.765743255615234
-10.470300674438477 55.640682220458984 -64.66731262207031
-83.87506866455078 -28.224185943603516 -50.17375183105469
-38.436912536621094 60.40709686279297 -46.81132125854492
-58.603111267089844 -53.716182708740234 -38.466888427734375
-68.62515258789062 -27.202604293823242 39.81832504272461
22.019636154174805 -47.46464157104492 -43.70838165283203
36.87153244018555 14.08306884765625 -3.3920485973358154
90.34467315673828 -2.3448569774627686 32.51066207885742
17.137948989868164 -47.07748794555664 -57.846923828125
-20.19615936279297 50.69792938232422 34.350311279296875
11.75265121459961 -36.51924133300781 32.22602081298828
36.468345642089844 8.216822624206543 64.59939575195312
-78.04178619384766 -38.21117401123047 -49.24809265136719
-47.34680938720703 53.58726501464844 14.303309440612793
-81.79183959960938 21.302379608154297 4.792826175689697
0.2188297063112259 42.761104583740234 44.99475860595703
-10.262465476989746 14.344108581542969 -96.3840103149414
68.6690444946289 0.18517354130744934 -3.2484140396118164
-2.235161542892456 -43.326541900634766 90.22945404052734
-3.3258984088897705 47.70802688598633 26.103816986083984
-84.22439575195312 26.19877052307129 -13.576085090637207
-63.60011291503906 -30.86031150817871 49.57442092895508
-48.58238983154297 -39.93560028076172 -86.6972885131836
16.764413833618164 17.80155372619629 72.67414093017578
-5.090549468994141 60.869171142578125 -50.69668960571289
-72.51831817626953 -44.668373107910156 -17.250659942626953
32.44519805908203 32.191429138183594 -11.060264587402344
-34.0789680480957 -50.925697326660156 31.275012969970703
-17.263778686523438 -46.782249450683594 44.13349533081055
-20.47041130065918 48.47661590576172 56.72526931762695
16.055374145507812 -21.758642196655273 52.81613540649414
0.45563966035842896 -40.4550666809082 -84.00653839111328
-53.33356857299805 -40.85637664794922 43.359745025634766
3.0362324714660645 -42.97317886352539 -76.17001342773438
4.12885046005249 -48.36525344848633 -69.33223724365234
22.060134887695312 -1.1633944511413574 64.89522552490234
23.374282836914062 28.435211181640625 20.214683532714844
4.30938720703125 -57.68609619140625 -15.582228660583496
-4.266700744628906 45.25336456298828 38.40517044067383
63.90422439575195 -10.259445190429688 74.65009307861328
-35.42763900756836 -33.99955368041992 -96.46398162841797
-13.204232215881348 49.251487731933594 36.312103271484375
-79.46385955810547 -21.382457733154297 -72.76823425292969
-19.823715209960938 45.6201057434082 75.59426879882812
-77.5351791381836 12.120668411254883 30.870859146118164
-58.74003219604492 55.6942024230957 -29.667585372924805
-1.0847830772399902 -40.67628479003906 66.169677734375
-31.48897361755371 21.168609619140625 -96.27278900146484
-57.9119758605957 -36.63068389892578 44.7794189453125
-77.61022186279297 -12.901670455932617 31.865530014038086
-47.12924575805664 42.486061096191406 64.12237548828125
-40.59071731567383 45.518314361572266 -85.97183990478516
28.1916446685791 0.9463046193122864 24.94533920288086
-54.145729064941406 45.523338317871094 23.757247924804688
85.66585540771484 -6.491214752197266 62.63093185424805
26.925262451171875 38.08505630493164 -0.8388872146606445
19.270883560180664 -16.639982223510742 48.514102935791016
47.76830291748047 -0.18702128529548645 78.63691711425781
14.398843765258789 -48.693233489990234 -50.5361442565918
-69.9408950805664 -38.82013702392578 -68.54426574707031
-56.90559768676758 56.472747802734375 -18.32320785522461
13.514226913452148 -45.93132781982422 5.547044277191162
15.381182670593262 -44.04469299316406 -61.30678176879883
-14.954174995422363 -43.96003723144531 75.93020629882812
25.915403366088867 31.735048294067383 8.336939811706543
-55.65208435058594 37.56658172607422 53.33637619018555
-64.75808715820312 -49.47844696044922 -54.576011657714844
-64.30479431152344 31.735258102416992 55.144866943359375
30.553773880004883 13.009324073791504 19.25617218017578
-66.87248992919922 -0.20471571385860443 -91.58451080322266
-62.162715911865234 -30.075519561767578 68.32574462890625
-89.57938385009766 14.036917686462402 -47.00971984863281
-69.57061004638672 20.435941696166992 64.5357894897461
34.551307678222656 -18.55171775817871 -48.248355865478516
-35.110069274902344 51.73484802246094 -79.0453872680664
-6.959472179412842 50.96921157836914 -74.53211212158203
-9.475054740905762 -50.6513786315918 26.69036293029785
12.930501937866211 51.07319259643555 -15.432043075561523
-79.00175476074219 -27.497509002685547 4.571802616119385
-72.17961883544922 28.7117919921875 -78.72417449951172
-12.820484161376953 48.955081939697266 94.07791137695312
6.8036041259765625 45.84844207763672 -70.23137664794922
-63.41558837890625 -35.973777770996094 -80.29615783691406
19.077062606811523 -7.542270183563232 -89.68714904785156
-52.72090530395508 58.17389678955078 -10.852208137512207
-25.67157745361328 59.157310485839844 2.921112298965454
-78.7190933227539 -8.828418731689453 36.69315719604492
-75.67595672607422 -31.214679718017578 -65.07788848876953
-1.2067970037460327 41.175411224365234 56.84412384033203
-86.50538635253906 11.063819885253906 -69.98507690429688
23.07691192626953 0.2444332093000412 -85.40472412109375
-50.72593307495117 41.38484191894531 74.41789245605469
19.707992553710938 8.639402389526367 76.938232421875
-67.30814361572266 41.38221740722656 7.05942440032959
-42.616153717041016 -44.942848205566406 87.52922058105469
-17.94594383239746 57.53824996948242 -68.16167449951172
-80.95877075195312 26.625757217407227 0.5191002488136292
21.68091583251953 11.095170974731445 -82.1313705444336
-57.537757873535156 10.459139823913574 -96.3139419555664
3.5692245960235596 58.47354507446289 -19.16582679748535
-21.124116897583008 17.32529640197754 -96.92976379394531
23.699148178100586 24.395652770996094 -70.79871368408203
-22.632410049438477 57.65687561035156 -64.56170654296875
-73.93311309814453 -20.36319923400879 93.53475189208984
87.01459503173828 12.669377326965332 50.17731475830078
40.05244064331055 4.114230155944824 74.11279296875
27.750051498413086 -3.7578718662261963 49.912540435791016
-40.98989486694336 -56.64479446411133 -67.07601928710938
-87.97892761230469 -23.574586868286133 -29.421056747436523
19.444782257080078 16.485353469848633 72.2113265991211
83.01622009277344 7.822738170623779 49.861820220947266
18.1010799407959 -9.98813247680664 -86.01666259765625
6.202447891235352 37.8620491027832 48.427703857421875
17.594770431518555 -18.32347869873047 68.1266860961914
15.081254959106445 -27.65920639038086 83.26050567626953
-31.882322311401367 -9.576835632324219 -95.77579498291016
-2.8544421195983887 -61.27886199951172 -25.908103942871094
19.49689292907715 -25.14484977722168 35.31840515136719
-6.663437366485596 -43.21870422363281 73.37637329101562
-68.07089233398438 -49.78218078613281 -27.791481018066406
-57.518890380859375 38.39579391479492 73.19963836669922
-75.33121490478516 4.009300231933594 53.20692825317383
-40.088951110839844 30.350948333740234 -93.80705261230469
17.12383270263672 -49.747047424316406 -20.28993034362793
8.67544174194336 35.34734344482422 87.3776626586914
27.05074691772461 -6.288405418395996 67.07549285888672
-29.790966033935547 -62.3840446472168 -53.29314422607422
24.923967361450195 -1.2691335678100586 92.38789367675781
-58.71778869628906 -58.89133834838867 -37.97798156738281
-22.04755401611328 -46.17253494262695 64.78972625732422
56.90409851074219 10.090288162231445 76.68193817138672
-68.81920623779297 -35.95096969604492 13.123805046081543
38.22062301635742 10.216658592224121 -44.83529281616211
-33.410282135009766 46.479305267333984 60.237632751464844
32.85493850708008 35.224456787109375 -21.540895462036133
-47.45043182373047 57.42169189453125 -8.260685920715332
38.5308723449707 -10.453052520751953 -22.808603286743164
-33.02711486816406 46.27987289428711 -85.08312225341797
-31.261449813842773 50.6151123046875 33.285465240478516
87.08444213867188 9.147506713867188 58.15481185913086
23.07513427734375 32.50254821777344 7.91939115524292
-86.74906921386719 26.889986038208008 -25.01274871826172
-59.70931625366211 0.4701496362686157 -94.65543365478516
32.452476501464844 -19.80107879638672 5.429223537445068
-26.851024627685547 60.62773132324219 -6.00634765625
-30.569364547729492 -58.062255859375 3.572244882583618
17.214956283569336 35.78205490112305 15.58861255645752
-79.3434066772461 14.10883617401123 -77.76101684570312
19.513742446899414 -23.222131729125977 93.95719909667969
-64.6957015991211 40.814537048339844 14.660255432128906
-58.903804779052734 -37.164371490478516 97.58506774902344
-60.174766540527344 32.981201171875 85.27931213378906
-19.03418731689453 -47.73307800292969 50.78660583496094
-78.0743637084961 33.354679107666016 -5.884509563446045
-61.13014602661133 48.12526321411133 -5.346141338348389
-61.999385833740234 40.78367614746094 22.917713165283203
72.677490234375 10.19904899597168 -2.5571694374084473
85.2593002319336 8.121496200561523 39.33705520629883
21.868803024291992 20.300844192504883 36.61575698852539
11.758143424987793 42.94987487792969 16.7333984375
-59.35795593261719 35.01839828491211 60.83622360229492
-83.82010650634766 -18.260656356811523 9.318154335021973
-10.627903938293457 -12.597311973571777 -96.54095458984375
8.322609901428223 47.85777282714844 11.377233505249023
-6.875381946563721 49.35215377807617 96.63446807861328
-36.436248779296875 63.14099884033203 -22.42537498474121
38.89772033691406 0.8588111400604248 -54.27418899536133
-17.838518142700195 -34.97671890258789 -95.68486785888672
20.229822158813477 -25.746570587158203 -77.14350128173828
-80.615478515625 -3.9898571968078613 -77.45177459716797
-15.544458389282227 48.64461898803711 86.57367706298828
-36.190940856933594 -63.289913177490234 -43.98078155517578
2.060580253601074 -53.58904266357422 -61.55632019042969
78.13496398925781 1.4553059339523315 12.949584007263184
-0.7385166883468628 -45.59833526611328 33.87954330444336
-31.996978759765625 -48.160194396972656 92.07705688476562
28.444265365600586 -36.83897399902344 -31.98944664001465
73.24150848388672 12.030386924743652 68.23197937011719
-80.36625671386719 1.1621391773223877 81.20094299316406
6.536984920501709 59.69783020019531 -26.51163101196289
-74.52467346191406 8.322541236877441 74.25270080566406
-10.320091247558594 45.224273681640625 82.91902160644531
-67.6723861694336 24.737035751342773 57.813777923583984
-13.06920051574707 46.57876968383789 49.81947326660156
-88.34993743896484 -21.41860008239746 -38.81555938720703
-60.49270248413086 46.57748794555664 7.303397178649902
80.7227554321289 7.104771137237549 6.5007243156433105
-71.63431549072266 -12.903894424438477 55.43330764770508
-64.43804931640625 20.697010040283203 -89.94343566894531
72.8721694946289 3.2338128089904785 65.77809143066406
-58.4680061340332 44.83042526245117 18.56877326965332
-3.3208096027374268 48.455467224121094 31.581907272338867
-40.10712432861328 45.631526947021484 61.970760345458984
-6.583132743835449 62.54623031616211 -35.750579833984375
-34.76042556762695 -48.45494079589844 43.42174530029297
37.28618240356445 -19.965070724487305 -7.986390113830566
-48.69049835205078 57.793365478515625 -57.92538070678711
10.791934967041016 -55.05556106567383 -40.495086669921875
-77.79740905761719 37.48366928100586 -18.13727378845215
7.537885665893555 -53.02794647216797 -4.093185901641846
58.6942024230957 -8.123713493347168 -6.774921894073486
33.00444793701172 -5.7400360107421875 -63.8399772644043
-60.765682220458984 47.56509017944336 -66.2019271850586
-83.54678344726562 -1.4286471605300903 15.448408126831055
-53.25892639160156 -55.6041145324707 -13.2484712600708
-76.48274230957031 42.55029296875 -35.64956283569336
-71.054931640625 16.602928161621094 -86.84131622314453
-27.567655563354492 42.27964782714844 -91.0643310546875
8.03361988067627 43.315731048583984 22.475309371948242
7.217644691467285 53.27033615112305 -59.96456527709961
10.905515670776367 -40.6439208984375 29.244070053100586
-74.31739044189453 -28.88949966430664 -70.54093933105469
23.481185913085938 14.104414939880371 97.60650634765625
36.34296798706055 1.4143134355545044 3.4114110469818115
17.381256103515625 47.29917526245117 -46.59896469116211
39.501617431640625 -9.690330505371094 70.19149017333984
-82.63255310058594 0.7868088483810425 11.57413101196289
16.31410026550293 -26.957794189453125 96.25595092773438
-74.10430908203125 -20.6629695892334 -81.26071166992188
-0.9966978430747986 -47.22486114501953 23.054508209228516
-60.7264289855957 55.13677978515625 -36.62077713012695
-54.61700439453125 -38.34715270996094 85.96566009521484
-80.71202850341797 3.8967905044555664 23.160219192504883
32.389949798583984 -13.738396644592285 -61.78561782836914
30.25661277770996 -25.09086036682129 -56.447906494140625
43.289371490478516 -9.045952796936035 -31.70551300048828
-69.63713836669922 -15.450549125671387 -91.0481185913086
-21.965923309326172 47.27796936035156 67.58971405029297
-39.186275482177734 -45.04264450073242 74.68521118164062
-66.96167755126953 12.71330451965332 -94.24286651611328
23.034290313720703 36.763240814208984 -65.90058135986328
-39.558414459228516 51.17471694946289 32.27003479003906
-59.31303787231445 -34.81059646606445 92.12908935546875
-28.165096282958984 48.850318908691406 -84.48665618896484
10.871138572692871 32.156002044677734 48.87813949584961
32.79766082763672 -11.405229568481445 12.618274688720703
-53.048194885253906 -43.02368927001953 37.193302154541016
8.08010196685791 -50.108367919921875 -55.14154815673828
-54.29404067993164 50.88977813720703 8.834117889404297
-85.91250610351562 17.179357528686523 -60.32033920288086
17.628576278686523 -23.468355178833008 50.98667907714844
-64.24002075195312 31.737943649291992 91.64772033691406
-24.161956787109375 -60.6700553894043 -53.43760681152344
-16.58829116821289 -64.60066223144531 -30.18424415588379
39.373104095458984 7.3256940841674805 -11.509207725524902
-62.152042388916016 -49.743675231933594 -6.773648262023926
-42.86879348754883 46.729312896728516 36.71981430053711
-57.66257095336914 -33.531394958496094 82.38701629638672
14.066061019897461 31.74500846862793 93.02092742919922
-51.92781448364258 -60.03424072265625 -52.44321060180664
37.80147933959961 3.1392383575439453 -49.45743942260742
-49.18733215332031 -51.73268508911133 -71.25792694091797
19.681007385253906 23.123857498168945 95.0052490234375
31.247650146484375 -34.15402603149414 -23.03939437866211
-50.40402603149414 36.70243453979492 -89.78974151611328
-86.2074203491211 2.3366100788116455 89.517578125
-4.105721473693848 58.15139389038086 3.7648346424102783
-67.82714080810547 -24.424848556518555 39.82703399658203
86.21619415283203 -3.0194966793060303 38.665157318115234
22.217845916748047 -28.201047897338867 22.718461990356445
-86.24785614013672 -28.761640548706055 -38.880897521972656
-0.2349054515361786 42.350547790527344 88.97953796386719
-1.280480980873108 52.38725662231445 10.822266578674316
-11.685953140258789 -45.76267623901367 55.6270637512207
33.25461959838867 28.482664108276367 -5.5627546310424805
-71.7998275756836 -24.199337005615234 33.55174255371094
8.638845443725586 56.06011962890625 -41.20817565917969
23.20277976989746 6.436390399932861 62.97904586791992
25.000688552856445 12.791096687316895 58.921871185302734
-48.994049072265625 50.42271423339844 21.47586441040039
-71.88591766357422 -18.814908981323242 84.44402313232422
-84.19338989257812 34.226802825927734 -21.225948333740234
30.728084564208984 -8.324246406555176 26.927976608276367
-66.92247772216797 45.51960754394531 -2.9775545597076416
30.330711364746094 -25.047937393188477 -63.99828338623047
-11.059608459472656 63.19389343261719 -25.458995819091797
-38.539512634277344 54.901390075683594 -73.28573608398438
-65.86650848388672 -29.997787475585938 34.762351989746094
23.71878433227539 -7.374495506286621 51.662445068359375
31.067026138305664 20.626195907592773 11.407614707946777
-82.91670989990234 -29.603445053100586 -35.88420104980469
90.03286743164062 -6.19988489151001 48.633445739746094
-61.441532135009766 -49.92970275878906 1.126408576965332
74.18317413330078 9.795279502868652 11.672316551208496
-44.51457595825195 -50.5435791015625 22.26881980895996
0.1893928498029709 -40.715171813964844 76.5740737915039
-51.11589813232422 -51.84040451049805 7.938262462615967
0.537752628326416 11.215752601623535 -96.74288177490234
-66.57955169677734 39.71695327758789 -71.65876770019531
-82.35303497314453 -15.176161766052246 93.6488265991211
-17.8085880279541 5.869485378265381 -95.68497467041016
-69.90689086914062 33.31953811645508 20.136375427246094
-36.80110168457031 -59.16230010986328 -66.32718658447266
38.23453140258789 -15.028255462646484 -38.29569625854492
21.652515411376953 12.246646881103516 80.51091003417969
-38.27345275878906 -22.560588836669922 -96.83807373046875
44.64280700683594 17.04286003112793 -21.703020095825195
26.66413688659668 -11.639058113098145 29.858247756958008
-67.0777587890625 -48.443912506103516 -34.000545501708984
-87.09142303466797 -29.83388328552246 -32.420082092285156
30.139720916748047 6.4441914558410645 27.64262580871582
-6.703310966491699 -58.99300765991211 -7.073855400085449
-74.213134765625 9.29308795928955 64.13163757324219
29.081066131591797 -31.797489166259766 -50.052940368652344
37.97234344482422 -11.321066856384277 -52.410560607910156
35.46403503417969 20.636404037475586 -45.10246658325195
-25.009666442871094 -47.55228042602539 85.38470458984375
14.818461418151855 54.662498474121094 -32.38180923461914
25.282106399536133 39.42181396484375 -17.078765869140625
82.54070281982422 -9.277737617492676 11.466646194458008
32.57600021362305 30.458572387695312 -19.32546615600586
18.340280532836914 -44.39285659790039 -44.22990036010742
-76.10482025146484 -3.6735758781433105 76.0739517211914
-89.81951141357422 0.31082096695899963 -58.95747375488281
-84.8255615234375 -29.050479888916016 -43.12213897705078
22.080089569091797 40.378211975097656 -3.5449509620666504
33.1616325378418 29.50174331665039 -25.81253433227539
-28.91379165649414 -47.4892692565918 47.3626594543457
26.085474014282227 9.239339828491211 38.54692459106445
82.63816833496094 0.5841757655143738 68.06326293945312
13.472704887390137 -33.260929107666016 -82.14493560791016
82.48042297363281 5.482871055603027 29.985239028930664
-6.916367530822754 59.08641052246094 -4.389179706573486
-1.0927904844284058 48.37472915649414 -77.8237533569336
19.808637619018555 -16.584928512573242 80.80432891845703
33.595916748046875 -10.775045394897461 -54.65501403808594
-89.6260757446289 -6.027076244354248 -7.579627513885498
-83.90022277832031 29.28876304626465 -52.132904052734375
-51.205780029296875 -52.576194763183594 -65.69635772705078
20.68544578552246 39.697757720947266 5.216799259185791
-52.031158447265625 -44.8693962097168 23.489988327026367
-53.129276275634766 -58.79145431518555 -42.50766372680664
9.881338119506836 -33.67789840698242 44.3068733215332
25.744543075561523 -12.371378898620605 -75.94283294677734
-8.30555248260498 -53.470970153808594 22.564266204833984
-57.8961067199707 -57.89670181274414 -49.622257232666016
-76.86033630371094 42.32173538208008 -28.327484130859375
-82.23524475097656 -11.54411792755127 14.065415382385254
-52.24494934082031 41.632965087890625 84.86295318603516
26.48172378540039 28.660446166992188 -67.7637710571289
-85.02667236328125 -13.158825874328613 3.8395440578460693
40.095584869384766 -2.3480007648468018 -40.274009704589844
10.110306739807129 -44.14046096801758 16.67991828918457
18.935874938964844 29.58003044128418 -76.90877532958984
22.031862258911133 15.614690780639648 89.52565002441406
6.124011039733887 40.320411682128906 95.6033706665039
-64.13407135009766 -22.60202980041504 -90.95270538330078
25.695236206054688 -32.266754150390625 2.479978322982788
22.623422622680664 -40.65068817138672 -54.085296630859375
-14.643528938293457 -61.93484878540039 -54.528099060058594
-60.04050064086914 -54.95484924316406 -15.69194221496582
33.71833419799805 8.95269775390625 68.65653228759766
38.36709213256836 14.279208183288574 -36.6867561340332
-70.43096160888672 21.09370231628418 74.47476196289062
9.1981201171875 29.041526794433594 -87.83641052246094
-8.525819778442383 39.52570343017578 -89.5583267211914
-74.51913452148438 -0.2979714572429657 64.25696563720703
-19.76872444152832 -25.973527908325195 -96.67996215820312
-62.97086715698242 -40.51445388793945 18.999170303344727
-82.94178771972656 6.195293426513672 91.27452087402344
81.74872589111328 -7.937882423400879 14.434954643249512
13.808436393737793 43.63643264770508 8.723466873168945
2.162994146347046 48.41191482543945 -72.77569580078125
-44.83578872680664 -49.20654296875 -77.7359848022461
37.415889739990234 -5.717493057250977 -51.04135513305664
24.66106605529785 -16.743392944335938 40.651737213134766
32.06532669067383 6.069237232208252 11.210814476013184
-90.06681823730469 -14.740446090698242 -21.670536041259766
-48.161800384521484 48.35459518432617 -77.74935150146484
-12.144399642944336 53.374168395996094 23.44335174560547
32.7049446105957 2.6677823066711426 15.413065910339355
-54.00444030761719 20.08958625793457 -95.88697814941406
-29.949369430541992 3.5363285541534424 -96.0843276977539
-9.50401782989502 55.70225524902344 13.282634735107422
-37.0138053894043 52.33705520629883 23.66915512084961
-61.260169982910156 -45.53390884399414 -74.43280029296875
-34.45768737792969 61.31574249267578 -44.48800277709961
26.486167907714844 9.664158821105957 46.39962387084961
-73.75640869140625 -45.37730407714844 -29.421560287475586
27.537567138671875 -32.39413070678711 -59.39449691772461
-37.76517868041992 -58.990150451660156 -60.976966857910156
11.362059593200684 36.34979248046875 -81.66552734375
-39.47141647338867 46.55244445800781 45.00031280517578
23.377628326416016 17.195974349975586 -74.46658325195312
13.737281799316406 26.191816329956055 70.38562774658203
76.88752746582031 -9.205657958984375 71.00865173339844
-62.34811782836914 34.22603988647461 39.38243865966797
-85.77751922607422 -29.301963806152344 -22.371442794799805
18.652114868164062 -31.01520347595215 -77.13072967529297
-39.36977767944336 55.589290618896484 10.286066055297852
-53.99017333984375 -54.508934020996094 -6.141200542449951
-25.73197364807129 64.56743621826172 -36.08537673950195
22.78564453125 -6.308963775634766 81.54032897949219
-37.16972732543945 -54.5158805847168 18.318439483642578
6.608107089996338 -34.74139404296875 60.37779235839844
-87.52716064453125 -7.757832050323486 -64.7475357055664
11.90974235534668 -48.534725189208984 -62.27903366088867
-1.3484596014022827 30.336549758911133 -93.03105163574219
-9.71743392944336 56.10017395019531 -70.03861999511719
-51.31106185913086 53.870391845703125 -65.35572814941406
14.584583282470703 28.452608108520508 87.04707336425781
37.32960891723633 26.846858978271484 -32.21290969848633
-3.8088324069976807 -44.88802719116211 54.17068099975586
-59.7244987487793 -55.640316009521484 -29.89319610595703
-50.21141815185547 41.5899543762207 49.93436050415039
13.94600772857666 -51.39228820800781 -43.451908111572266
-70.70381164550781 18.863353729248047 88.10842895507812
27.86532211303711 0.2623574435710907 65.81880187988281
40.17201614379883 -8.033681869506836 -45.78797912597656
-27.256629943847656 49.426509857177734 34.52229690551758
2.359368324279785 -27.2277774810791 -94.72095489501953
-87.0066909790039 -17.42457389831543 -57.263858795166016
-76.37771606445312 -8.345151901245117 52.499698638916016
-75.79217529296875 7.431271553039551 45.601924896240234
-19.233402252197266 -60.4500617980957 -8.485873222351074
-49.00938415527344 4.916785717010498 -96.98365783691406
21.232810974121094 -19.325225830078125 94.35017395019531
16.51211929321289 50.82328414916992 -24.76291847229004
-85.1874771118164 21.727901458740234 -6.8324103355407715
13.447626113891602 50.949974060058594 -10.062643051147461
17.869794845581055 -19.72379493713379 -84.84008026123047
34.717411041259766 23.148120880126953 -13.053245544433594
27.838077545166016 36.32252883911133 -30.416555404663086
-73.325927734375 -14.590241432189941 38.26064682006836
63.62751007080078 -6.535306453704834 -5.7471604347229
-6.904233455657959 46.759132385253906 87.4057846069336
-89.18338775634766 4.749186038970947 -56.48353958129883
-73.14151000976562 -11.38009262084961 67.22356414794922
-31.0207576751709 -47.4104118347168 54.845272064208984
-83.79568481445312 29.459585189819336 -59.478275299072266
-11.182177543640137 60.23211669921875 -54.19754409790039
-51.334449768066406 49.11090087890625 13.916996955871582
4.701064586639404 52.79024124145508 2.1775805950164795
-42.81599044799805 48.494632720947266 29.40613555908203
-29.63741111755371 -52.586875915527344 22.30509376525879
-85.51713562011719 7.840259552001953 7.362841606140137
-34.480812072753906 64.54048156738281 -31.36656379699707
-43.70792007446289 -42.371856689453125 82.45597839355469
-43.84220886230469 -3.1084907054901123 -96.63968658447266
-57.92125701904297 34.8120231628418 76.26219177246094
19.965696334838867 19.297653198242188 45.08962631225586
-84.78304290771484 -5.717723846435547 -70.5898208618164
-63.483943939208984 35.3343391418457 -82.65787506103516
-18.399091720581055 41.34877395629883 -91.65629577636719
-75.31438446044922 38.93181610107422 -9.637459754943848
12.06263256072998 48.245521545410156 3.4490773677825928
18.874088287353516 -44.58746337890625 -4.340482234954834
-76.17521667480469 31.26149559020996 -73.05068969726562
79.42376708984375 6.301898002624512 22.483047485351562
-27.10326385498047 -59.733734130859375 -63.9161376953125
-81.62884521484375 -24.930112838745117 -64.944580078125
44.88838195800781 11.856374740600586 73.0657958984375
62.854434967041016 -0.6582626700401306 73.52661895751953
-79.29589080810547 -19.82253074645996 17.362407684326172
-42.67020034790039 62.15205001831055 -38.048831939697266
-89.15619659423828 -1.4021867513656616 88.4520492553711
-73.86576843261719 -9.427611351013184 59.80558776855469
10.236483573913574 -43.322418212890625 25.209386825561523
-36.556541442871094 -44.99922180175781 63.520652770996094
-85.92765808105469 30.30025291442871 -17.52678108215332
3.4560282230377197 56.267860412597656 -51.5888557434082
-76.26007080078125 37.275062561035156 -45.974151611328125
-76.9915542602539 -37.21281433105469 -9.85329532623291
23.090862274169922 -11.337639808654785 39.434688568115234
-72.58917999267578 -29.428024291992188 -77.7388687133789
34.64297103881836 8.217519760131836 -60.48678207397461
-75.97138214111328 -1.7440447807312012 47.65634536743164
-76.62117767333984 -3.128535747528076 40.5825080871582
-56.75676727294922 -42.39119338989258 28.169992446899414
-49.32289505004883 52.57101058959961 -73.69203186035156
-32.48359680175781 57.746761322021484 7.043250560760498
85.3661117553711 -2.0748298168182373 11.910585403442383
80.49894714355469 10.449983596801758 68.6901626586914
15.533196449279785 -36.530059814453125 -71.72784423828125
-24.74852180480957 48.928367614746094 84.33967590332031
9.453766822814941 -35.005126953125 90.6815414428711
37.353271484375 -23.56072235107422 -41.520381927490234
47.259010314941406 12.541332244873047 -13.983526229858398
1.1019058227539062 -56.10799789428711 -44.08819580078125
64.52523803710938 -8.522518157958984 78.63088989257812
-2.57584810256958 46.350379943847656 96.2242202758789
-81.21710205078125 -12.03650188446045 -73.5212631225586
81.00709533691406 -7.762362003326416 63.05537033081055
-53.33494186401367 -38.60829544067383 94.62036895751953
-75.0509033203125 23.745424270629883 -75.62080383300781
-69.29409790039062 -40.34083557128906 -2.9698126316070557
-18.185691833496094 62.16411209106445 -59.92393493652344
-90.92095947265625 23.135339736938477 -29.336973190307617
2.760296106338501 56.738338470458984 -12.189351081848145
-12.144243240356445 60.369686126708984 -63.717342376708984
38.237510681152344 4.187406063079834 -3.467916965484619
3.932704448699951 20.829160690307617 -96.3963394165039
-4.373253345489502 -41.96882247924805 47.46737289428711
45.940513610839844 2.9572417736053467 -29.25066566467285
23.302976608276367 6.853706359863281 88.38569641113281
91.84012603759766 8.211888313293457 52.909767150878906
27.638500213623047 -29.031171798706055 10.976944923400879
4.685078144073486 53.05867385864258 -7.4966139793396
-52.64883041381836 56.221595764160156 -57.63662338256836
-46.40824890136719 -60.59442138671875 -19.821866989135742
-56.489173889160156 -34.56638717651367 78.56791687011719
16.027748107910156 28.132905960083008 47.828060150146484
-54.545902252197266 41.311344146728516 -82.36682891845703
-85.87266540527344 -17.60447120666504 3.020350694656372
34.673362731933594 -31.61263656616211 -29.604225158691406
5.070075988769531 -42.94977951049805 23.890748977661133
-85.32730865478516 -19.614187240600586 -5.398095607757568
-81.29019165039062 -35.977012634277344 -30.37420654296875
15.048348426818848 -47.71702194213867 -14.864784240722656
22.80732536315918 -32.57111358642578 -66.66688537597656
-63.62202072143555 -3.598104238510132 -95.47247314453125
-13.775486946105957 54.609683990478516 12.190178871154785
14.631417274475098 54.48977279663086 -40.157344818115234
-38.593833923339844 59.859134674072266 -3.206864595413208
39.65021514892578 -1.9107797145843506 -15.435542106628418
-21.08559799194336 -45.981101989746094 73.66119384765625
-52.43093490600586 40.10090255737305 63.46293640136719
-22.780588150024414 62.8305549621582 -54.19023895263672
34.90866470336914 -27.19902801513672 -7.714526176452637
-64.60714721679688 34.821903228759766 28.96392059326172
-7.084902286529541 -45.64282989501953 94.17164611816406
31.760637283325195 10.08875560760498 -70.3276596069336
-61.16463088989258 35.52210235595703 -87.48877716064453
-55.72566604614258 -37.92030334472656 56.376068115234375
36.49577713012695 -17.49522590637207 -12.249107360839844
15.665088653564453 10.042845726013184 -92.18722534179688
-92.79695129394531 -8.864373207092285 -37.1109733581543
38.85435485839844 1.9886417388916016 -30.102954864501953
87.6944808959961 12.723516464233398 31.059629440307617
-0.8406058549880981 -51.21745681762695 17.876497268676758
-48.81703567504883 59.749637603759766 -20.40110206604004
-11.160717010498047 -62.69648742675781 -18.687366485595703
63.849998474121094 12.554699897766113 73.08055114746094
70.4759292602539 -8.676852226257324 76.37023162841797
21.62628936767578 -44.24534225463867 -16.107389450073242
-57.07889175415039 47.240501403808594 14.41783618927002
-12.964354515075684 -45.793914794921875 71.15612030029297
8.117508888244629 -37.86015319824219 96.74143981933594
-72.2540054321289 -33.57091522216797 12.344916343688965
77.08705139160156 14.854601860046387 8.560372352600098
-26.47056007385254 55.49652862548828 -75.38906860351562
32.3731803894043 -29.600486755371094 -41.10800552368164
-15.88418960571289 -51.669769287109375 -82.47272491455078
-13.401152610778809 -47.39054489135742 -84.5652084350586
17.776145935058594 21.575580596923828 79.08282470703125
-0.44401872158050537 46.301422119140625 -80.73500061035156
66.46388244628906 -2.216036558151245 3.225743055343628
-60.278446197509766 -14.156954765319824 -96.04754638671875
6.20621919631958 -17.58489227294922 -94.48149108886719
35.044437408447266 6.991830348968506 12.09701919555664
-2.729170322418213 58.246726989746094 -44.665958404541016
16.465635299682617 -29.88465118408203 38.46854782104492
-20.560991287231445 52.26193618774414 -75.76246643066406
-13.384016990661621 -55.45737075805664 14.993705749511719
-38.923831939697266 -53.16859817504883 -77.40553283691406
-86.68522644042969 24.83482551574707 -40.3939094543457
12.854107856750488 -42.21446990966797 -69.59403991699219
29.813610076904297 9.979181289672852 16.78778076171875
-74.29627990722656 15.25413990020752 42.60239028930664
-14.027721405029297 47.1952018737793 76.09050750732422
-63.56684494018555 30.79265022277832 48.33901596069336
-28.210405349731445 53.68934631347656 -73.8133316040039
-56.718299865722656 -28.52857780456543 -94.12916564941406
-88.8085708618164 -1.3684247732162476 -13.134363174438477
-27.867870330810547 -64.91403198242188 -39.75770950317383
-40.46015548706055 62.69010543823242 -52.146263122558594
-28.810134887695312 -46.13847732543945 71.40196990966797
15.64780044555664 -30.223310470581055 96.8612060546875
22.626035690307617 2.405628204345703 75.41377258300781
-58.28623580932617 38.420692443847656 93.16974639892578
35.63902282714844 -12.916929244995117 -1.0533710718154907
-76.32495880126953 -40.90324020385742 -35.85701370239258
-83.71851348876953 -28.909645080566406 -14.982600212097168
31.406333923339844 -26.31528091430664 -12.572456359863281
-61.15076446533203 -52.22853469848633 -38.32276153564453
-58.495155334472656 29.235694885253906 -90.9997787475586
89.98954010009766 4.48760986328125 23.49814796447754
21.173738479614258 -19.06489372253418 46.603240966796875
-74.50312805175781 16.469274520874023 80.35960388183594
-72.84490966796875 44.66574478149414 -42.7775993347168
9.051054954528809 -36.2481803894043 83.0296859741211
-48.97804260253906 -58.44047927856445 -62.4401741027832
-47.671287536621094 -41.543182373046875 67.08784484863281
-62.087806701660156 52.655975341796875 -48.63143539428711
-86.60702514648438 -4.74066162109375 90.98297882080078
-86.45164489746094 -3.5362930297851562 86.48046875
20.164508819580078 39.88241958618164 -58.02816390991211
-28.38820457458496 64.05362701416016 -29.52077865600586
4.68388032913208 58.17133331298828 -34.05936050415039
22.830472946166992 7.937090873718262 49.39275360107422
-31.04724884033203 47.46730422973633 75.34796142578125
31.862613677978516 4.942713260650635 58.379661560058594
-74.86781311035156 -27.558189392089844 17.90302085876465
-64.99044036865234 51.839420318603516 -26.387502670288086
-44.4703483581543 -47.211448669433594 36.06363296508789
35.441715240478516 24.20283317565918 -31.437515258789062
-0.6906023025512695 -40.669010162353516 55.84627914428711
-79.05779266357422 -32.180572509765625 -61.411983489990234
-20.023746490478516 49.439022064208984 48.54610061645508
15.806136131286621 45.46988296508789 -57.87882614135742
-54.05017852783203 -8.496824264526367 -97.06343841552734
-73.51139831542969 19.911060333251953 90.86189270019531
38.46285629272461 -4.637139797210693 -55.44466781616211
-65.67272186279297 -28.37127685546875 85.39623260498047
8.421055793762207 -32.42863845825195 82.5981674194336
-60.97890853881836 30.87539291381836 54.824954986572266
-56.165916442871094 -40.483604431152344 -81.10485076904297
-63.65567398071289 27.168500900268555 64.7085952758789
13.787668228149414 34.167503356933594 97.4963150024414
-1.5568937063217163 -61.30363845825195 -14.194457054138184
47.330360412597656 7.304337978363037 70.32535552978516
20.578950881958008 -10.281325340270996 70.73397827148438
26.308481216430664 12.564698219299316 53.10918045043945
2.2848258018493652 -57.68351364135742 -31.440509796142578
93.48297882080078 5.679093837738037 38.1774787902832
48.75541687011719 4.51690673828125 -11.501608848571777
9.274224281311035 32.84022903442383 78.51297760009766
-89.87393188476562 -16.975706100463867 -45.890750885009766
20.368440628051758 -8.336071014404297 61.9937858581543
9.642560005187988 48.739891052246094 -59.182926177978516
-87.42218017578125 -7.913516521453857 89.60611724853516
-42.860836029052734 -57.366363525390625 -2.2618019580841064
9.699268341064453 32.043243408203125 60.183773040771484
-62.50180435180664 -52.05083084106445 -47.0738525390625
22.753820419311523 -33.66426467895508 -60.23967361450195
70.87385559082031 9.44239616394043 73.33189392089844
-56.32211685180664 48.094173431396484 -71.98002624511719
47.28994369506836 10.509696960449219 78.3428955078125
-89.0351333618164 21.13575553894043 -46.65763854980469
83.07654571533203 -0.910869300365448 19.29934310913086
2.564504623413086 40.627620697021484 -82.52568054199219
76.212158203125 -5.43151330947876 64.2276840209961
28.469337463378906 13.489866256713867 -71.22344970703125
-58.4197998046875 52.791072845458984 -56.805702209472656
-24.90739631652832 -48.889869689941406 58.259029388427734
-9.636314392089844 -54.95331954956055 -71.44071197509766
5.3475847244262695 -42.702327728271484 29.709835052490234
22.55873680114746 22.066850662231445 28.75961685180664
-66.95964050292969 53.27775573730469 -32.73250198364258
41.02063751220703 8.262935638427734 -19.545412063598633
-71.5672378540039 32.67802047729492 -72.90629577636719
-85.10826110839844 1.6534996032714844 -69.7323226928711
-43.35183334350586 56.515560150146484 -66.46874237060547
33.6962776184082 11.73765754699707 9.060883522033691
-18.80660057067871 52.547630310058594 25.409421920776367
-67.6766357421875 -49.64476013183594 -22.689498901367188
40.40697479248047 8.589866638183594 66.98160552978516
86.4693603515625 6.716506004333496 63.94085693359375
-73.81476593017578 -19.037187576293945 40.87135314941406
76.848876953125 -7.401852130889893 7.426027297973633
7.890183925628662 -41.76645278930664 -78.91474914550781
15.91325569152832 -35.928401947021484 20.324188232421875
-61.560367584228516 -48.19529724121094 -66.25623321533203
-41.66837692260742 59.36861801147461 -55.699039459228516
-9.786556243896484 -41.61478805541992 -89.31473541259766
23.784032821655273 -4.904577255249023 -83.60175323486328
-45.657752990722656 25.00998306274414 -96.56494140625
-89.44425201416016 -22.0120849609375 -50.4665412902832
-65.26949310302734 -26.2906436920166 74.67411804199219
-77.27845764160156 8.305248260498047 84.04932403564453
-86.47791290283203 -5.395541191101074 8.753332138061523
-89.3115005493164 -9.767189025878906 -53.36671829223633
28.256593704223633 20.688064575195312 11.087048530578613
35.196693420410156 -25.76441764831543 -31.859527587890625
33.6081657409668 26.8415584564209 -43.17850112915039
-82.93013763427734 -35.10288619995117 -52.149288177490234
22.58139419555664 15.291237831115723 83.57749938964844
-79.46893310546875 -3.3180603981018066 29.55982780456543
26.54724884033203 13.015915870666504 29.171283721923828
41.64748764038086 -8.500675201416016 77.40155029296875
-60.436279296875 -35.4790153503418 75.5963134765625
-34.178462982177734 58.13877487182617 3.429704427719116
-1.9533827304840088 -60.50251007080078 -41.84867858886719
-75.11823272705078 24.372421264648438 23.104816436767578
-28.95103645324707 -61.972129821777344 -8.845163345336914
