-69.75253295898438 9.82248306274414 63.13089370727539
70.12902069091797 21.0833797454834 58.097442626953125
55.033180236816406 43.351806640625 66.5795669555664
53.902034759521484 -46.730079650878906 80.67485809326172
-47.640377044677734 -46.06203842163086 -7.542506694793701
50.04621887207031 55.0738525390625 87.3490982055664
14.95639705657959 68.97122192382812 66.60060119628906
-66.8350830078125 26.64684295654297 144.22625732421875
-28.42082977294922 -72.15182495117188 131.9108123779297
-38.62355041503906 46.82183074951172 -17.936206817626953
32.67543029785156 33.869873046875 -24.453487396240234
1.452504277229309 68.9407730102539 8.345705032348633
47.9287109375 21.42828941345215 -18.50754737854004
47.59846878051758 -49.6338005065918 39.081390380859375
59.10178756713867 -49.097713470458984 64.18999481201172
-65.72049713134766 -26.38210678100586 118.58053588867188
132.4197540283203 -5.557487964630127 88.47286987304688
-64.66655731201172 40.62187576293945 62.29428482055664
20.120559692382812 -34.05525207519531 -30.89997100830078
-44.27920913696289 48.24543380737305 1.941017746925354
29.343732833862305 -33.224605560302734 -26.64510154724121
-11.37833309173584 69.84893798828125 36.30780792236328
-53.05936813354492 -39.56670379638672 23.401853561401367
10.084020614624023 -64.1554946899414 19.607072830200195
53.05945587158203 -37.68647003173828 6.357774257659912
-67.08634185791016 -12.384527206420898 5.0649733543396
-11.435678482055664 31.938058853149414 -34.78995132446289
-65.88624572753906 -30.265457153320312 35.01327896118164
-50.75858688354492 56.08145523071289 32.00352478027344
-1.0996615886688232 -73.75579833984375 66.976318359375
-64.83016967773438 31.044208526611328 38.38051986694336
-51.82229995727539 -59.413902282714844 117.39492797851562
72.04964447021484 -4.494539260864258 136.47219848632812
15.823911666870117 59.643550872802734 6.105175495147705
-17.586650848388672 -66.916748046875 51.15850067138672
68.4530029296875 -4.740899085998535 7.629369735717773
16.177419662475586 -72.22371673583984 145.3437957763672
-31.445964813232422 -67.3157730102539 98.49604797363281
38.88218307495117 61.069610595703125 51.76099395751953
-71.79741668701172 31.0136775970459 139.49594116210938
57.34367370605469 3.0073094367980957 -6.617922782897949
-2.5497941970825195 -67.52742767333984 0.21165640652179718
-35.35407257080078 70.35672760009766 136.97421264648438
53.06425476074219 -54.52120590209961 30.81137466430664
-34.47987747192383 65.60262298583984 62.659095764160156
65.08151245117188 -31.2421875 143.25253295898438
4.241165637969971 39.17730712890625 -30.9344539642334
-1.4764057397842407 74.82181549072266 104.72447967529297
-60.70978927612305 -37.34977340698242 27.872955322265625
-56.464542388916016 49.1312370300293 90.21698760986328
-73.00615692138672 -13.2036714553833 148.59458923339844
40.56959533691406 -31.490861892700195 -37.48121643066406
38.75300598144531 12.650128364562988 -34.75217819213867
-50.82106399536133 -35.73309326171875 10.007240295410156
3.4691195487976074 -64.18346405029297 -2.086287260055542
-67.58560943603516 35.65753173828125 126.03461456298828
-2.8784220218658447 -44.314308166503906 -42.63547897338867
61.58197784423828 -42.310665130615234 115.2242660522461
58.91756057739258 -48.43167495727539 43.859397888183594
41.219764709472656 63.49867630004883 87.2793197631836
46.7001838684082 -8.300999641418457 -22.45197296142578
-2.674088954925537 74.82441711425781 149.24395751953125
34.295291900634766 -25.796293258666992 -34.72285079956055
19.943891525268555 62.20722579956055 -9.107250213623047
-61.323631286621094 -20.112789154052734 -4.113299369812012
72.75707244873047 -24.030099868774414 96.32730865478516
-30.859783172607422 -68.34093475341797 144.2247314453125
-64.23733520507812 -38.59648895263672 73.5804214477539
-52.78252410888672 -4.807305812835693 -23.01847267150879
-74.17388916015625 10.416478157043457 148.66693115234375
-27.095829010009766 30.77277183532715 -31.105792999267578
-34.72394561767578 -65.4013900756836 120.18901824951172
72.05989074707031 -19.770963668823242 60.282310485839844
-72.3930435180664 -4.885830879211426 55.79539108276367
19.007843017578125 -72.69184112548828 56.34077453613281
-29.2308406829834 -40.789772033691406 -38.89795684814453
-75.21977996826172 6.233907699584961 119.99454498291016
-64.4181900024414 -6.401500225067139 8.958538055419922
-12.726312637329102 67.41590881347656 43.075191497802734
62.11775588989258 -43.655757904052734 51.874385833740234
77.52644348144531 0.7315487861633301 148.72882080078125
58.24397277832031 -17.773548126220703 -15.766280174255371
-41.684486389160156 58.321067810058594 128.26234436035156
66.73986053466797 32.30523681640625 90.36811828613281
66.65519714355469 -34.83753204345703 147.28233337402344
-46.576263427734375 58.43559646606445 97.90190887451172
53.813385009765625 5.9385809898376465 -19.366804122924805
60.529998779296875 14.195858001708984 -1.7988431453704834
-47.5140380859375 -32.17030715942383 -14.34823989868164
36.21567916870117 -64.79060363769531 119.44541931152344
-40.401092529296875 62.841590881347656 35.827491760253906
3.769068717956543 -67.91371154785156 4.404030799865723
47.11575698852539 -57.12814712524414 64.21613311767578
-67.04683685302734 29.268829345703125 64.56134033203125
-59.70954513549805 52.17377471923828 108.13060760498047
57.1241455078125 -41.35478973388672 98.49412536621094
70.34002685546875 -7.0731611251831055 17.20984649658203
-0.1510581076145172 76.23812866210938 126.86939239501953
17.676530838012695 71.15811920166016 34.77983474731445
16.20460319519043 -3.5888164043426514 -43.63812255859375
-30.79942512512207 51.316261291503906 -20.186717987060547
-21.307462692260742 -75.45111083984375 124.7015380859375
53.102935791015625 -57.944190979003906 114.11163330078125
54.56232833862305 -10.803275108337402 -28.35451316833496
62.56856155395508 45.326568603515625 63.71396255493164
39.24287796020508 -60.350494384765625 61.9494514465332
7.82767391204834 -70.08116912841797 37.403297424316406
-53.08394241333008 -47.39347839355469 19.268381118774414
-2.5748493671417236 -68.34488677978516 38.20351028442383
-8.695646286010742 -70.26306915283203 36.17123794555664
-34.728965759277344 39.81357192993164 -30.69137954711914
-50.48554611206055 -53.281734466552734 122.96215057373047
-66.95263671875 41.187129974365234 80.1813735961914
-37.74925231933594 -59.70708465576172 124.3035659790039
63.32796096801758 -31.606943130493164 20.353599548339844
30.688600540161133 -46.89471435546875 -9.039066314697266
-40.80752944946289 -57.57958984375 61.2520751953125
59.727684020996094 38.9377555847168 131.26092529296875
-16.02753257751465 -70.6854019165039 43.93207931518555
31.554534912109375 67.96883392333984 78.38191223144531
8.122274398803711 26.12087059020996 -46.70362854003906
48.10495376586914 -33.497459411621094 -12.437161445617676
0.5438541769981384 -76.23566436767578 110.19755554199219
-18.959911346435547 72.12391662597656 65.9667739868164
15.413044929504395 -40.72403335571289 -39.424827575683594
114.50375366210938 0.5905894041061401 40.733482360839844
38.139869689941406 67.28239440917969 99.33203125
76.60906982421875 -16.999164581298828 134.20748901367188
68.49039459228516 -32.90522003173828 68.41472625732422
41.861148834228516 58.74408721923828 78.43748474121094
65.45095825195312 15.65320873260498 7.315695762634277
-59.75146484375 40.07978820800781 113.3086929321289
-49.879730224609375 -43.86014938354492 11.753726959228516
-39.68466567993164 28.677513122558594 -40.932159423828125
-18.017662048339844 72.75626373291016 147.3384246826172
-17.962566375732422 70.63822174072266 127.01065063476562
92.18849182128906 1.5007402896881104 131.7904815673828
19.417171478271484 68.29048156738281 76.92089080810547
-7.257478713989258 13.719833374023438 -40.04750442504883
2.1449856758117676 44.10919952392578 -31.13514518737793
-50.855648040771484 -23.20665168762207 -29.192493438720703
75.84471893310547 15.327122688293457 121.83634948730469
-56.0287971496582 54.487300872802734 121.37554168701172
-41.07238006591797 -22.589134216308594 -40.28816604614258
19.221920013427734 57.574195861816406 -18.593135833740234
18.804561614990234 -71.39418029785156 121.99174499511719
60.35399627685547 -49.03925704956055 87.18697357177734
69.37987518310547 -26.55320167541504 82.1955337524414
56.835548400878906 -46.96315002441406 92.76414489746094
5.745479583740234 -71.40194702148438 54.633384704589844
22.482450485229492 -70.01660919189453 66.47021484375
31.01166343688965 -71.02521514892578 89.4897232055664
-67.51819610595703 10.8059663772583 44.2917366027832
53.64408493041992 -5.920426845550537 -21.813968658447266
-61.208560943603516 -39.22420120239258 143.41802978515625
54.016868591308594 -53.519317626953125 60.23923873901367
-1.2258366346359253 70.67575073242188 52.682254791259766
-27.101593017578125 -74.4057388305664 118.39945220947266
24.383895874023438 66.69947814941406 68.428466796875
-13.808586120605469 73.96409606933594 46.877384185791016
123.8392105102539 -5.460113525390625 65.36844635009766
-41.49678421020508 57.76079177856445 95.17566680908203
-26.06085968017578 -60.633056640625 20.610660552978516
73.60111236572266 -15.901589393615723 126.74533081054688
69.60964965820312 15.136003494262695 71.44929504394531
77.55583953857422 8.395310401916504 108.26197814941406
36.981040954589844 -62.861576080322266 139.13961791992188
-53.9097785949707 -58.238651275634766 125.63118743896484
55.14570999145508 -47.77736282348633 51.30495071411133
-46.960296630859375 43.400550842285156 -10.177055358886719
-47.61946105957031 -57.2211799621582 109.05379486083984
-54.81868362426758 -51.735633850097656 148.3494873046875
-32.288516998291016 -8.28073501586914 -45.2781982421875
-51.38161849975586 55.19573211669922 109.61238861083984
-71.69296264648438 25.176244735717773 35.25613784790039
44.43614196777344 59.63894271850586 148.84808349609375
-9.112058639526367 -64.68180084228516 -2.8530936241149902
-27.84745979309082 72.11094665527344 105.24236297607422
54.34571838378906 45.620361328125 87.1703109741211
46.5333366394043 -58.55223846435547 125.89152526855469
-61.261417388916016 -6.121820449829102 -13.462717056274414
-31.10515022277832 62.095062255859375 38.40559005737305
59.72597122192383 -39.725547790527344 16.04070472717285
11.939196586608887 72.5224380493164 59.33192825317383
29.04576301574707 -66.429931640625 36.1407356262207
37.011287689208984 -2.2341270446777344 -31.747039794921875
48.6888313293457 1.164692997932434 -40.11009216308594
-60.87468719482422 -13.094751358032227 4.045957088470459
71.04631805419922 35.32561492919922 84.80268859863281
-32.92741012573242 64.94782257080078 47.518131256103516
53.26423263549805 25.04769515991211 -21.77346420288086
-16.706876754760742 -71.4092788696289 126.31039428710938
76.47651672363281 -9.952807426452637 74.89443969726562
44.504966735839844 -21.05500602722168 -38.9459114074707
-21.070449829101562 -67.77952575683594 95.38821411132812
12.85937213897705 -47.61857604980469 -30.781539916992188
-45.627742767333984 63.1024055480957 123.6154556274414
-46.04377746582031 37.80990982055664 -5.581117153167725
121.0892333984375 1.8685994148254395 62.39116287231445
25.246660232543945 44.01509475708008 -33.451595306396484
43.788814544677734 -60.365657806396484 103.62519073486328
-38.08084487915039 63.23826599121094 108.68182373046875
-51.061012268066406 -48.40079879760742 56.69446563720703
4.880625247955322 -72.86383056640625 120.86925506591797
-70.00923156738281 11.632779121398926 81.58586120605469
15.415685653686523 -62.42024230957031 6.5496826171875
15.278900146484375 74.45133972167969 120.4691162109375
-63.31005096435547 -4.277239799499512 1.2361197471618652
-14.436539649963379 73.18497467041016 77.41908264160156
53.267642974853516 51.58415985107422 137.9383087158203
1.7361483573913574 -17.25385856628418 -43.07941436767578
-19.2095947265625 -30.322853088378906 -33.28761291503906
-60.27618408203125 43.4256477355957 123.04593658447266
-18.521455764770508 74.09074401855469 105.21925354003906
44.42979431152344 -62.28180694580078 147.67495727539062
44.92158508300781 57.62481689453125 102.24085998535156
-49.248836517333984 -53.02120590209961 29.473379135131836
40.10749053955078 -59.67637634277344 111.09202575683594
78.63912963867188 -5.85581636428833 104.45792388916016
-31.447067260742188 -66.87494659423828 64.31839752197266
-56.3781852722168 -36.24906921386719 16.51169204711914
104.76982879638672 -6.564398765563965 43.29326248168945
-73.28730010986328 -19.880043029785156 75.39789581298828
-1.4557539224624634 53.04059600830078 -33.688838958740234
68.53707122802734 25.016571044921875 40.877357482910156
-66.43359375 38.50643539428711 68.59984588623047
-43.08106994628906 -55.70438003540039 17.15569496154785
5.354179382324219 50.85448455810547 -36.569374084472656
72.01510620117188 -12.325128555297852 65.71444702148438
-4.273656368255615 -68.81033325195312 27.27627182006836
-61.452579498291016 14.357081413269043 11.073609352111816
-70.41828918457031 23.949138641357422 126.63212585449219
-52.44281768798828 -31.966028213500977 -3.156248092651367
-36.0464973449707 65.08320617675781 43.29391098022461
15.3098783493042 -74.35362243652344 99.9988784790039
-1.1979210376739502 -66.8796157836914 11.262876510620117
-75.32568359375 -1.387057900428772 94.75084686279297
-67.106201171875 -39.413291931152344 131.69522094726562
-2.5059056282043457 46.719078063964844 -41.2430305480957
-72.69927215576172 13.554028511047363 96.68733215332031
-57.09613800048828 40.10525894165039 71.12034606933594
-40.93872833251953 -53.33074951171875 30.183826446533203
22.286746978759766 -73.69488525390625 142.22195434570312
-49.91812515258789 -56.33612060546875 52.07449722290039
-40.51945877075195 60.89902114868164 118.60964965820312
68.7322998046875 31.691389083862305 147.53965759277344
27.87289810180664 27.356182098388672 -32.55712890625
-12.590693473815918 72.8323745727539 97.22711181640625
104.60624694824219 1.0684231519699097 46.5138053894043
65.36612701416016 -23.847993850708008 51.46538162231445
-57.00099563598633 -17.087247848510742 -0.6106371283531189
-49.73093795776367 -13.927626609802246 -26.452800750732422
3.2543015480041504 55.87923049926758 -21.37939453125
-62.79722595214844 16.685436248779297 -8.04423999786377
30.1477108001709 -8.973891258239746 -35.92954635620117
-54.09251022338867 10.22879409790039 -28.939279556274414
61.653709411621094 25.795698165893555 3.4193708896636963
67.44589233398438 -23.18547248840332 91.60608673095703
-45.924171447753906 -11.3991060256958 -41.12157440185547
-57.919151306152344 54.56471252441406 78.9459457397461
-56.356689453125 50.11280822753906 31.979759216308594
-25.848026275634766 66.80768585205078 140.52825927734375
52.49109649658203 53.776241302490234 108.815185546875
2.2580204010009766 9.106548309326172 -44.61796951293945
49.9522819519043 -55.876075744628906 134.86813354492188
59.02781295776367 -45.802940368652344 143.06417846679688
56.56123733520508 -10.231826782226562 -15.324522018432617
-25.726287841796875 54.158050537109375 -20.85610008239746
97.93247985839844 1.4108294248580933 36.51811981201172
66.72743225097656 -24.12741470336914 71.75843048095703
-42.79538345336914 -62.01567077636719 119.0903549194336
-66.12093353271484 17.643911361694336 30.332408905029297
26.32670783996582 39.41879653930664 -39.30018997192383
-0.25314760208129883 66.65047454833984 23.452009201049805
-31.87203025817871 -63.50203323364258 26.90217399597168
116.59473419189453 1.9784313440322876 127.56328582763672
-43.54563522338867 -38.767982482910156 -3.4637057781219482
70.81878662109375 -8.403634071350098 75.61756896972656
-58.05647277832031 17.388687133789062 0.22971759736537933
-50.19007110595703 47.34620666503906 22.071840286254883
-74.52799224853516 -6.827761650085449 139.63095092773438
59.15043258666992 -46.4202880859375 149.35360717773438
-10.73027229309082 71.08441162109375 65.63200378417969
-72.3031997680664 9.643708229064941 53.772579193115234
70.46454620361328 -10.843771934509277 82.73839569091797
57.49357986450195 17.548322677612305 -16.823087692260742
-62.796016693115234 -25.799657821655273 25.38721466064453
-20.88152503967285 -73.45026397705078 45.92366409301758
110.26123809814453 4.015340328216553 52.19987487792969
52.03779220581055 55.90556335449219 53.67671203613281
-20.24342918395996 -39.495750427246094 -41.99946212768555
-37.29993438720703 -44.58976364135742 -10.095417976379395
-15.81165599822998 55.98621368408203 -19.854448318481445
-51.79445266723633 -46.132232666015625 48.1783332824707
-31.420286178588867 -26.760900497436523 -35.60329055786133
63.22388458251953 -21.588884353637695 22.27578353881836
-65.90943145751953 9.6617431640625 2.024235963821411
-55.44185256958008 -46.26495361328125 124.01148986816406
33.045650482177734 55.451480865478516 -1.3397489786148071
41.93268966674805 -3.2667648792266846 -41.733070373535156
64.44734191894531 -36.45541763305664 103.16221618652344
55.04164123535156 -19.842063903808594 -8.157646179199219
-14.167305946350098 14.828652381896973 -46.31747055053711
-65.13368225097656 -35.428070068359375 93.93770599365234
-67.5743637084961 -32.5015983581543 55.00185775756836
-25.373382568359375 -32.19510269165039 -29.185457229614258
63.578590393066406 45.93772506713867 116.13487243652344
-12.560318946838379 -57.52027893066406 -15.851716995239258
-51.08517074584961 -57.369102478027344 66.46979522705078
62.54460906982422 -4.490531921386719 10.241456985473633
-43.909629821777344 -21.676708221435547 -28.928787231445312
-62.00933837890625 22.222898483276367 3.916463613510132
45.83153533935547 -36.43473434448242 -3.340580940246582
9.034528732299805 -69.5857162475586 73.0152587890625
44.84953689575195 43.44282531738281 -4.8681464195251465
18.768375396728516 69.11478424072266 99.82111358642578
62.108612060546875 32.79437255859375 10.109548568725586
12.439224243164062 66.52696990966797 37.79453659057617
-20.224706649780273 54.590843200683594 -12.722774505615234
50.75918197631836 -50.917724609375 101.33350372314453
-72.7253189086914 19.881681442260742 37.46038818359375
-54.979148864746094 57.43379211425781 130.86866760253906
-72.0583724975586 15.805370330810547 28.0173397064209
50.30140686035156 -10.493964195251465 -33.30575180053711
-74.7596664428711 26.33738136291504 132.2165069580078
15.416086196899414 -73.28838348388672 68.51392364501953
-65.96590423583984 -29.484621047973633 15.988309860229492
45.742225646972656 47.03004837036133 6.668726444244385
-65.0285873413086 1.5870428085327148 13.022269248962402
-61.64418029785156 -35.47583770751953 134.468505859375
-71.60789489746094 -6.447749137878418 14.86606216430664
53.74380111694336 -43.13124465942383 46.05011749267578
-59.64949035644531 -27.573686599731445 6.819681167602539
-9.277355194091797 -72.8107681274414 53.01095199584961
30.760215759277344 69.41172790527344 147.9275665283203
52.042171478271484 -54.39185333251953 89.41830444335938
40.82170486450195 -66.84339141845703 100.54143524169922
71.81571197509766 17.886001586914062 144.65451049804688
-11.806674003601074 72.8116455078125 112.62637329101562
21.958053588867188 21.511449813842773 -34.70476531982422
1.6038662195205688 -60.546875 -17.849185943603516
8.833294868469238 67.69850158691406 41.71552658081055
-73.71930694580078 -13.714251518249512 103.76811218261719
64.06670379638672 34.56803894042969 31.14442253112793
-65.90579986572266 25.417818069458008 23.800996780395508
-64.78317260742188 42.55070877075195 114.1238784790039
-70.767822265625 -3.305032730102539 67.67292022705078
61.27490234375 -39.342063903808594 61.37131118774414
39.02175521850586 62.114234924316406 76.4438247680664
14.077486991882324 -69.15219116210938 86.7491683959961
47.06863784790039 -57.632408142089844 111.95712280273438
35.092525482177734 67.5802001953125 64.8039779663086
-68.53614044189453 24.285005569458008 49.22985076904297
-50.481292724609375 -52.58588790893555 17.08845329284668
-62.730979919433594 40.04079055786133 145.47372436523438
75.09113311767578 23.720104217529297 92.3973388671875
28.20694351196289 -67.80062103271484 59.43842697143555
-49.53620910644531 -56.042747497558594 140.43983459472656
48.14596176147461 55.26441955566406 62.58210754394531
-71.79289245605469 -19.333547592163086 66.67018127441406
-50.70866775512695 23.81928825378418 -26.494077682495117
-52.389122009277344 59.42163848876953 131.2324981689453
-13.479108810424805 51.4612922668457 -15.320717811584473
21.84866714477539 65.23011016845703 22.758337020874023
-23.029008865356445 -63.984493255615234 14.355975151062012
54.33935546875 -30.381649017333984 -1.7060991525650024
73.6269760131836 -14.574169158935547 111.5749282836914
36.3851203918457 -54.82408905029297 20.803850173950195
70.81431579589844 19.061948776245117 99.28618621826172
20.0049991607666 16.132221221923828 -40.93494415283203
-26.91638946533203 73.06025695800781 82.6691665649414
70.14264678955078 11.399266242980957 130.9246368408203
72.05277252197266 10.326104164123535 111.50540924072266
-68.23133850097656 -39.048583984375 116.00938415527344
76.58553314208984 -0.9596290588378906 71.14260864257812
-40.7862434387207 -59.280006408691406 78.69082641601562
-20.289230346679688 66.32018280029297 24.53116798400879
120.52281188964844 -3.5234804153442383 123.85174560546875
129.62403869628906 -4.853876113891602 62.500587463378906
-43.44733428955078 -60.80985641479492 94.97702026367188
-6.339116096496582 -58.62887954711914 -4.97166109085083
-5.56666898727417 32.927913665771484 -45.25393295288086
-52.44045639038086 45.667991638183594 30.229337692260742
32.80887985229492 21.963863372802734 -43.92412567138672
49.22111511230469 57.200416564941406 117.26778411865234
-72.40985870361328 -22.160839080810547 94.36478424072266
-54.89568328857422 -50.31024932861328 71.26884460449219
-18.381813049316406 6.795506477355957 -38.9793701171875
5.660548210144043 61.406307220458984 3.7891530990600586
-65.21221923828125 31.560009002685547 92.89266967773438
-74.86038208007812 0.11590506881475449 72.79054260253906
-54.3874397277832 22.033945083618164 -13.573114395141602
64.96736907958984 3.246417284011841 6.7196197509765625
6.733949661254883 -10.607110977172852 -45.89140701293945
60.33600616455078 48.2271842956543 99.80661010742188
57.60637664794922 46.398433685302734 123.15913391113281
-28.173595428466797 67.7582778930664 126.03208923339844
42.75600814819336 -16.168684005737305 -27.16518783569336
28.31757164001465 -71.1258316040039 130.14129638671875
72.97464752197266 -19.432815551757812 77.28118896484375
32.83876419067383 48.152130126953125 -9.95815658569336
76.43557739257812 4.627435684204102 50.25337219238281
128.60391235351562 -4.943196773529053 112.72972869873047
-40.79485321044922 -59.105037689208984 86.9924545288086
-22.75550651550293 67.90328216552734 108.52159881591797
58.81696701049805 -53.2059326171875 130.18795776367188
114.09869384765625 1.81588876247406 48.200191497802734
-73.05996704101562 12.353202819824219 71.64229583740234
48.56908416748047 53.905582427978516 40.65945053100586
69.31177520751953 3.3355326652526855 41.138648986816406
57.51258087158203 -29.68921661376953 -9.725696563720703
-3.3734333515167236 -72.43878173828125 42.78506088256836
-21.210527420043945 45.70726776123047 -31.066835403442383
70.0175552368164 -28.375844955444336 36.9658317565918
-68.05718994140625 -27.473716735839844 71.83235168457031
59.651039123535156 -27.71245002746582 -8.205400466918945
67.86273193359375 -19.57007598876953 119.41966247558594
62.841217041015625 -32.668701171875 108.08549499511719
8.103785514831543 -55.05656051635742 -14.811100959777832
54.60871124267578 -40.36408615112305 22.61811065673828
-70.60348510742188 22.93612289428711 103.71564483642578
-0.6261864304542542 71.79298400878906 40.46019744873047
59.25074005126953 -53.22433090209961 147.71261596679688
-53.454551696777344 49.96721267700195 53.63175582885742
-64.74916076660156 -23.082874298095703 47.820831298828125
16.195518493652344 46.762054443359375 -35.53111267089844
-42.852237701416016 -40.02694320678711 -7.122542381286621
126.18612670898438 -4.451974868774414 87.73159790039062
35.93952941894531 -67.6425552368164 144.15541076660156
29.283931732177734 73.46636962890625 118.46768188476562
32.64152526855469 58.39674377441406 26.506683349609375
-45.74279022216797 5.551171779632568 -43.06340408325195
65.10012817382812 22.068187713623047 47.79072189331055
-49.84329605102539 51.8816032409668 115.61737060546875
19.115005493164062 72.97450256347656 73.98137664794922
-36.471900939941406 -57.22975158691406 4.528354167938232
23.601381301879883 70.25731658935547 58.44976043701172
7.030729293823242 74.00768280029297 111.6585922241211
44.05287170410156 -43.64910125732422 -17.82801055908203
-36.255409240722656 46.672576904296875 -2.4107229709625244
22.541601181030273 -62.30898666381836 15.612713813781738
60.70015335083008 46.32660675048828 70.63121795654297
-21.238117218017578 -66.22074127197266 24.051382064819336
-34.9322624206543 -63.58395004272461 17.419227600097656
55.9247932434082 -50.09813690185547 105.66222381591797
-60.10398864746094 37.60304260253906 73.73363494873047
14.969439506530762 57.1565055847168 -3.0768070220947266
58.39984130859375 -53.172019958496094 71.50660705566406
55.17780685424805 -53.57796096801758 139.20474243164062
-13.59296989440918 -72.44888305664062 84.05632781982422
129.50851440429688 -1.3637089729309082 60.104496002197266
-41.643882751464844 58.58282470703125 61.77054977416992
15.371971130371094 -42.306678771972656 -25.429607391357422
-64.43414306640625 -21.436176300048828 14.920249938964844
31.159345626831055 -69.34307861328125 47.9100341796875
-58.41682052612305 -12.747462272644043 -18.8131103515625
68.52342987060547 -23.850406646728516 106.47412872314453
47.3704833984375 -43.72820281982422 -5.466808319091797
-14.4717435836792 -49.583805084228516 -34.25749588012695
-15.379908561706543 45.6213493347168 -21.896642684936523
-5.879449844360352 18.705474853515625 -39.2257194519043
67.40644836425781 26.327346801757812 148.27455139160156
-24.999216079711914 74.31219482421875 134.557373046875
123.65249633789062 1.489698052406311 89.44881439208984
25.70351219177246 45.46201705932617 -16.92228126525879
-44.54348373413086 32.9435920715332 -18.03670310974121
74.45951843261719 -8.822399139404297 91.76695251464844
-54.40532684326172 46.00724411010742 40.67189025878906
-61.506160736083984 48.38383483886719 73.04460906982422
-72.46562194824219 21.99872398376465 135.97824096679688
-45.91762161254883 -54.579959869384766 43.09144592285156
70.62953186035156 26.437355041503906 131.2766876220703
17.913650512695312 65.3209228515625 32.94672775268555
13.667609214782715 -58.12624740600586 1.8375757932662964
6.700716018676758 -35.53075408935547 -37.703163146972656
70.9085693359375 11.408557891845703 122.69242095947266
-30.1628360748291 -61.646728515625 2.574816942214966
66.64628601074219 -20.436046600341797 42.642173767089844
71.57748413085938 30.69068145751953 51.40724182128906
63.18000411987305 40.5041618347168 142.8450164794922
50.72003936767578 -48.25944519042969 18.972393035888672
-68.32762145996094 -24.24949073791504 56.79246139526367
72.27508544921875 -17.432104110717773 47.97894287109375
-45.3802490234375 2.910936117172241 -26.173521041870117
-13.151212692260742 59.809268951416016 -6.862812042236328
-37.8377799987793 -59.192527770996094 31.132579803466797
133.5178680419922 2.8809704780578613 81.12129211425781
-68.29009246826172 -19.071834564208984 33.814361572265625
69.15106964111328 -17.71038055419922 32.622562408447266
66.48420715332031 -32.22156524658203 51.12412643432617
17.686649322509766 34.146480560302734 -38.13331604003906
-17.126144409179688 72.30317687988281 134.0894775390625
-39.4784049987793 -63.59791946411133 40.79721450805664
71.77481842041016 28.912734985351562 63.06011199951172
-43.08777618408203 -63.076324462890625 78.59590911865234
-21.615129470825195 -38.96651840209961 -25.363727569580078
62.34685134887695 -26.442495346069336 29.904272079467773
33.299659729003906 65.2173843383789 89.9013900756836
-41.685630798339844 -66.61957550048828 139.5297393798828
-72.16790771484375 9.635005950927734 109.1387939453125
70.34517669677734 21.1610164642334 78.47071838378906
50.59770202636719 -18.312725067138672 -15.923550605773926
47.238983154296875 9.23984432220459 -40.95404815673828
113.94319152832031 2.702167510986328 115.13520812988281
-49.02630615234375 40.68441390991211 9.974334716796875
70.88597106933594 9.240213394165039 28.156982421875
70.64482879638672 23.366764068603516 120.14665985107422
-47.71696090698242 57.87382125854492 142.3585662841797
-35.75069808959961 65.47743225097656 130.8730926513672
-30.084619522094727 7.799402236938477 -44.332801818847656
-75.53162384033203 20.893733978271484 115.62816619873047
-62.59419250488281 -46.480003356933594 71.79178619384766
-74.33758544921875 4.298325538635254 81.17675018310547
63.97632598876953 -45.93089294433594 139.00827026367188
1.8088953495025635 -47.38661193847656 -45.8760871887207
-57.47550582885742 -54.08728790283203 112.8736572265625
62.68178939819336 -16.601266860961914 12.274035453796387
22.74348258972168 54.7193603515625 -9.8472900390625
69.69525146484375 10.307232856750488 11.086888313293457
-57.44341278076172 50.31877136230469 143.23907470703125
-69.81563568115234 -29.385282516479492 112.90882110595703
128.399169921875 4.338419437408447 62.231807708740234
-75.90287017822266 -2.416997194290161 64.45240783691406
-34.833126068115234 -33.232940673828125 -43.04281234741211
-39.693939208984375 -63.21162033081055 132.2586669921875
29.61330795288086 -14.69154167175293 -43.812374114990234
47.13129425048828 60.03033447265625 134.94175720214844
-5.566133975982666 65.01122283935547 9.336325645446777
62.79145431518555 -1.613412857055664 -2.8908755779266357
-67.22246551513672 -11.665250778198242 20.60267448425293
71.14124298095703 31.106124877929688 103.86522674560547
-67.0299072265625 -30.776437759399414 27.256216049194336
53.02959442138672 -0.30288079380989075 -33.17275619506836
-26.85057830810547 69.3186264038086 93.08006286621094
-49.03169250488281 -41.159095764160156 -3.804377555847168
29.43852424621582 -54.1531982421875 3.913428544998169
-69.956787109375 -29.27735710144043 85.89708709716797
-10.93098258972168 -74.6254653930664 132.61630249023438
58.23468780517578 -4.640985488891602 -3.2420644760131836
-70.60939025878906 -8.818014144897461 97.25724792480469
66.3775634765625 37.063934326171875 38.815216064453125
-54.67229080200195 12.787689208984375 -22.278640747070312
-42.63009262084961 -46.18028259277344 -12.244402885437012
-35.4468994140625 16.130708694458008 -32.68400573730469
-23.526233673095703 -69.0788803100586 113.31536865234375
49.50657272338867 -18.928871154785156 -35.64008331298828
54.60023880004883 -51.47777557373047 37.17611312866211
30.980295181274414 41.154945373535156 -29.429824829101562
25.13543128967285 -68.14041137695312 93.81568908691406
-44.22368621826172 51.77143096923828 32.0798454284668
-10.431888580322266 68.12896728515625 52.993797302246094
85.23442077636719 4.999195575714111 125.39701843261719
78.23504638671875 9.640192031860352 123.81985473632812
3.6595773696899414 73.4363784790039 87.38227844238281
26.1652774810791 -7.001259803771973 -46.63526916503906
73.87747955322266 29.3510684967041 115.5594253540039
-36.916961669921875 -57.2464714050293 39.57469940185547
58.683170318603516 -23.809402465820312 -14.07533073425293
-47.247623443603516 -48.50651168823242 3.092700719833374
30.18101692199707 13.51421070098877 -34.818721771240234
-21.93924903869629 42.93700408935547 -43.96725845336914
44.059303283691406 21.82785415649414 -42.42792892456055
50.58873748779297 -55.07779312133789 148.41200256347656
7.662214756011963 -73.18730926513672 133.12466430664062
44.9621696472168 -60.670143127441406 52.8776969909668
-60.12694549560547 -39.124446868896484 44.77259826660156
-12.230724334716797 65.11222076416016 16.218406677246094
34.3037223815918 -62.328556060791016 42.816978454589844
-2.2912979125976562 72.71171569824219 71.83992004394531
-66.98381042480469 -37.80509567260742 145.93075561523438
51.926483154296875 46.344749450683594 48.212615966796875
57.56977844238281 -42.04998779296875 36.465179443359375
-70.0086441040039 -24.875173568725586 43.53715515136719
-31.742313385009766 72.51516723632812 126.57698059082031
40.89802551269531 54.80774688720703 2.571629524230957
65.96839904785156 41.43125915527344 102.98384857177734
19.407291412353516 -71.12853240966797 80.89009094238281
48.07882308959961 52.666805267333984 71.5704116821289
27.475439071655273 64.77114868164062 7.548338890075684
-67.3106918334961 -32.16000747680664 128.26785278320312
-32.71266174316406 66.58322143554688 98.38299560546875
52.050533294677734 56.2675666809082 80.8569564819336
-54.52915573120117 -53.1641845703125 100.0552978515625
-25.36785888671875 -46.519371032714844 -21.67238998413086
38.33883285522461 28.42125701904297 -27.050827026367188
76.73609924316406 0.2658849060535431 131.65379333496094
-49.60200500488281 -36.242008209228516 -17.238229751586914
12.618280410766602 -66.66278839111328 1.8434115648269653
-52.5972785949707 47.93737030029297 75.1734619140625
53.30406951904297 -51.420127868652344 70.6687240600586
37.559505462646484 59.891883850097656 37.19932174682617
-29.588294982910156 56.25110626220703 4.109097957611084
77.44791412353516 2.383159637451172 120.75554656982422
17.243749618530273 75.86400604248047 142.4158477783203
112.16242218017578 -1.8969355821609497 129.0271453857422
-70.22852325439453 1.605367660522461 19.448423385620117
75.3271713256836 -4.948808193206787 28.05999183654785
-6.222127437591553 -27.89552116394043 -37.23736572265625
103.71409606933594 0.5993918776512146 131.50607299804688
-65.33081817626953 0.49663516879081726 -8.557390213012695
54.593406677246094 28.38016128540039 -11.261476516723633
-29.21286392211914 -2.4098193645477295 -37.70987319946289
-2.262333869934082 50.594482421875 -18.46900749206543
-55.518272399902344 49.360313415527344 67.63522338867188
2.6879539489746094 68.88842010498047 30.03527069091797
39.671424865722656 67.66608428955078 147.2554168701172
11.719916343688965 -57.62346267700195 -20.78989028930664
121.07982635498047 4.633612155914307 52.20103454589844
76.03538513183594 -16.5480899810791 68.73770904541016
65.52880859375 25.6552734375 26.888090133666992
-66.10807037353516 36.40177536010742 47.740718841552734
-51.17893600463867 1.1444952487945557 -34.42280960083008
-48.98883056640625 58.64223098754883 79.01615142822266
-51.26689147949219 50.74056625366211 16.8848934173584
-58.631591796875 32.060794830322266 17.841732025146484
24.871191024780273 -72.63278198242188 56.154319763183594
-5.194021224975586 -74.70182800292969 74.00431823730469
36.13001251220703 59.208438873291016 17.328554153442383
-71.4665756225586 -4.845605373382568 148.8677978515625
59.724464416503906 -44.2297248840332 26.277469635009766
23.708845138549805 -54.46847915649414 -11.982851028442383
-65.01182556152344 32.11562728881836 102.35892486572266
55.95075988769531 50.44622039794922 148.76651000976562
67.5551986694336 -22.82132339477539 14.800521850585938
-60.93438720703125 44.309974670410156 78.16462707519531
-62.67800521850586 -40.42272186279297 80.90943145751953
7.183504104614258 75.81493377685547 99.42327880859375
95.93476104736328 -1.0190014839172363 48.99431228637695
-66.1458511352539 13.793513298034668 13.314995765686035
41.931331634521484 -12.720389366149902 -39.905120849609375
59.99930191040039 -25.244857788085938 13.119314193725586
-9.571379661560059 -64.53349304199219 13.299147605895996
-58.48398208618164 -43.63835144042969 132.2500457763672
-71.06090545654297 17.04301643371582 85.61312103271484
-52.90880584716797 -52.31553268432617 86.33212280273438
-45.82779312133789 -40.389583587646484 1.9719713926315308
48.654930114746094 -7.970980644226074 -40.69362258911133
-13.90117359161377 74.19647216796875 86.67192840576172
43.420135498046875 -61.34690856933594 93.7209701538086
-75.84122467041016 17.238468170166016 104.04080963134766
4.418381214141846 74.86673736572266 140.6641387939453
9.39569091796875 68.19093322753906 51.46024703979492
-26.845378875732422 24.504474639892578 -43.70692443847656
62.616390228271484 -44.199466705322266 66.08295440673828
35.040916442871094 61.9255485534668 63.417579650878906
20.611825942993164 -72.94976806640625 48.5134391784668
13.815193176269531 -69.86048889160156 131.91091918945312
60.94822311401367 34.38670349121094 40.10769271850586
78.5836181640625 0.38744473457336426 41.701805114746094
74.2532730102539 19.05034828186035 68.03250122070312
3.3207857608795166 -61.533546447753906 -12.565181732177734
57.857295989990234 -51.003929138183594 78.19673919677734
44.42118453979492 -55.01979064941406 48.10392379760742
47.575538635253906 15.622784614562988 -30.657634735107422
-65.29743194580078 -16.516761779785156 1.0962926149368286
-12.566245079040527 -71.80217742919922 23.2742977142334
24.99871826171875 -69.91220092773438 112.76557922363281
20.174457550048828 -68.52254486083984 30.89214324951172
9.060675621032715 73.68617248535156 47.339534759521484
-31.73554039001465 57.691890716552734 -3.32900333404541
-31.033735275268555 -58.49350357055664 15.346327781677246
66.7511978149414 -38.19111251831055 130.2984619140625
-21.492145538330078 -10.437821388244629 -38.49539566040039
35.44061279296875 -54.500633239746094 -8.793734550476074
109.41188049316406 0.19792266190052032 123.33153533935547
-29.51146125793457 70.03279113769531 143.34454345703125
56.599971771240234 34.00153350830078 14.131707191467285
-38.06705856323242 64.9486083984375 47.882972717285156
-53.705604553222656 -57.011192321777344 77.0036392211914
-45.20804214477539 17.736391067504883 -35.71919631958008
-15.151835441589355 -72.43559265136719 110.6732177734375
-30.759023666381836 -69.99079132080078 36.704322814941406
36.3326530456543 -23.777341842651367 -45.3604621887207
-3.812624454498291 60.747467041015625 -8.667778015136719
15.025032043457031 76.3674087524414 134.87071228027344
-40.05582046508789 -63.92662811279297 147.9864044189453
48.79695510864258 50.58869934082031 18.71605110168457
-31.452213287353516 -64.98272705078125 46.7353515625
-75.95899200439453 -1.2293462753295898 147.64907836914062
64.71060180664062 42.44911193847656 68.59672546386719
31.71718978881836 32.39955139160156 -41.5485725402832
66.49968719482422 34.17518997192383 73.67838287353516
-74.07262420654297 4.4762396812438965 142.5870361328125
8.589563369750977 43.07378387451172 -41.29032897949219
116.5667953491211 -2.5118160247802734 42.212425231933594
62.269100189208984 18.676849365234375 21.107542037963867
-1.5906987190246582 -50.178409576416016 -26.793371200561523
-20.5032901763916 -69.48990631103516 33.05674743652344
-39.50761795043945 35.85953140258789 -34.188133239746094
57.71200942993164 6.887267112731934 -12.503667831420898
97.64661407470703 4.84423828125 127.28372955322266
25.858821868896484 -67.3764419555664 140.4266357421875
-59.72978591918945 40.303287506103516 68.83755493164062
44.84621810913086 62.723350524902344 57.612056732177734
-73.73779296875 23.6191463470459 88.21983337402344
77.1446533203125 0.6223540306091309 86.1820068359375
59.34923553466797 46.41789245605469 47.61076354980469
-15.444808006286621 -50.299705505371094 -17.386653900146484
62.846954345703125 37.91109085083008 22.291364669799805
-72.88285064697266 -16.18634605407715 132.35086059570312
-53.16671371459961 4.776576519012451 -27.997879028320312
54.155853271484375 -18.28306007385254 -24.499231338500977
106.55132293701172 -2.53197979927063 39.42811584472656
-45.5440559387207 -52.17079162597656 51.83162307739258
-31.892578125 47.1224479675293 -14.261448860168457
44.68859100341797 35.3121337890625 -16.446680068969727
12.948979377746582 -72.4360580444336 44.06436538696289
56.639835357666016 50.47782897949219 69.27783203125
-3.2846877574920654 70.13619232177734 61.63990783691406
-51.42670440673828 -25.780868530273438 -21.81890296936035
-55.15841293334961 -52.580177307128906 81.14512634277344
15.402168273925781 49.90350341796875 -19.17763328552246
128.87054443359375 5.773970603942871 72.00912475585938
53.96160125732422 41.22132873535156 1.372512936592102
56.312461853027344 45.170406341552734 30.044391632080078
26.844009399414062 52.0167236328125 -19.951051712036133
19.34320068359375 3.3623576164245605 -40.587493896484375
28.731143951416016 -67.6117935180664 73.09501647949219
-16.693302154541016 -21.343534469604492 -36.071590423583984
-32.35188293457031 32.8004264831543 -42.546878814697266
-54.7385368347168 -36.568695068359375 5.6004180908203125
-41.483551025390625 18.98125648498535 -44.79726791381836
-13.07252025604248 -74.08890533447266 94.05181884765625
70.03072357177734 2.245823383331299 26.646203994750977
-39.391929626464844 53.887638092041016 11.170032501220703
14.20343017578125 -70.27027893066406 20.988685607910156
72.04732513427734 -2.823251724243164 58.42340850830078
20.485097885131836 68.31417083740234 50.63640213012695
57.27648162841797 53.37287139892578 86.12216186523438
29.370241165161133 -68.97045135498047 81.64402770996094
68.39053344726562 -16.959205627441406 25.271574020385742
46.36249923706055 59.149410247802734 77.30642700195312
-19.306528091430664 -72.17333221435547 145.16366577148438
67.90898895263672 -30.043813705444336 28.290857315063477
15.071377754211426 73.20906066894531 148.79978942871094
-70.06798553466797 27.324983596801758 148.3911590576172
-71.13180541992188 -21.459794998168945 106.99896240234375
38.25999450683594 -46.76288604736328 -4.809359550476074
-29.090749740600586 72.04141235351562 74.38142395019531
19.02225685119629 72.69807434082031 86.67012786865234
37.73141860961914 32.95454025268555 -34.631649017333984
-27.74399185180664 -56.28717041015625 1.8782109022140503
111.86344909667969 -4.485346794128418 42.60043716430664
-68.4162826538086 19.735443115234375 149.0236358642578
-73.19085693359375 -11.965524673461914 119.63280487060547
30.56268310546875 2.2396199703216553 -43.496185302734375
-8.863868713378906 74.76628112792969 142.97373962402344
13.856616020202637 -60.03961181640625 -12.007303237915039
-12.072182655334473 48.46755599975586 -38.919395446777344
-42.12312698364258 58.182735443115234 85.65094757080078
6.760976791381836 70.89362335205078 71.061767578125
57.6107292175293 -41.12823486328125 107.19540405273438
60.78766632080078 -39.20823669433594 55.15425109863281
23.243825912475586 60.466861724853516 -10.867194175720215
-75.53292846679688 15.189085960388184 129.7342987060547
60.43959426879883 -43.286781311035156 98.68003845214844
-44.99095916748047 -38.729183197021484 -20.58958625793457
-27.370241165161133 69.32150268554688 30.018627166748047
-62.330074310302734 -46.41416549682617 136.14430236816406
101.70294189453125 4.2564616203308105 122.427001953125
-28.020864486694336 -68.6129150390625 82.41027069091797
43.53056335449219 -51.913780212402344 11.720769882202148
-27.379541397094727 -73.81107330322266 112.6377182006836
95.0432357788086 -2.9873080253601074 40.27864456176758
-34.97407913208008 68.44072723388672 83.73703002929688
-10.460433006286621 -23.697669982910156 -44.016849517822266
25.38429832458496 -73.6458969116211 123.05125427246094
54.149837493896484 47.93948745727539 92.64002990722656
-62.240638732910156 -42.45381546020508 34.7262077331543
-60.446754455566406 -38.96486282348633 64.17147827148438
30.486499786376953 -44.49571228027344 -19.2442626953125
36.611446380615234 51.123905181884766 10.711325645446777
24.43528938293457 -44.904998779296875 -31.804044723510742
38.85744094848633 59.499698638916016 119.6827392578125
-70.529541015625 11.203093528747559 128.53378295898438
34.54943084716797 39.65241241455078 -17.063861846923828
13.613004684448242 -68.03539276123047 27.642213821411133
12.903219223022461 48.24919891357422 -39.46891403198242
-22.05365562438965 -65.0484619140625 37.16340637207031
-34.23787307739258 -13.546125411987305 -34.724483489990234
15.924619674682617 -51.44374084472656 -21.902414321899414
-70.85894012451172 -19.998937606811523 25.960107803344727
-49.83369445800781 -60.89013671875 148.7793731689453
-17.778789520263672 -72.26273345947266 71.08599090576172
36.30750274658203 -67.9083251953125 70.0103988647461
30.199861526489258 64.72742462158203 38.821285247802734
-41.81572723388672 64.69977569580078 96.1241683959961
76.23158264160156 11.901124954223633 69.5028305053711
-69.965576171875 -14.622905731201172 55.31198501586914
-54.98820114135742 -58.066192626953125 109.633544921875
21.91013526916504 -68.32984161376953 48.28898239135742
121.49894714355469 -1.804823875427246 51.600868225097656
-56.745391845703125 -37.02190017700195 38.13318634033203
57.985774993896484 20.575410842895508 6.3595075607299805
-59.9781494140625 38.283538818359375 54.13670349121094
-68.26612854003906 -20.424510955810547 143.05569458007812
15.607983589172363 54.078956604003906 -9.676340103149414
-57.9509391784668 -47.33217239379883 30.780866622924805
64.55046081542969 -28.374069213867188 60.213077545166016
-63.0706787109375 -41.0928955078125 95.03038024902344
66.81427764892578 36.524253845214844 113.83550262451172
29.800064086914062 63.48967361450195 58.469486236572266
-39.74813461303711 -48.77651596069336 1.754155158996582
62.854339599609375 -13.023252487182617 2.705775022506714
73.79869842529297 7.60417366027832 36.26353454589844
119.48992156982422 3.18369722366333 121.41555786132812
56.324588775634766 45.6811408996582 101.25833892822266
-56.101600646972656 47.513301849365234 130.1558380126953
89.63127136230469 -2.339435338973999 47.09404373168945
77.89289855957031 -1.367637276649475 51.572540283203125
45.97243881225586 29.026996612548828 -28.970932006835938
6.716646671295166 -74.02372741699219 92.10315704345703
-35.970218658447266 -20.4946231842041 -44.76149368286133
-19.452428817749023 -57.92064666748047 -7.598260879516602
-33.480960845947266 -67.31906127929688 110.65646362304688
-73.62528991699219 -14.01321029663086 140.98199462890625
-25.183612823486328 57.43867874145508 -11.972660064697266
-34.5973014831543 62.14297103881836 123.58949279785156
59.62599563598633 -43.42764663696289 132.9375457763672
73.32109832763672 10.48573112487793 85.25897216796875
-19.157316207885742 -62.46638488769531 5.292247295379639
62.55141830444336 -33.359100341796875 137.66256713867188
47.35353088378906 -24.98908805847168 -31.104774475097656
69.69925689697266 -28.2397403717041 134.03219604492188
38.406131744384766 -59.42184829711914 130.54588317871094
28.426366806030273 -66.75089263916016 124.07330322265625
-55.352317810058594 34.822383880615234 1.8640602827072144
90.8255386352539 -1.2085503339767456 125.28108215332031
-68.12531280517578 -18.7862606048584 79.19618225097656
45.96458435058594 51.41469955444336 27.734193801879883
49.91056823730469 60.76755142211914 144.9817657470703
-1.442000389099121 26.203340530395508 -38.50873565673828
-0.7288733720779419 -54.817684173583984 -20.998605728149414
-71.91334533691406 -3.2849104404449463 28.977645874023438
0.8147807121276855 0.20649753510951996 -43.592994689941406
37.24237823486328 64.55731964111328 113.1130599975586
-36.15980911254883 60.8325080871582 20.98113250732422
15.647750854492188 -26.30670738220215 -39.82660675048828
-75.27086639404297 -1.4590281248092651 132.33346557617188
70.28074645996094 16.367551803588867 127.91983795166016
-49.523963928222656 55.93947219848633 26.800914764404297
123.24653625488281 -1.6480454206466675 115.3104248046875
-40.981048583984375 -51.696868896484375 17.19394302368164
21.103782653808594 -27.587270736694336 -45.88570785522461
-70.92838287353516 32.355438232421875 103.20889282226562
36.25187683105469 47.39574432373047 2.6554977893829346
111.9351577758789 5.430490016937256 127.54448699951172
-59.831974029541016 5.730040550231934 -9.940398216247559
5.659196853637695 76.4519271850586 72.84931182861328
-58.10345458984375 -53.812923431396484 90.3230209350586
-67.18698120117188 -27.524524688720703 97.05462646484375
34.540645599365234 -67.93727111816406 109.3160400390625
-48.95890426635742 -61.63310241699219 131.77334594726562
-29.847795486450195 -54.2473030090332 -9.348916053771973
78.71224212646484 -4.495449542999268 113.19269561767578
81.5247573852539 -3.126831293106079 122.54524230957031
-4.780630111694336 -71.7776870727539 86.40095520019531
5.887556552886963 -48.647605895996094 -42.5802001953125
-24.883222579956055 18.345300674438477 -39.458229064941406
41.57829666137695 -63.126949310302734 42.43633270263672
-61.49376678466797 -41.881649017333984 110.97776794433594
-59.34012985229492 -50.319915771484375 126.33539581298828
45.40863800048828 -50.40501022338867 29.51264190673828
-29.38092041015625 -65.02831268310547 129.9967803955078
28.849206924438477 -36.07819366455078 -39.51521301269531
74.2807388305664 -8.263886451721191 123.16193389892578
-68.06584167480469 31.80396270751953 80.43574523925781
-60.08335876464844 -40.191280364990234 125.7989273071289
9.716080665588379 66.0822982788086 10.631034851074219
-71.93095397949219 16.326589584350586 144.97901916503906
22.487791061401367 41.57262420654297 -24.2767391204834
-44.16777801513672 19.391769409179688 -23.34882164001465
4.494516849517822 -51.38212203979492 -33.28352737426758
-33.90380096435547 -38.06669998168945 -25.17120933532715
-52.91303253173828 -48.34535217285156 109.9217300415039
75.6915283203125 12.533723831176758 141.94363403320312
76.33685302734375 4.247134685516357 98.84082794189453
-59.47069549560547 37.76533508300781 138.00747680664062
-9.126505851745605 -2.4975392818450928 -44.27350616455078
69.36321258544922 33.86477279663086 126.47880554199219
-69.88863372802734 -27.499656677246094 143.85459899902344
127.03154754638672 1.7238032817840576 79.60032653808594
65.4700698852539 -27.651592254638672 38.90216827392578
46.29766082763672 -15.852705955505371 -42.511226654052734
-61.66059112548828 34.86149597167969 99.49272155761719
-59.994163513183594 43.793670654296875 106.16378784179688
50.15468215942383 -59.47543716430664 106.0816879272461
11.666239738464355 39.27678680419922 -44.519203186035156
9.241067886352539 62.19910430908203 -5.9058966636657715
-68.09847259521484 19.103879928588867 73.26800537109375
36.763526916503906 -48.13365173339844 -16.602252960205078
34.336822509765625 65.06785583496094 144.40731811523438
-66.82408905029297 -37.79085159301758 62.07673645019531
-75.57182312011719 -1.0239607095718384 109.72090148925781
77.04286193847656 -4.200148105621338 55.51142501831055
44.26292037963867 60.31276321411133 29.201143264770508
-69.62599182128906 21.996925354003906 115.25873565673828
30.946500778198242 62.57353973388672 7.710792064666748
-71.92582702636719 4.092059135437012 88.88347625732422
-32.16250991821289 64.82371520996094 76.57608795166016
-59.915428161621094 30.00163459777832 30.173709869384766
-63.76618576049805 41.46139144897461 94.96356964111328
70.81391906738281 -27.93678855895996 117.57624053955078
3.6295552253723145 65.72673034667969 18.24897575378418
-66.99899291992188 32.7472038269043 133.7313995361328
-65.13270568847656 -42.280860900878906 125.65361022949219
42.37509536743164 -66.31851959228516 90.62891387939453
-49.074710845947266 -3.313366174697876 -38.5348014831543
-73.40341186523438 -16.180631637573242 86.10673522949219
53.90300750732422 53.783226013183594 130.4019012451172
-52.06105422973633 58.08320236206055 62.708961486816406
-28.822219848632812 66.7669906616211 57.47307586669922
65.01112365722656 19.537424087524414 14.019245147705078
69.9787368774414 -31.7329044342041 59.36520004272461
92.83539581298828 3.8998374938964844 42.75653076171875
-52.71320724487305 -15.027201652526855 -14.389071464538574
55.73664093017578 -50.042564392089844 121.7633056640625
-71.94042205810547 9.074712753295898 37.73651885986328
72.89378356933594 -12.865008354187012 147.02578735351562
31.665082931518555 -63.354618072509766 22.39751434326172
79.11904907226562 -3.771721601486206 85.11418151855469
53.6511116027832 16.327211380004883 -10.551691055297852
-27.152366638183594 -69.94367980957031 121.36894989013672
-37.89384460449219 64.49617004394531 146.62701416015625
-52.758277893066406 1.9001238346099854 -16.227834701538086
66.63585662841797 -7.451059818267822 27.67049217224121
73.12644958496094 -1.1779407262802124 107.16171264648438
-43.77967834472656 -61.885345458984375 56.67231750488281
2.6644532680511475 74.13618469238281 60.134464263916016
-43.44098663330078 -59.48996353149414 28.286251068115234
-0.3086382746696472 -74.37566375732422 145.71604919433594
71.41496276855469 -1.6131062507629395 76.2023696899414
53.33172607421875 -50.671695709228516 27.64866828918457
26.53660011291504 -70.45361328125 28.221433639526367
74.24791717529297 23.601409912109375 77.31934356689453
19.523971557617188 -11.714158058166504 -41.711700439453125
36.19782638549805 42.49753952026367 -21.4311466217041
61.911678314208984 -38.20468521118164 78.17291259765625
-4.428479194641113 50.952796936035156 -25.897064208984375
-55.358856201171875 -23.044137954711914 -11.790760040283203
59.83182144165039 -35.11381530761719 48.116554260253906
123.16948699951172 1.5428118705749512 71.90743255615234
-41.49628448486328 -7.001654624938965 -33.18220901489258
27.8140926361084 -19.9549617767334 -34.8924446105957
-53.04005813598633 48.53805160522461 147.0813751220703
-12.930625915527344 -70.58678436279297 61.209171295166016
-71.2919692993164 -4.602348804473877 44.19297409057617
-22.46179962158203 -70.75569152832031 56.63267135620117
-71.1656265258789 -34.251155853271484 99.63558197021484
60.1602897644043 39.73075485229492 56.83509826660156
-28.67623519897461 70.01334381103516 116.79998779296875
29.347558975219727 69.80443572998047 129.73721313476562
-63.55389404296875 33.378353118896484 29.565465927124023
72.82352447509766 8.628941535949707 67.35338592529297
21.322982788085938 68.92376708984375 141.16371154785156
6.789220809936523 -74.25843048095703 82.72601318359375
130.9107666015625 -6.4810709953308105 84.4875717163086
61.65805435180664 11.246240615844727 10.526057243347168
48.2099723815918 2.399240255355835 -28.446590423583984
-73.75257110595703 -8.460552215576172 79.75782012939453
40.592288970947266 61.90483474731445 128.1209259033203
-19.190200805664062 -65.18646240234375 0.6734086275100708
-38.74386215209961 -68.1003189086914 88.2136459350586
-56.64582061767578 -42.47168731689453 76.9052505493164
-33.76392364501953 -62.24061584472656 90.53677368164062
-5.978005886077881 -72.26844787597656 96.07230377197266
-24.897075653076172 -37.56320571899414 -24.826093673706055
58.772884368896484 45.611515045166016 80.91656494140625
60.63449478149414 40.2596321105957 104.94245147705078
26.354917526245117 70.58525848388672 104.92726135253906
38.0786247253418 -55.135711669921875 0.059234846383333206
64.2435531616211 -33.01443099975586 118.978271484375
65.36766815185547 -36.14701843261719 90.28056335449219
71.61700439453125 24.04296875 110.95537567138672
26.073827743530273 56.24667739868164 -15.911874771118164
-38.78832244873047 66.99079895019531 72.24964904785156
23.46463394165039 67.67684173583984 16.329345703125
47.13798904418945 -55.61703109741211 22.837697982788086
18.398893356323242 -59.74750518798828 -3.836097002029419
64.77527618408203 -6.662178993225098 16.379295349121094
23.572059631347656 49.35274887084961 -25.840776443481445
130.79615783691406 -2.073291063308716 74.65523529052734
47.004695892333984 -26.108104705810547 -20.98427391052246
-15.118390083312988 39.6541748046875 -43.82377243041992
17.335254669189453 21.131027221679688 -35.75161361694336
44.52320098876953 -56.48021697998047 34.03676223754883
-50.49800109863281 54.065086364746094 129.79898071289062
69.39366912841797 -14.12973690032959 98.16539764404297
-17.688377380371094 -75.43714141845703 106.54182434082031
4.464005947113037 -58.09828186035156 -3.808464765548706
-16.082138061523438 68.58075714111328 55.696964263916016
129.16265869140625 0.29870492219924927 95.92988586425781
-39.2081298828125 3.3419029712677 -39.550636291503906
-55.703147888183594 -50.16083526611328 41.69637680053711
43.26939010620117 -61.76292037963867 79.26349639892578
38.185752868652344 -38.173946380615234 -28.273218154907227
69.48670196533203 -10.563482284545898 52.734954833984375
-27.866178512573242 63.97249984741211 9.158148765563965
9.503859519958496 74.06351470947266 129.28591918945312
-24.39423942565918 65.86912536621094 11.71239948272705
34.89418029785156 -63.47142791748047 97.25999450683594
29.831789016723633 -60.67770767211914 7.522455215454102
60.027076721191406 -24.743127822875977 -0.0342135913670063
36.16441345214844 -63.063438415527344 51.728004455566406
-41.9705924987793 -32.14411544799805 -27.70509910583496
-12.490525245666504 -40.95186233520508 -28.83500099182129
-18.168594360351562 62.15670394897461 0.9111140966415405
21.63602066040039 68.67596435546875 113.66085815429688
-51.5716438293457 -45.93791961669922 34.58039474487305
46.69040298461914 33.30877685546875 -7.152109146118164
-39.914405822753906 40.140411376953125 -21.556007385253906
37.91338348388672 66.764404296875 54.082359313964844
22.548864364624023 61.204776763916016 -0.12713943421840668
76.35391998291016 -7.014524459838867 55.983436584472656
-55.79597473144531 -49.30168914794922 54.61724090576172
-23.773468017578125 69.00360107421875 47.603492736816406
-46.78313446044922 -47.91953659057617 23.768550872802734
-73.63043975830078 -10.799367904663086 46.96906661987305
-25.702621459960938 -65.39555358886719 67.85774993896484
-57.494384765625 43.246376037597656 18.946979522705078
-41.24711608886719 29.08968734741211 -31.555143356323242
-42.05796432495117 57.99075698852539 44.44670867919922
-61.8156623840332 30.25564956665039 44.80111312866211
-68.47260284423828 31.262550354003906 118.62892150878906
