10.313676834106445 20.185497283935547 50.02709197998047
0.32038119435310364 25.418569564819336 77.33647155761719
4.638906002044678 28.318466186523438 76.25051879882812
4.779678821563721 -28.7498836517334 126.03551483154297
6.833320617675781 -34.43624496459961 124.36991882324219
-0.2184392213821411 55.61894226074219 56.33919906616211
19.95612144470215 -10.076362609863281 39.79791259765625
-13.042131423950195 6.360688209533691 66.00672912597656
16.28733253479004 25.6953067779541 69.68291473388672
6.468557357788086 -14.83015251159668 55.88349914550781
-12.643077850341797 -3.0340576171875 74.64541625976562
-13.604445457458496 1.987058401107788 69.58476257324219
2.497253894805908 69.02467346191406 53.02963638305664
-4.020030498504639 15.699291229248047 51.787967681884766
7.880827903747559 -30.42473793029785 115.89456176757812
6.39624547958374 -31.86199951171875 156.4833221435547
-1.1983352899551392 -34.76508331298828 100.29780578613281
-14.661677360534668 -12.622133255004883 65.48960876464844
-8.746649742126465 -27.184215545654297 73.7119140625
3.642209768295288 45.89668273925781 62.79011154174805
0.753654420375824 -15.195392608642578 91.79356384277344
3.8199033737182617 59.03368377685547 51.37451171875
15.25949478149414 16.120386123657227 33.692840576171875
-8.861952781677246 78.75336456298828 45.63254165649414
6.800062656402588 53.104591369628906 58.65152359008789
13.903045654296875 -20.10535430908203 85.23668670654297
-8.991314888000488 -25.7839412689209 45.755157470703125
-10.727272987365723 -19.71776580810547 80.57286834716797
-4.659712314605713 38.967159271240234 60.16835403442383
-1.6751422882080078 -7.788969993591309 90.46277618408203
3.5198307037353516 -26.37860870361328 137.79852294921875
3.230238437652588 -38.936378479003906 102.09574890136719
-0.37547069787979126 -21.75594139099121 59.720855712890625
6.533432483673096 10.585786819458008 83.85132598876953
3.837169647216797 -26.39614486694336 152.20974731445312
-0.507144033908844 45.68367385864258 54.62160110473633
17.012025833129883 9.31351375579834 56.3650016784668
-8.661312103271484 -8.907538414001465 84.5506820678711
15.31665325164795 19.238306045532227 43.52812194824219
21.89530372619629 16.679052352905273 45.5771484375
0.010520638898015022 56.980682373046875 53.2570915222168
-7.296559810638428 7.416209697723389 79.57762145996094
8.89860725402832 -34.49121856689453 97.25336456298828
1.1181315183639526 39.468502044677734 53.2011833190918
19.824567794799805 15.59454345703125 41.56800079345703
17.866796493530273 28.79585075378418 54.91346740722656
2.114443063735962 -6.819604873657227 54.24748992919922
-10.220869064331055 3.7665982246398926 76.84740447998047
14.95418643951416 -9.197630882263184 86.17048645019531
3.5258474349975586 61.14958953857422 55.249691009521484
21.410524368286133 22.99613380432129 51.781211853027344
2.4080522060394287 -30.1241455078125 70.12481689453125
6.483887195587158 -29.50088119506836 143.0025634765625
-12.501107215881348 2.138087272644043 72.71060180664062
-12.047063827514648 -27.81249237060547 46.797210693359375
-7.015313625335693 -10.613930702209473 87.36551666259766
1.665055751800537 -28.493667602539062 140.38143920898438
1.0601602792739868 -32.46256637573242 130.2903289794922
-9.974077224731445 -20.690452575683594 49.70545959472656
-11.359461784362793 -21.951984405517578 77.36369323730469
-5.454911708831787 -20.910598754882812 87.91448211669922
-12.935561180114746 13.051192283630371 62.02312469482422
-11.174259185791016 17.597578048706055 46.22402572631836
10.463560104370117 30.606313705444336 52.17879867553711
-4.587196350097656 -21.161611557006836 59.338138580322266
3.612424850463867 -34.08513641357422 79.49454498291016
0.9664530158042908 64.07621002197266 51.4215087890625
-13.342230796813965 -2.6320388317108154 69.87507629394531
-3.732470750808716 20.228031158447266 77.93241119384766
5.722630023956299 57.43295669555664 57.51662826538086
5.019899845123291 -27.14480209350586 139.40380859375
4.22055721282959 -32.67430114746094 140.65077209472656
12.31903076171875 -27.85707664489746 78.45077514648438
6.637302398681641 -8.729777336120605 91.85897827148438
-2.11140775680542 -20.12284278869629 59.20563507080078
2.4176197052001953 -19.199020385742188 57.546932220458984
-14.330341339111328 -22.368236541748047 54.564903259277344
-9.23470401763916 -26.385677337646484 53.083984375
-7.745100021362305 -22.533039093017578 52.31337356567383
-10.704334259033203 16.060447692871094 70.3983383178711
13.534608840942383 -26.42867660522461 84.37899017333984
-9.866439819335938 -38.59161376953125 23.363170623779297
7.539129257202148 -20.527889251708984 60.28338623046875
-10.2304105758667 -34.01631164550781 26.709945678710938
-2.5905466079711914 -2.8312876224517822 88.50375366210938
5.9138641357421875 -40.63008117675781 163.96376037597656
2.6711654663085938 -40.32110595703125 167.32362365722656
17.127443313598633 11.126700401306152 73.79431915283203
16.655263900756836 15.685111999511719 38.63291549682617
5.356968879699707 -35.01322555541992 82.84052276611328
-1.6675699949264526 22.048839569091797 50.32769012451172
5.136040687561035 -32.79264831542969 145.42388916015625
-2.7597129344940186 -28.060136795043945 92.29956817626953
-12.600322723388672 -12.766892433166504 77.69222259521484
19.309267044067383 17.520267486572266 34.40541458129883
3.731614589691162 66.23140716552734 50.58894348144531
20.254301071166992 -2.8464674949645996 53.49003601074219
-9.915810585021973 15.631281852722168 52.18171310424805
5.658247470855713 -33.729549407958984 131.29107666015625
-12.464455604553223 18.395219802856445 65.96468353271484
5.224666118621826 16.682239532470703 81.9183349609375
-3.0055508613586426 71.28743743896484 48.65322494506836
-9.768600463867188 -26.929672241210938 58.13616180419922
9.857427597045898 4.330136775970459 53.46809387207031
13.972606658935547 29.7559871673584 68.75581359863281
8.808449745178223 44.10818862915039 61.4801025390625
2.526520013809204 -32.119384765625 75.408447265625
13.868755340576172 -24.225173950195312 83.50392150878906
-9.307512283325195 -15.223987579345703 84.10546875
-1.4798226356506348 49.80886459350586 55.49763488769531
17.997032165527344 19.967594146728516 69.02481079101562
-8.37000846862793 10.62016487121582 76.90641021728516
17.00555419921875 14.193777084350586 49.742637634277344
-13.381491661071777 -26.50290870666504 49.73488235473633
19.380788803100586 13.931672096252441 67.75585174560547
3.4195306301116943 -27.9720458984375 118.51399230957031
7.2553205490112305 -31.182395935058594 118.36799621582031
-1.858086347579956 44.0748176574707 60.173561096191406
-2.6502485275268555 40.11513900756836 55.24503707885742
16.862346649169922 -18.421340942382812 73.35395812988281
18.14346694946289 -13.35204029083252 76.5577621459961
14.990133285522461 -17.344499588012695 67.10008239746094
7.148724555969238 9.166736602783203 52.221923828125
-3.288374662399292 -26.52704429626465 64.54183959960938
17.26540184020996 0.23024173080921173 57.464534759521484
19.933185577392578 14.489191055297852 45.24038314819336
9.281184196472168 42.02947235107422 55.35993957519531
-13.300187110900879 -26.647747039794922 30.05318832397461
-14.055281639099121 19.27840805053711 52.66572952270508
4.382430553436279 41.658138275146484 52.468994140625
-10.077282905578613 29.230039596557617 56.05971908569336
-2.311586856842041 13.184325218200684 52.50265884399414
5.469329833984375 -27.051223754882812 97.1462631225586
-14.86811351776123 23.736997604370117 25.199058532714844
16.239282608032227 -16.02396011352539 23.623685836791992
2.904090404510498 -38.53902816772461 109.80973815917969
11.816206932067871 -20.675172805786133 88.53659057617188
6.221681594848633 -32.97755432128906 161.17413330078125
5.012618064880371 -26.96880340576172 97.3797607421875
10.101698875427246 15.64136791229248 51.965179443359375
-8.974104881286621 -27.3286075592041 67.96012878417969
6.334469318389893 55.152591705322266 53.678497314453125
-0.23208394646644592 -29.935243606567383 134.47329711914062
-11.934654235839844 -16.80190658569336 79.51839447021484
18.088233947753906 25.241575241088867 48.096500396728516
12.298399925231934 -15.042622566223145 60.52058410644531
14.873736381530762 7.347771167755127 79.60057067871094
-5.989799976348877 -26.770811080932617 86.31178283691406
17.175811767578125 -11.779614448547363 44.695533752441406
-1.5319523811340332 66.9419174194336 51.48460388183594
1.1141488552093506 71.33861541748047 52.44196319580078
15.745243072509766 3.4218828678131104 80.21363830566406
18.946592330932617 -13.49173641204834 48.29973602294922
18.620159149169922 26.57539939880371 64.86569213867188
-5.46358060836792 35.56004333496094 62.473121643066406
4.601863861083984 27.936901092529297 51.15626907348633
1.6833041906356812 -26.965648651123047 95.8021240234375
-11.961115837097168 -39.11000061035156 23.871780395507812
9.675965309143066 -5.847823143005371 89.36552429199219
4.903141021728516 -36.96000289916992 92.42529296875
15.847932815551758 16.280385971069336 74.35936737060547
17.63766860961914 28.65019416809082 52.00189971923828
17.33859634399414 14.57496452331543 71.88745880126953
11.46753215789795 7.099715232849121 82.62017059326172
11.145395278930664 -31.364404678344727 93.22000885009766
-11.592872619628906 -24.31916618347168 36.65021896362305
5.503683567047119 13.335395812988281 51.633365631103516
-4.049308776855469 -31.890472412109375 88.03117370605469
18.533761978149414 18.692079544067383 31.12151527404785
18.429298400878906 13.155404090881348 34.00736618041992
6.281736373901367 -36.44607925415039 160.3900146484375
-11.463072776794434 -27.550765991210938 55.851497650146484
-2.100661277770996 38.06947326660156 65.71802520751953
18.700389862060547 -12.947206497192383 44.62419509887695
2.743361473083496 -26.572866439819336 149.241455078125
0.4059809744358063 -34.670162200927734 83.5151596069336
1.3078153133392334 53.319522857666016 52.14297866821289
17.879343032836914 14.987456321716309 28.910648345947266
12.844865798950195 20.43962287902832 76.03849792480469
5.951671123504639 -32.29252624511719 147.6806640625
1.8796595335006714 -49.32072448730469 161.29872131347656
16.259117126464844 -13.194446563720703 82.818603515625
1.4554336071014404 -34.36475372314453 81.08152770996094
-0.38208505511283875 -34.46831130981445 118.52333068847656
-10.605710983276367 22.75971794128418 28.408967971801758
-12.807990074157715 23.253576278686523 22.86699676513672
18.482208251953125 -8.709630012512207 30.963611602783203
21.157426834106445 -4.3845109939575195 69.15071868896484
-15.184647560119629 -29.09284210205078 30.4875431060791
-7.90846061706543 28.35787010192871 69.05178833007812
-0.25612887740135193 -29.34748649597168 99.01009368896484
5.36567497253418 -37.03245162963867 118.2655258178711
-5.863871097564697 75.86180114746094 45.74075698852539
8.674156188964844 23.603662490844727 50.56591796875
4.274771690368652 -30.79183006286621 71.67135620117188
0.053634848445653915 6.721545219421387 52.28037643432617
16.85096549987793 31.05954933166504 60.94445037841797
-10.214513778686523 26.98810577392578 25.359134674072266
1.8154762983322144 -32.016273498535156 160.88523864746094
-3.9151554107666016 -31.890947341918945 82.44116973876953
-0.9027398824691772 -30.862272262573242 111.18264770507812
7.344785690307617 -10.880570411682129 55.5028190612793
4.723183631896973 -48.2557258605957 160.20068359375
21.050214767456055 16.596981048583984 57.85342025756836
-8.002318382263184 32.91236114501953 62.48783493041992
-9.70466136932373 22.947078704833984 40.270259857177734
8.703615188598633 -11.010245323181152 91.34984588623047
4.6819868087768555 8.240610122680664 85.59827423095703
-1.017562747001648 -15.299025535583496 56.400123596191406
5.380573272705078 34.37795639038086 52.37472152709961
-8.573352813720703 25.175880432128906 46.587528228759766
-6.536674976348877 -17.29375648498535 57.04938888549805
-7.941524505615234 76.81449890136719 45.8859977722168
1.9831030368804932 -28.379779815673828 120.3670654296875
10.168255805969238 28.569477081298828 73.45124053955078
-4.229855060577393 12.72292709350586 80.30488586425781
-10.967657089233398 20.625640869140625 23.781917572021484
-13.996439933776855 -28.025814056396484 24.315597534179688
14.289405822753906 33.32353591918945 56.13518142700195
-11.432055473327637 5.8931684494018555 59.70226287841797
-8.774843215942383 -6.293351650238037 59.28269958496094
-13.79990005493164 18.42902183532715 62.42570877075195
-10.04042911529541 -30.0744571685791 35.82117462158203
0.7335721254348755 -29.233407974243164 103.99225616455078
-8.152592658996582 -23.892152786254883 51.93587875366211
18.674898147583008 2.961625099182129 60.47296142578125
-9.218694686889648 -26.3499813079834 47.08599853515625
7.284787178039551 -30.29751205444336 74.16446685791016
-9.352751731872559 -20.129486083984375 82.56964111328125
-0.15273025631904602 75.51164245605469 48.95941925048828
-3.545302152633667 -27.237733840942383 90.371826171875
5.593733310699463 -27.7691707611084 154.1021728515625
19.01544189453125 -16.424991607666016 25.395797729492188
-15.868558883666992 -20.05872917175293 63.014190673828125
1.6850512027740479 4.314112663269043 87.0809555053711
16.5378360748291 -4.2319440841674805 51.95315933227539
5.228582859039307 -31.614295959472656 151.6570587158203
-0.4761935770511627 -28.75802230834961 67.61174774169922
-10.810656547546387 26.228347778320312 45.175384521484375
12.068446159362793 3.6119637489318848 83.59132385253906
-11.867339134216309 -30.34453773498535 39.316619873046875
21.5295352935791 -2.0712268352508545 60.67961883544922
2.38657283782959 -32.855262756347656 163.43191528320312
-6.791346549987793 25.91078758239746 24.35429573059082
8.258739471435547 51.50016403198242 57.034088134765625
-11.33283805847168 -27.410200119018555 43.78702926635742
-12.384807586669922 -21.4989070892334 46.594356536865234
14.180342674255371 32.32862091064453 65.52948760986328
11.761744499206543 -8.641448020935059 56.205230712890625
-12.781468391418457 23.987354278564453 64.72988891601562
8.770430564880371 -8.669851303100586 55.57009506225586
18.699642181396484 10.628352165222168 24.30827522277832
-1.1838499307632446 20.246158599853516 79.26976776123047
-3.88710618019104 34.149757385253906 67.60090637207031
11.930914878845215 -10.478185653686523 89.2654800415039
-10.080766677856445 -6.787299633026123 81.66429901123047
19.813472747802734 -4.941389083862305 44.3493537902832
14.459216117858887 11.488348007202148 77.85454559326172
18.81589698791504 -12.487704277038574 34.75251007080078
14.700273513793945 12.15048599243164 24.765939712524414
-4.0384202003479 27.16766929626465 50.65434646606445
18.668039321899414 10.902599334716797 70.62274932861328
2.039788246154785 -37.04563522338867 115.49380493164062
12.714285850524902 0.41090813279151917 84.53031921386719
0.0756271481513977 -34.20183563232422 122.51244354248047
12.011514663696289 -1.778266429901123 54.88969802856445
10.506173133850098 -32.72686004638672 87.37330627441406
-1.1888760328292847 -33.658260345458984 111.35699462890625
7.1508636474609375 -25.86716651916504 66.04752349853516
3.2301573753356934 -28.670013427734375 109.887451171875
-15.090381622314453 -16.91387939453125 67.7922592163086
1.9177221059799194 -1.3644713163375854 53.09666061401367
8.647573471069336 -35.13047409057617 90.86738586425781
18.742563247680664 -6.971165180206299 39.01028060913086
15.029473304748535 -18.967105865478516 83.1455078125
15.135952949523926 -4.096747398376465 84.40392303466797
-12.464858055114746 -16.622053146362305 57.91870880126953
-13.97197437286377 -15.665908813476562 74.41385650634766
2.2063839435577393 69.44332122802734 50.16927719116211
-7.798064708709717 -15.076467514038086 86.251953125
0.32857954502105713 36.249603271484375 53.327579498291016
9.140518188476562 14.457756042480469 80.95883178710938
-4.276934623718262 -5.819135665893555 55.4762077331543
3.1339166164398193 -27.347749710083008 131.5209197998047
-7.685278415679932 -20.254127502441406 84.94232940673828
7.8037824630737305 26.026445388793945 51.09624099731445
17.53353500366211 15.712367057800293 47.031097412109375
-9.812848091125488 29.767498016357422 63.773921966552734
-11.584833145141602 7.203861713409424 72.37374114990234
3.9666173458099365 23.51921844482422 78.89893341064453
-13.37522029876709 12.616852760314941 65.6478042602539
-10.11658763885498 -29.309711456298828 25.23602294921875
19.33502197265625 17.314729690551758 25.521955490112305
-2.662381172180176 -29.639646530151367 72.29049682617188
12.245817184448242 1.4097481966018677 54.8206787109375
-8.197281837463379 -27.5814266204834 63.65137481689453
-7.255641937255859 -26.902143478393555 80.89910125732422
-6.0353827476501465 1.9949767589569092 83.4826889038086
7.969860076904297 -34.600276947021484 85.17478942871094
-1.094709038734436 -31.32748031616211 111.44915008544922
16.573503494262695 13.3113431930542 54.74631118774414
12.84789752960205 -12.724705696105957 58.545814514160156
20.737123489379883 -11.561202049255371 62.03562545776367
19.75632667541504 21.543676376342773 38.477867126464844
21.367294311523438 15.585636138916016 37.55855941772461
21.63431739807129 21.323049545288086 57.7127799987793
3.6160776615142822 31.256771087646484 73.18331146240234
3.7632744312286377 31.000001907348633 51.33707809448242
3.6425065994262695 17.34233856201172 82.07978057861328
-9.312628746032715 24.173397064208984 70.09371948242188
6.848631858825684 -29.74394416809082 137.0506591796875
3.295924425125122 -44.9875373840332 162.8667755126953
-14.13791561126709 -9.242074012756348 70.54369354248047
-9.641101837158203 -2.051146984100342 59.3619499206543
10.51001262664795 -33.309505462646484 91.88609313964844
-1.0522410869598389 -36.02498245239258 95.71359252929688
-4.073570251464844 7.266017913818359 53.53192138671875
-0.05830737203359604 68.5672378540039 53.51744842529297
-0.8773310780525208 35.718360900878906 68.73963928222656
20.214153289794922 18.30280113220215 63.493080139160156
-3.0167737007141113 -4.699108123779297 54.69773483276367
-7.212610244750977 10.743091583251953 55.0274772644043
-12.674700736999512 -35.04676818847656 24.960451126098633
-3.130748748779297 24.9043025970459 75.98355102539062
20.624897003173828 16.144027709960938 51.77201843261719
22.37028694152832 -11.085489273071289 28.38050079345703
-13.998172760009766 -14.01381778717041 63.246925354003906
4.0355448722839355 -29.0058536529541 158.96519470214844
17.56354331970215 -5.320280075073242 80.18692016601562
2.3141887187957764 -24.273696899414062 92.8965835571289
3.9745121002197266 -27.011287689208984 155.27529907226562
-12.711002349853516 -8.620409965515137 76.3145523071289
7.48895263671875 0.614342987537384 52.9339714050293
6.802830219268799 48.613975524902344 53.15877914428711
3.7033309936523438 -36.88701248168945 122.52430725097656
14.441812515258789 33.54926300048828 62.9140625
-3.485440492630005 -32.94434356689453 94.53541564941406
-14.061744689941406 -24.817678451538086 52.0911750793457
11.025955200195312 9.838235855102539 81.73116302490234
-12.847077369689941 -24.040456771850586 70.20458221435547
-6.968999862670898 -22.996967315673828 55.024932861328125
-12.250314712524414 25.905323028564453 34.37353515625
3.5276248455047607 -30.0231990814209 146.55406188964844
4.025475025177002 53.73175048828125 59.144187927246094
-13.122759819030762 11.492680549621582 66.94252014160156
4.510210990905762 -34.834747314453125 164.78851318359375
6.705434322357178 -19.61319923400879 91.81877899169922
20.514888763427734 10.896016120910645 60.73036193847656
9.226576805114746 -16.86927032470703 58.914833068847656
-10.937159538269043 -27.325374603271484 62.30664825439453
-11.494034767150879 -32.006526947021484 29.460433959960938
20.42909812927246 5.430607318878174 68.62564086914062
19.245744705200195 -12.339926719665527 67.05159759521484
20.458566665649414 13.094866752624512 63.90253829956055
12.57470417022705 -25.62093162536621 73.8743896484375
17.7414608001709 -4.39741849899292 49.25276184082031
-13.498497009277344 21.678142547607422 43.1188850402832
-13.19312858581543 24.96109390258789 38.424190521240234
2.90267276763916 -38.54043197631836 158.7895050048828
3.0431549549102783 -33.056549072265625 148.2332763671875
-12.664457321166992 27.680248260498047 31.8531436920166
22.05684471130371 18.38266944885254 36.0458984375
0.2975198030471802 -33.92958450317383 107.21027374267578
3.381727933883667 -36.55445861816406 85.74229431152344
21.818321228027344 -8.721429824829102 59.64359664916992
5.303049087524414 -36.04823303222656 85.78887939453125
8.5922269821167 -15.093122482299805 56.738739013671875
14.433902740478516 15.397493362426758 24.831335067749023
-14.2138671875 -23.811601638793945 62.91494369506836
9.222064018249512 -31.51175308227539 101.79562377929688
11.421435356140137 -24.482507705688477 70.19833374023438
4.5295491218566895 1.2551888227462769 88.690185546875
-12.68301010131836 -31.86479377746582 34.2796516418457
-6.88731050491333 -8.797572135925293 57.60714340209961
-0.008042226545512676 -30.048898696899414 123.99293518066406
-5.902568340301514 21.17046546936035 47.387550354003906
-11.058713912963867 26.311439514160156 46.45751953125
14.005593299865723 20.570178985595703 46.94670104980469
4.563695430755615 3.476189374923706 51.811058044433594
1.0362074375152588 -37.98805236816406 164.51223754882812
-2.2037570476531982 19.875558853149414 50.757568359375
17.163135528564453 5.706683158874512 76.2044448852539
14.572687149047852 24.285053253173828 72.34300231933594
3.177196741104126 10.846546173095703 51.6866455078125
9.954476356506348 -14.127718925476074 90.46324920654297
16.031984329223633 20.459264755249023 40.506561279296875
21.170833587646484 -3.972024440765381 51.21409225463867
2.3453831672668457 13.0869140625 83.07893371582031
18.507871627807617 -10.475130081176758 24.61044692993164
11.282327651977539 11.207189559936523 53.12251663208008
4.3481974601745605 -28.053192138671875 119.80101776123047
-13.747476577758789 24.32532501220703 59.913639068603516
-11.910089492797852 2.978567123413086 61.057228088378906
-8.881643295288086 -24.60494041442871 48.844337463378906
-4.178220272064209 37.45988464355469 56.66481399536133
6.896952152252197 36.608306884765625 53.29564666748047
8.40870189666748 48.472652435302734 58.62805938720703
4.086136341094971 -32.50739288330078 134.95797729492188
0.8961113691329956 -28.20073127746582 134.4735565185547
3.9755146503448486 -22.01929473876953 59.360389709472656
5.9250168800354 -29.02602195739746 115.02130889892578
-3.8789262771606445 3.682124137878418 53.837467193603516
20.60572624206543 -9.556607246398926 47.27190017700195
6.06381368637085 -36.11814498901367 88.2188491821289
18.033004760742188 8.286378860473633 73.1269302368164
11.081269264221191 -30.636445999145508 82.54673767089844
7.915591716766357 38.96585464477539 66.212890625
10.612824440002441 35.64371109008789 54.99558639526367
7.096235752105713 -16.304506301879883 56.29255676269531
0.34304746985435486 -17.586688995361328 57.26192092895508
-13.302496910095215 -24.57256317138672 37.502532958984375
20.842435836791992 23.859500885009766 47.85569763183594
5.665754795074463 -25.807863235473633 63.532588958740234
-10.41797924041748 22.882787704467773 35.78846740722656
-14.501089096069336 20.660968780517578 23.826980590820312
11.70215129852295 36.24626922607422 63.54080581665039
20.035140991210938 14.726224899291992 58.48143005371094
-13.55604362487793 23.493167877197266 31.508142471313477
-2.4194178581237793 1.5053256750106812 86.7995376586914
4.903413772583008 -28.195886611938477 99.50514221191406
8.894782066345215 -34.51164245605469 103.49308013916016
-12.788179397583008 -6.738872051239014 64.27875518798828
20.46624755859375 8.548736572265625 66.58602142333984
20.22212028503418 25.119144439697266 62.63609313964844
18.713088989257812 -1.1415570974349976 75.88650512695312
-5.367121696472168 -12.560029029846191 88.97672271728516
5.330906391143799 36.396705627441406 68.59839630126953
16.52771759033203 -8.71534252166748 45.96718215942383
8.47937297821045 24.718469619750977 76.83335876464844
-2.74906325340271 -22.856435775756836 90.3208999633789
-10.31035327911377 -2.439507007598877 79.37214660644531
-7.782037734985352 78.19717407226562 44.848175048828125
-12.453715324401855 17.202062606811523 58.39472961425781
-8.827701568603516 13.36380386352539 75.27046966552734
4.661698818206787 -29.513351440429688 69.66612243652344
3.6715352535247803 40.307533264160156 66.38728332519531
-9.533981323242188 -19.386795043945312 52.548095703125
9.431024551391602 46.140316009521484 57.51820373535156
-0.39409950375556946 -31.141191482543945 116.1818618774414
-12.587029457092285 -27.601320266723633 37.222557067871094
12.12802791595459 27.31288719177246 50.633811950683594
-3.4877700805664062 -30.93756103515625 78.2771987915039
19.024274826049805 -12.964426040649414 58.36798858642578
5.478663444519043 -37.634254455566406 106.37773895263672
11.698681831359863 -28.33775520324707 88.62144470214844
2.5188405513763428 48.45138168334961 52.03837585449219
-1.174686312675476 49.37347412109375 58.620574951171875
-1.342063069343567 51.260459899902344 55.453269958496094
-8.418014526367188 26.406118392944336 29.57002830505371
-5.542391300201416 32.624717712402344 54.21373748779297
22.319738388061523 -6.782472610473633 53.172630310058594
-5.2776079177856445 -17.132843017578125 88.6140365600586
-8.572638511657715 32.45186233520508 59.57924270629883
2.730982542037964 -28.798749923706055 114.2933349609375
14.899177551269531 28.520177841186523 51.16999435424805
-2.0375866889953613 74.3425064086914 49.169517517089844
-10.762560844421387 10.624194145202637 72.52845764160156
14.824917793273926 -23.824047088623047 80.35562133789062
12.136824607849121 -18.41392707824707 63.35331344604492
-0.857380211353302 31.389759063720703 52.0548095703125
8.465842247009277 -27.82497787475586 94.38613891601562
2.6033172607421875 28.293310165405273 76.13451385498047
20.96907615661621 2.1226377487182617 68.88639831542969
13.919244766235352 -8.593770980834961 54.03426742553711
-5.224924564361572 30.849660873413086 69.44255065917969
-10.750561714172363 -27.01790428161621 31.752613067626953
20.550901412963867 7.659892559051514 63.96234893798828
-7.725834846496582 19.27846336364746 74.61064910888672
3.174265146255493 -12.781291961669922 55.179561614990234
14.255309104919434 -15.362378120422363 86.22390747070312
13.23507022857666 24.838212966918945 49.231773376464844
12.946276664733887 19.54790687561035 49.05183410644531
3.4611058235168457 22.23598289489746 50.550350189208984
-6.491015911102295 -14.793930053710938 57.61759567260742
-2.899688243865967 -9.66854476928711 55.782936096191406
7.600119590759277 -31.077051162719727 130.2818145751953
7.032327175140381 -29.801652908325195 129.14984130859375
1.6560890674591064 -19.871768951416016 91.89327239990234
15.79570484161377 -11.151134490966797 23.244022369384766
-3.1909148693084717 -33.69736862182617 92.45208740234375
-4.037431240081787 -24.693336486816406 89.6090087890625
3.621152400970459 -38.414947509765625 98.13545227050781
1.529396653175354 -31.270889282226562 153.97975158691406
14.623907089233398 -23.02107048034668 74.16100311279297
6.645229339599609 -45.58599853515625 161.14100646972656
3.260362148284912 18.119077682495117 50.91956329345703
4.896657466888428 -29.09527015686035 106.01329040527344
4.482615947723389 -27.155046463012695 98.14060974121094
16.186691284179688 -5.833858966827393 83.2669906616211
14.517000198364258 -6.427586555480957 86.14847564697266
-12.590036392211914 -25.073589324951172 41.52360916137695
6.750471115112305 -33.144840240478516 111.80323028564453
-6.520524024963379 0.36181092262268066 56.01461410522461
17.781814575195312 -11.2142915725708 52.1713981628418
-5.505541801452637 26.1396541595459 72.96939086914062
-10.983552932739258 78.750732421875 43.90057373046875
3.6501309871673584 65.97919464111328 53.050636291503906
3.5264830589294434 -8.926594734191895 92.37214660644531
18.334436416625977 -8.857629776000977 78.16807556152344
-0.5680927634239197 7.942558288574219 84.49447631835938
1.197864055633545 -36.226863861083984 89.47319793701172
4.294519901275635 -35.34394454956055 156.83343505859375
3.8474111557006836 -27.340778350830078 134.34564208984375
15.88512134552002 9.178727149963379 77.23648834228516
1.504978060722351 -25.786474227905273 63.098995208740234
3.5990800857543945 -39.38309097290039 167.18572998046875
20.64793586730957 21.38091468811035 45.464210510253906
16.153221130371094 -19.600292205810547 78.78302001953125
2.263901710510254 -13.537879943847656 92.3748550415039
-12.482110977172852 25.884618759155273 49.097103118896484
-10.261286735534668 -11.319315910339355 60.07900619506836
11.384617805480957 39.67801284790039 58.957679748535156
