-2.548795223236084 40.61845397949219 126.50663757324219
-22.35777473449707 29.0159912109375 40.758445739746094
9.031929016113281 43.72550964355469 56.72663497924805
14.728506088256836 -12.841043472290039 61.2314567565918
-1.7284432649612427 51.37252426147461 115.63098907470703
12.895346641540527 -28.900386810302734 44.325477600097656
15.111021041870117 -28.08077049255371 71.090576171875
-2.364335536956787 35.8380241394043 117.91059875488281
25.65534019470215 -18.019643783569336 63.149635314941406
-43.61368179321289 -3.2220797538757324 71.12619018554688
28.158241271972656 22.248693466186523 44.01890563964844
-35.48194885253906 51.08647918701172 9.437050819396973
12.383790016174316 -20.398658752441406 49.07411575317383
-23.951845169067383 13.831926345825195 64.24028015136719
-40.7736701965332 8.79836654663086 51.33442687988281
43.39250946044922 -19.822834014892578 66.25209045410156
-9.948676109313965 19.173294067382812 85.07647705078125
-13.34318733215332 -36.481388092041016 61.71892166137695
-6.173722743988037 0.3179236352443695 73.20741271972656
-1.6518422365188599 33.917701721191406 144.65049743652344
-33.25352096557617 -7.827208518981934 75.6029052734375
-5.041679859161377 -40.30582046508789 70.46284484863281
-9.530118942260742 17.662912368774414 56.64044952392578
-51.07619094848633 -5.174091815948486 41.52499008178711
-49.975624084472656 5.626730918884277 57.7692985534668
-3.5895633697509766 40.401187896728516 63.8427848815918
-22.87742805480957 14.578091621398926 29.995826721191406
8.152202606201172 14.802629470825195 64.37674713134766
7.4116716384887695 -39.435115814208984 54.99089050292969
11.12971019744873 -34.60648727416992 73.06657409667969
-9.845949172973633 46.3365364074707 112.83452606201172
-9.855161666870117 49.521541595458984 118.4267807006836
-3.560455322265625 46.669742584228516 63.44709396362305
34.31523895263672 -29.775493621826172 2.8079581260681152
22.742883682250977 -1.3309845924377441 28.384077072143555
-31.643335342407227 8.655012130737305 55.47138214111328
1.2273778915405273 -1.6085437536239624 30.64803123474121
-20.698026657104492 -26.434293746948242 66.1051025390625
-2.185211658477783 -20.40873908996582 80.62606048583984
-10.785707473754883 12.914868354797363 67.99795532226562
-12.833916664123535 -36.00807189941406 56.581398010253906
50.14084243774414 7.104531764984131 46.72800827026367
2.3142683506011963 42.28655242919922 95.5135498046875
7.401575088500977 -7.369002819061279 37.70478439331055
-46.13903045654297 -6.002697944641113 60.91082000732422
-33.536468505859375 -14.176563262939453 67.39663696289062
2.650895595550537 -11.027255058288574 56.212501525878906
16.315879821777344 18.39592742919922 63.57798385620117
-44.716773986816406 -1.4676730632781982 65.76396942138672
-22.18184471130371 33.16011428833008 42.89848709106445
-7.632408618927002 -21.538822174072266 35.701637268066406
-1.3507132530212402 16.919158935546875 24.79400062561035
-18.5416259765625 16.835817337036133 28.259597778320312
14.1338529586792 11.94674015045166 68.45310974121094
-1.9036074876785278 18.847272872924805 121.09152221679688
28.215761184692383 -12.89254093170166 46.063926696777344
-20.578107833862305 13.085481643676758 26.767070770263672
-10.329190254211426 10.00130558013916 22.3624210357666
-25.32987403869629 1.8176389932632446 67.00778198242188
-0.577606201171875 27.628568649291992 42.03824996948242
-36.65705871582031 -10.208380699157715 68.58235931396484
13.224383354187012 34.72154998779297 94.00899505615234
41.90485763549805 -9.034372329711914 72.17998504638672
-3.412877082824707 45.66975784301758 114.89378356933594
-2.463897228240967 43.80254364013672 112.18225860595703
-20.548738479614258 14.947724342346191 76.18702697753906
-13.84928035736084 39.62947082519531 52.14391326904297
-6.3259453773498535 57.125064849853516 117.58283233642578
3.9266347885131836 28.532909393310547 83.60105895996094
-19.8491268157959 24.958574295043945 36.98737335205078
11.623894691467285 19.426095962524414 71.41962432861328
6.8150410652160645 -0.24420775473117828 73.6807632446289
-15.839925765991211 2.371955633163452 26.031349182128906
-22.049808502197266 3.1979966163635254 79.6946029663086
-37.23784637451172 -18.292522430419922 70.00874328613281
-16.703964233398438 4.931507110595703 36.347572326660156
11.324355125427246 43.371192932128906 112.89109802246094
11.521465301513672 45.447532653808594 116.53596496582031
-24.92688751220703 62.342735290527344 17.918764114379883
-39.76066970825195 3.3651368618011475 74.4908218383789
5.137448310852051 35.07228088378906 76.1164321899414
0.2038693130016327 -31.873046875 83.41770935058594
4.954078197479248 -40.22003173828125 61.380699157714844
-20.532276153564453 19.507280349731445 32.78498077392578
2.806684732437134 45.73139572143555 61.21144104003906
-9.448554992675781 64.21699523925781 13.094919204711914
9.774243354797363 32.28185272216797 80.86337280273438
-31.66657829284668 14.41454792022705 55.680728912353516
-36.21809005737305 16.02188491821289 59.17005920410156
13.891975402832031 27.486501693725586 93.08250427246094
-16.81591033935547 -6.826550006866455 42.8001708984375
42.98393630981445 0.9977763295173645 74.38355255126953
20.149791717529297 -7.773478984832764 56.755943298339844
-10.119258880615234 -10.598329544067383 64.88793182373047
-10.251189231872559 30.237335205078125 77.96974182128906
10.248002052307129 -23.160009384155273 58.87677764892578
8.093327522277832 30.559446334838867 32.54445266723633
-29.999465942382812 43.904441833496094 5.148512840270996
-1.6082333326339722 -2.980544090270996 19.10511589050293
-4.360699653625488 10.36536979675293 82.11425018310547
2.342430591583252 18.370426177978516 66.46311950683594
-30.025432586669922 20.994388580322266 47.77756881713867
-30.352794647216797 -6.974663734436035 43.1287841796875
-8.841723442077637 61.72584915161133 12.867243766784668
43.4423828125 13.81104564666748 67.15129089355469
10.202848434448242 -7.776458740234375 62.05278015136719
-47.425472259521484 4.854827880859375 66.26859283447266
-11.18249797821045 -27.52903938293457 52.30537796020508
-23.308456420898438 32.89883041381836 73.08381652832031
-43.78327560424805 -9.786571502685547 44.43457794189453
-20.127471923828125 11.471426963806152 83.1860122680664
8.386871337890625 51.65069580078125 115.1521987915039
5.077093601226807 52.69702911376953 107.88326263427734
8.051616668701172 18.41170310974121 122.26289367675781
-0.5121719241142273 28.165058135986328 31.177494049072266
37.8748664855957 -22.135040283203125 1.8680142164230347
19.850616455078125 35.31718826293945 53.45079040527344
15.986593246459961 36.5578727722168 70.38262176513672
-11.11053466796875 43.66407775878906 60.03837585449219
8.633696556091309 21.5512752532959 110.3133773803711
-2.688591241836548 60.191162109375 114.71454620361328
14.735629081726074 -25.8707332611084 36.78714370727539
-8.034865379333496 -13.092700004577637 35.188255310058594
2.117570638656616 43.181854248046875 124.35824584960938
27.802581787109375 -3.739835739135742 73.66123962402344
0.34785589575767517 46.02208709716797 52.328765869140625
-18.919652938842773 39.1815071105957 66.20606231689453
15.6958589553833 -32.43482971191406 54.62702178955078
-11.3412446975708 34.006141662597656 112.99520111083984
0.13909049332141876 61.76206970214844 119.58786010742188
-2.882189989089966 37.54270935058594 85.43871307373047
19.726634979248047 33.468509674072266 44.1143684387207
11.582718849182129 52.933204650878906 116.26571655273438
-16.894866943359375 -28.349445343017578 66.08949279785156
-30.083818435668945 -13.575943946838379 57.27650833129883
-16.531156539916992 22.391117095947266 88.332275390625
-12.693760871887207 -13.053192138671875 53.33616256713867
8.750547409057617 -11.627203941345215 26.684783935546875
49.55094909667969 -19.43083381652832 47.566219329833984
-1.8871228694915771 -7.551214218139648 72.10945892333984
4.208439350128174 30.993562698364258 131.52455139160156
-36.16228485107422 59.89958190917969 14.34770393371582
-4.698588848114014 50.15688705444336 114.21926879882812
-7.664137840270996 48.84904479980469 109.64366149902344
-19.389516830444336 -27.250057220458984 68.76271057128906
-7.076276779174805 2.018578290939331 53.42085266113281
-3.6312451362609863 41.82440948486328 43.17499542236328
-11.042585372924805 47.25533676147461 110.99443054199219
-6.634402275085449 25.01483154296875 85.85977172851562
-4.967710494995117 -4.327802658081055 19.822866439819336
3.0532994270324707 13.29121208190918 58.75484848022461
13.669265747070312 -26.166139602661133 51.64214324951172
-8.575881004333496 17.683778762817383 137.15145874023438
-23.48969078063965 20.013425827026367 61.5393180847168
-4.025436878204346 -13.871264457702637 77.34317016601562
22.81416893005371 26.778823852539062 37.62977981567383
15.676068305969238 43.92682647705078 63.74007034301758
-13.116984367370605 24.61191177368164 31.248779296875
-3.2681522369384766 29.095739364624023 54.29066467285156
25.407512664794922 7.777638912200928 66.56007385253906
-29.61081314086914 -8.166485786437988 71.97449493408203
-25.270137786865234 -7.079156398773193 72.10173797607422
24.048742294311523 32.606117248535156 54.679786682128906
-7.897897720336914 26.689733505249023 62.696773529052734
10.932456016540527 42.120853424072266 45.85967254638672
-4.55155611038208 8.612040519714355 25.535783767700195
8.481145858764648 -33.4024543762207 71.71536254882812
27.950973510742188 25.191303253173828 45.171260833740234
-25.70401954650879 2.8491721153259277 33.82398986816406
22.2354679107666 -41.731266021728516 12.713824272155762
-13.495826721191406 -5.333323955535889 23.396469116210938
2.8338143825531006 26.978694915771484 142.40933227539062
-20.979726791381836 30.89314079284668 8.95331859588623
-11.518912315368652 -3.9659383296966553 34.08641815185547
-2.2033185958862305 14.81666088104248 66.0744400024414
8.224957466125488 39.136104583740234 131.66078186035156
4.339524745941162 -7.586673259735107 45.611324310302734
-12.404143333435059 25.3458251953125 98.34883117675781
-7.889780044555664 29.425193786621094 38.9819221496582
4.939353942871094 -25.29884910583496 33.608055114746094
-32.996707916259766 -6.482936382293701 63.46412658691406
-26.99506378173828 18.09939956665039 78.30584716796875
26.856689453125 22.823732376098633 40.191158294677734
13.390604972839355 30.65866470336914 74.81549072265625
-12.010710716247559 25.02192497253418 125.7200927734375
41.618682861328125 -13.429322242736816 60.86948776245117
8.906011581420898 36.19413375854492 83.25110626220703
3.1334116458892822 23.581220626831055 94.37446594238281
-38.508567810058594 12.277520179748535 53.9663200378418
-31.571487426757812 13.938288688659668 52.00270462036133
-4.12594747543335 -26.810632705688477 81.3453369140625
36.59285354614258 -20.157669067382812 67.14752197265625
-14.384635925292969 18.72913360595703 39.75831985473633
-26.78939437866211 21.046894073486328 52.68772888183594
-21.326793670654297 0.8198997378349304 37.13334655761719
23.441452026367188 18.387409210205078 34.07582473754883
3.4590916633605957 31.751070022583008 31.76597785949707
13.271636009216309 16.5941219329834 58.9295539855957
-27.235103607177734 26.613718032836914 49.92545700073242
4.292203903198242 22.44869613647461 48.3867073059082
-0.7840282917022705 33.901824951171875 36.219810485839844
-20.105228424072266 3.517092227935791 56.17838668823242
26.53180694580078 7.8888468742370605 83.071533203125
-31.917156219482422 6.935764789581299 49.77412033081055
-0.23823633790016174 19.446285247802734 54.983070373535156
-1.9132657051086426 39.981361389160156 92.38848876953125
26.57891845703125 -17.302623748779297 43.76140594482422
29.757627487182617 9.151073455810547 83.1513900756836
-17.387327194213867 35.42920684814453 41.85102462768555
-2.3661787509918213 30.9581298828125 78.10769653320312
36.014244079589844 -15.514320373535156 68.11015319824219
6.599867820739746 -1.4100394248962402 69.38472747802734
5.694098949432373 -27.43715476989746 51.92163848876953
-20.379962921142578 60.81627655029297 15.351160049438477
-2.8948421478271484 -12.645387649536133 64.52976989746094
20.032377243041992 19.56209373474121 44.88412094116211
-15.199248313903809 -17.084699630737305 68.36521911621094
1.030465006828308 2.58083176612854 21.631526947021484
-24.569278717041016 -0.3248269259929657 41.30795669555664
-7.285689830780029 33.37822723388672 45.01408004760742
-2.441150665283203 44.898319244384766 80.36841583251953
-11.350912094116211 33.38129806518555 122.99222564697266
2.964346170425415 58.439388275146484 116.34848022460938
35.5245361328125 -2.739614248275757 68.52381134033203
9.410444259643555 21.246490478515625 138.40696716308594
7.541116237640381 -34.8602409362793 54.39568328857422
16.74738883972168 -7.405900955200195 23.91847801208496
-6.627657890319824 -17.13858985900879 58.94768524169922
-18.130104064941406 34.60304260253906 13.384092330932617
-2.840822458267212 16.474851608276367 130.53643798828125
-0.3942951560020447 36.19169235229492 138.88143920898438
9.305953979492188 40.53943634033203 99.63611602783203
24.008840560913086 -1.7120449542999268 39.289207458496094
-15.208586692810059 41.792259216308594 6.771734714508057
18.360822677612305 0.4174067974090576 65.62261199951172
-22.18189811706543 29.27501678466797 76.6974868774414
-9.397734642028809 38.38178253173828 43.56863784790039
17.905126571655273 -5.222888469696045 25.942350387573242
-37.58351516723633 51.73234176635742 10.615983009338379
-15.455726623535156 38.001319885253906 43.666133880615234
-19.77080726623535 46.549163818359375 11.165597915649414
17.832120895385742 41.23968505859375 68.286865234375
-26.59758186340332 31.82476806640625 59.140541076660156
-3.06676983833313 -6.775914192199707 37.704856872558594
4.589854717254639 43.96990203857422 86.41664123535156
40.45612716674805 0.30494773387908936 57.58092498779297
32.6265869140625 -4.284542560577393 55.26807403564453
-36.36804962158203 55.247467041015625 12.679815292358398
19.350034713745117 -14.831409454345703 60.56949996948242
12.5248441696167 26.138498306274414 48.666255950927734
-22.931621551513672 -9.126809120178223 46.30180740356445
-2.9517009258270264 15.369006156921387 73.42816162109375
-27.546796798706055 10.982213020324707 71.53519439697266
-28.898052215576172 56.85088348388672 13.304550170898438
-7.493279457092285 -0.443778932094574 22.68935203552246
10.258523941040039 -5.812304973602295 77.1602554321289
-13.891657829284668 38.8444938659668 89.41570281982422
-33.2567138671875 7.999234199523926 67.393798828125
-23.94206428527832 39.1748046875 7.864795684814453
-3.4237358570098877 27.720413208007812 89.15086364746094
-22.57259750366211 7.304864883422852 51.70912170410156
-33.840816497802734 -2.5479788780212402 73.20518493652344
-11.964268684387207 -37.63109588623047 66.67324829101562
39.68586349487305 -16.395755767822266 64.3682632446289
43.66664123535156 -19.506946563720703 59.70566177368164
41.67710876464844 19.225496292114258 53.14768600463867
30.528615951538086 20.125497817993164 49.34666442871094
-13.182122230529785 11.896441459655762 35.705955505371094
-14.76555347442627 -23.8344783782959 48.134517669677734
23.25897789001465 32.24840545654297 75.79867553710938
6.064067840576172 -40.69650650024414 75.4775390625
-15.537553787231445 18.272592544555664 49.37645721435547
14.679142951965332 -3.196370840072632 32.318111419677734
26.780126571655273 29.055322647094727 62.39653015136719
8.97857666015625 31.52739906311035 58.25811767578125
3.2053816318511963 52.093536376953125 104.61178588867188
5.219724655151367 -35.12337875366211 45.53453826904297
-28.9276123046875 18.187564849853516 68.93588256835938
23.315601348876953 8.661615371704102 43.708099365234375
49.94892883300781 -16.792503356933594 44.32470703125
48.038185119628906 -8.593097686767578 42.633243560791016
11.018790245056152 4.5877790451049805 23.070375442504883
-14.703864097595215 10.037452697753906 55.525535583496094
-22.006790161132812 -20.093093872070312 62.15863037109375
-37.324642181396484 18.157865524291992 55.911155700683594
-31.43302345275879 17.320629119873047 51.929405212402344
23.34320831298828 14.097814559936523 64.36764526367188
-43.01215362548828 8.967879295349121 55.71875
-0.07638737559318542 36.7429313659668 130.91555786132812
8.618826866149902 -21.610946655273438 26.796903610229492
13.260245323181152 -9.423595428466797 77.86604309082031
36.79081726074219 17.597585678100586 64.5954360961914
-15.655560493469238 28.48221778869629 5.910495758056641
11.030505180358887 15.681514739990234 82.28135681152344
-43.91496658325195 -6.443068504333496 44.124977111816406
-40.14424133300781 -10.050299644470215 73.45336151123047
2.138308525085449 38.19423294067383 70.02533721923828
-16.814254760742188 16.031526565551758 60.53081130981445
-40.751792907714844 43.40786361694336 8.761491775512695
-19.175451278686523 28.83662986755371 4.990383625030518
-31.234975814819336 5.222213268280029 79.30681610107422
4.8396196365356445 0.6388403177261353 19.562463760375977
-48.542598724365234 -4.6995625495910645 40.8148078918457
12.360554695129395 13.505102157592773 36.82632064819336
22.062095642089844 -9.217069625854492 47.952701568603516
20.72308349609375 6.114389419555664 59.371177673339844
-3.5883708000183105 26.946353912353516 126.25250244140625
-16.34621238708496 33.79123306274414 80.69427490234375
-28.361343383789062 -14.19467544555664 63.26486587524414
12.499937057495117 -15.81767463684082 26.930347442626953
45.13762283325195 -14.325532913208008 63.12704086303711
8.888615608215332 -1.7308067083358765 24.9566650390625
3.259885549545288 35.842960357666016 111.69593811035156
-31.82002067565918 -0.10840214043855667 46.50312042236328
-8.522619247436523 14.062016487121582 143.6352996826172
39.1644401550293 -19.20598793029785 65.31501770019531
18.760112762451172 15.339134216308594 31.530349731445312
-35.464202880859375 18.30350685119629 66.87899780273438
8.26936149597168 42.38825607299805 86.37983703613281
7.59869384765625 -22.43433380126953 50.39841079711914
-21.739057540893555 42.6005859375 4.466895580291748
23.39778709411621 -24.33632469177246 5.8467020988464355
8.16816234588623 -35.94243621826172 76.85665893554688
18.48072052001953 -16.697824478149414 51.311729431152344
16.373899459838867 -17.77669334411621 32.87222671508789
-45.094398498535156 6.0638861656188965 44.21859359741211
4.320687770843506 -11.498478889465332 20.659011840820312
-21.39206314086914 -5.269349575042725 29.547924041748047
12.124022483825684 23.107763290405273 135.0580596923828
-27.65224266052246 -6.971221923828125 58.76233673095703
6.1119608879089355 25.866168975830078 90.78109741210938
-2.2374157905578613 -39.91791915893555 82.50611114501953
-10.576416015625 -18.60929298400879 78.73684692382812
-28.840930938720703 17.698822021484375 56.49295425415039
17.65408706665039 32.14143371582031 87.0667953491211
-17.962888717651367 30.743309020996094 21.083337783813477
11.395247459411621 35.24086380004883 104.73209381103516
32.8216438293457 -13.219473838806152 65.94866180419922
5.099029064178467 42.185001373291016 125.51497650146484
46.85908508300781 0.8648950457572937 43.414756774902344
-7.050970077514648 -14.506047248840332 27.68829917907715
3.555215358734131 13.39627456665039 138.03782653808594
-7.566061973571777 40.038150787353516 118.83900451660156
11.297574043273926 26.86676597595215 28.813081741333008
30.669565200805664 16.704055786132812 64.21292877197266
-4.629724979400635 27.50733184814453 115.8209228515625
2.7641050815582275 2.261457681655884 39.01146697998047
-0.9926453828811646 -19.97854995727539 73.73793029785156
13.325704574584961 25.509214401245117 88.16963195800781
-26.56227684020996 26.594446182250977 71.39884948730469
-10.109779357910156 37.42362976074219 38.96767807006836
-24.291074752807617 8.624275207519531 38.39701461791992
-22.951749801635742 -12.05630111694336 31.28913688659668
-39.85344314575195 18.453603744506836 59.04210662841797
11.362624168395996 21.823806762695312 98.89996337890625
44.08704376220703 13.701631546020508 49.571022033691406
11.49432373046875 4.455957889556885 35.69807434082031
-19.59768295288086 8.475643157958984 63.4071159362793
-6.391814231872559 12.169188499450684 143.06375122070312
-7.833988189697266 26.00965118408203 142.47610473632812
25.573781967163086 2.9878082275390625 32.738643646240234
28.457141876220703 14.580965995788574 80.13444519042969
-7.7385172843933105 17.857969284057617 79.3131332397461
16.233932495117188 -12.044610023498535 76.5425796508789
25.513607025146484 -12.072671890258789 1.7389776706695557
-13.23279857635498 -27.456090927124023 38.493873596191406
43.215816497802734 0.9804611206054688 42.543582916259766
-5.30426025390625 46.708072662353516 58.77989196777344
-20.14176368713379 4.862305164337158 26.3143367767334
18.73465347290039 -28.272464752197266 57.16231155395508
18.882869720458984 -21.560768127441406 20.275409698486328
-42.58879470825195 5.028694152832031 49.47328186035156
13.599637031555176 -15.481375694274902 33.88583755493164
-10.908258438110352 -30.681766510009766 63.20760726928711
31.31494140625 11.440143585205078 47.361209869384766
-17.78139877319336 23.88858413696289 44.53034973144531
40.63296127319336 14.65809440612793 72.7315902709961
-13.117517471313477 7.517319202423096 83.14300537109375
6.8619065284729 46.35608673095703 65.5181655883789
37.23948287963867 -4.185862064361572 63.1134033203125
33.08451461791992 -4.707976818084717 61.554969787597656
4.1398725509643555 39.76055908203125 133.68324279785156
15.359671592712402 0.9213659167289734 51.4742546081543
11.027990341186523 34.05851745605469 46.3101921081543
9.501294136047363 36.28793716430664 88.662841796875
-46.228477478027344 4.43258810043335 60.994728088378906
-3.1985247135162354 41.954959869384766 120.92253875732422
-12.492010116577148 31.306859970092773 104.54963684082031
4.764081954956055 18.23462677001953 105.00917053222656
0.08948295563459396 15.04831600189209 143.0823211669922
-35.97307205200195 -2.7060093879699707 62.295074462890625
47.81525421142578 -16.33701515197754 47.12477493286133
2.0936381816864014 -23.386688232421875 47.61119079589844
29.754037857055664 -5.564558982849121 42.61537170410156
-0.22199347615242004 37.71227264404297 45.05389404296875
13.423134803771973 -16.793270111083984 2.767521858215332
-6.8966193199157715 30.3212947845459 110.96101379394531
5.907873630523682 21.396528244018555 116.79312896728516
17.045421600341797 11.637649536132812 24.639183044433594
-5.01002836227417 37.86909484863281 130.42962646484375
26.735288619995117 23.048046112060547 58.38518524169922
2.8695685863494873 -33.257354736328125 79.57862091064453
-27.665586471557617 -3.102426767349243 48.9025764465332
-8.701997756958008 41.04793167114258 111.5094223022461
-2.713228940963745 19.16301918029785 109.39017486572266
20.16154670715332 36.295166015625 59.933502197265625
49.879493713378906 -12.60916519165039 42.53057098388672
-9.353147506713867 51.57733917236328 9.059226989746094
10.51773738861084 -27.850698471069336 63.76264953613281
-2.1665050983428955 20.0833740234375 42.02712631225586
-1.607417106628418 2.9481759071350098 81.21062469482422
-46.55984878540039 -4.817200660705566 51.47034454345703
-7.168365001678467 -7.4814605712890625 78.43433380126953
-1.0714502334594727 -17.446088790893555 1.8461474180221558
9.102046012878418 50.69753646850586 108.28022003173828
13.580511093139648 23.999792098999023 72.0693130493164
21.345142364501953 5.060159206390381 80.80426788330078
-9.865935325622559 -35.715476989746094 70.77992248535156
-5.846219539642334 11.82873249053955 145.1454315185547
15.50500202178955 -19.732437133789062 41.702842712402344
32.42640686035156 -18.603944778442383 1.8563989400863647
-42.707305908203125 45.2859992980957 6.850773334503174
3.2035791873931885 -17.53305435180664 48.69955825805664
1.6925588846206665 38.84970474243164 81.88616180419922
12.0695161819458 19.090219497680664 90.7706527709961
-21.17738914489746 11.602005004882812 69.54283905029297
0.13426336646080017 61.4158821105957 123.6505355834961
-21.08853530883789 26.712535858154297 51.385597229003906
30.18372344970703 -8.059110641479492 0.41035696864128113
-15.241050720214844 61.060096740722656 13.14050006866455
-19.79139518737793 36.38264846801758 44.75461959838867
-40.46316909790039 1.2149851322174072 55.798362731933594
-32.79727554321289 -0.7996652722358704 54.65303039550781
20.192848205566406 -22.58072280883789 36.548587799072266
-15.343018531799316 16.074831008911133 82.71927642822266
-3.9401917457580566 -9.49828052520752 52.86174011230469
16.5929012298584 -41.825958251953125 12.506387710571289
-16.76801872253418 39.96866989135742 82.421142578125
23.973289489746094 30.992624282836914 48.60531234741211
-4.928075790405273 8.239439964294434 53.686588287353516
6.836845397949219 59.63034439086914 120.70530700683594
-6.553786277770996 44.92779541015625 80.3276138305664
-19.45123291015625 -8.823321342468262 74.7009048461914
-11.691362380981445 -3.340906858444214 65.64817810058594
-38.451045989990234 8.553138732910156 57.37990188598633
4.196091175079346 11.169144630432129 82.83192443847656
-10.334354400634766 47.47517395019531 108.9644775390625
-45.50606155395508 -5.415635585784912 41.1148796081543
2.277261257171631 18.24025535583496 97.0058364868164
-41.12870407104492 16.01679039001465 53.480384826660156
12.388880729675293 -1.0298984050750732 43.7706298828125
-28.972862243652344 23.225934982299805 52.84522247314453
-20.78145980834961 -26.841829299926758 64.67147064208984
-4.6377387046813965 -32.03809356689453 58.085391998291016
-17.613027572631836 38.36235046386719 83.48680114746094
10.048874855041504 41.27045822143555 110.75902557373047
-8.767908096313477 39.22663497924805 103.26546478271484
-8.066104888916016 44.79158020019531 107.96278381347656
-5.373563289642334 3.3664071559906006 35.48482131958008
9.13161849975586 -27.832571029663086 79.75785064697266
-8.243492126464844 50.30890655517578 107.32083892822266
-7.988424777984619 39.975990295410156 129.28640747070312
-12.642480850219727 28.05744171142578 129.93426513671875
5.559191703796387 -39.6290397644043 79.94654846191406
19.8667049407959 -24.914073944091797 45.42876434326172
43.86988830566406 -1.077835202217102 72.39334869384766
2.964219093322754 -16.800203323364258 59.73630142211914
-1.5159069299697876 -27.392709732055664 34.266563415527344
10.620640754699707 16.0494441986084 56.717689514160156
32.29571533203125 -28.317190170288086 6.317348003387451
-26.516244888305664 6.953458309173584 62.55229949951172
-30.42928123474121 13.209207534790039 65.2041244506836
-5.250861644744873 27.0163631439209 73.69285583496094
-11.677305221557617 41.846351623535156 47.736507415771484
13.955513000488281 28.470626831054688 100.73573303222656
-10.217090606689453 38.49357604980469 66.4128189086914
-22.611928939819336 -23.291738510131836 64.87615203857422
-2.4283950328826904 -41.82152557373047 63.65489959716797
7.415586471557617 40.00897216796875 125.25601196289062
-31.600494384765625 16.44204330444336 65.28185272216797
8.43097972869873 -16.982818603515625 36.345672607421875
-11.074576377868652 2.983442783355713 63.7651481628418
-47.86452865600586 -15.580500602722168 45.60371780395508
-3.0342774391174316 50.48470687866211 119.33833312988281
-26.041122436523438 -20.42152214050293 53.78488540649414
-3.625852108001709 23.099233627319336 57.910396575927734
-0.7496389150619507 -23.963653564453125 65.2962646484375
-19.86099624633789 18.18259620666504 84.59766387939453
-20.185710906982422 15.45781135559082 83.10982513427734
-44.27731704711914 17.978925704956055 51.09225845336914
1.6333272457122803 -9.968976020812988 48.03395462036133
19.07830238342285 -1.350743055343628 23.644878387451172
-41.8265495300293 -14.369172096252441 65.72078704833984
-9.998120307922363 37.98740005493164 6.764285087585449
31.610820770263672 -34.50096130371094 9.245699882507324
-16.352415084838867 -0.7011584639549255 42.04066467285156
26.453346252441406 15.168938636779785 73.5164566040039
12.274620056152344 -31.315658569335938 8.274063110351562
-45.206539154052734 -1.3775073289871216 42.55826950073242
23.475114822387695 17.25813102722168 50.17360305786133
-7.717541694641113 13.898346900939941 140.70477294921875
-26.576549530029297 18.732263565063477 37.16695785522461
-19.339197158813477 51.643009185791016 10.03982162475586
0.3055480122566223 12.350020408630371 49.18505859375
-10.142383575439453 45.615966796875 7.142590522766113
-0.25011107325553894 25.1336669921875 72.77687072753906
8.915709495544434 -14.17860221862793 71.0358657836914
-4.315587043762207 42.226192474365234 56.40326690673828
-42.128013610839844 49.386470794677734 8.792167663574219
-13.327319145202637 43.95637893676758 68.465576171875
-46.22224044799805 -19.561965942382812 58.029808044433594
-0.6083189845085144 13.201135635375977 38.04435348510742
41.519371032714844 11.38680648803711 73.5488510131836
-13.315041542053223 22.34401512145996 69.99189758300781
-10.286678314208984 55.654109954833984 118.34432220458984
-10.071067810058594 -10.47607421875 26.49164390563965
17.96943473815918 -4.792895793914795 1.4452918767929077
24.066343307495117 -38.119415283203125 5.828757286071777
-15.926878929138184 34.96175003051758 57.806243896484375
4.841332912445068 16.231374740600586 135.216552734375
8.947876930236816 55.06073760986328 119.18489074707031
3.147969961166382 33.3895149230957 86.515380859375
13.084684371948242 -29.550901412963867 38.554176330566406
-18.86285400390625 -8.729937553405762 35.57417678833008
-10.408562660217285 -30.3876953125 76.95034790039062
0.43729615211486816 -16.551359176635742 1.119232177734375
-2.9193263053894043 22.384355545043945 34.20948028564453
7.548761367797852 40.380821228027344 95.00018310546875
-25.175416946411133 24.710107803344727 41.558265686035156
32.279869079589844 13.579963684082031 67.97258758544922
18.740734100341797 26.30107307434082 55.512359619140625
23.523183822631836 -3.075482130050659 1.6589486598968506
-4.045591831207275 -0.4218747913837433 43.39411926269531
-7.426873207092285 41.705108642578125 96.4565200805664
-22.256671905517578 22.770259857177734 78.85772705078125
-18.292932510375977 -21.364391326904297 72.36223602294922
17.430395126342773 -42.55799102783203 8.139513969421387
-5.344974040985107 21.062593460083008 50.43204879760742
-8.05113697052002 31.741397857666016 102.5625228881836
24.188058853149414 -20.280200958251953 48.7840690612793
8.63818645477295 37.66979217529297 64.74093627929688
-13.146496772766113 -35.21126174926758 50.09133529663086
-17.627960205078125 22.8302001953125 55.426116943359375
-39.728675842285156 42.77348327636719 5.951764106750488
-14.086759567260742 -6.431488990783691 74.91924285888672
-7.8460540771484375 13.238322257995605 45.401268005371094
13.361489295959473 35.958168029785156 39.84616470336914
50.038028717041016 -12.893853187561035 45.64519500732422
-22.811655044555664 -22.191192626953125 49.78221130371094
24.50545310974121 17.27228355407715 39.96244812011719
-15.97121810913086 -7.244993686676025 64.2149429321289
-11.021195411682129 40.91135025024414 85.75552368164062
-30.641494750976562 60.733856201171875 17.065378189086914
4.457455635070801 -19.16632080078125 41.47276306152344
14.60305118560791 28.75359535217285 66.70059967041016
-42.1122932434082 53.273597717285156 9.31373405456543
39.458946228027344 1.7062069177627563 77.32950592041016
-4.613873481750488 6.331526279449463 43.69883346557617
-16.071487426757812 -32.026607513427734 57.219947814941406
11.316208839416504 18.05486488342285 26.803682327270508
10.009197235107422 14.117467880249023 45.40518569946289
-17.42738914489746 0.42195165157318115 73.57035064697266
6.796594619750977 -8.62929630279541 20.86219024658203
-29.10793113708496 -1.4471715688705444 76.67760467529297
-33.55556106567383 39.84242630004883 5.704028129577637
-18.278369903564453 40.49644470214844 52.701107025146484
7.295130729675293 15.090747833251953 142.9026336669922
-0.17252413928508759 42.18955993652344 87.81715393066406
-18.06529426574707 8.400561332702637 32.243717193603516
-37.57915496826172 0.5197508931159973 78.09536743164062
1.131001353263855 -14.901419639587402 23.310712814331055
28.01811408996582 -32.24829864501953 6.208016872406006
-3.438192129135132 1.3896721601486206 29.45440673828125
-0.07112085819244385 -17.238740921020508 29.78472900390625
-4.605446815490723 8.66334342956543 64.3952407836914
-30.520353317260742 66.65877532958984 19.844205856323242
2.0262041091918945 -42.015567779541016 69.62752532958984
5.8862223625183105 37.607112884521484 41.445194244384766
-21.9620418548584 34.121429443359375 55.64731979370117
-1.830355167388916 42.768890380859375 106.78716278076172
1.4308953285217285 53.5975456237793 114.60649871826172
6.276806354522705 17.491573333740234 89.04730224609375
15.152535438537598 -2.5614545345306396 77.13578033447266
-23.710609436035156 0.9036872386932373 53.71116256713867
7.001575469970703 23.5771541595459 27.06186294555664
50.09080505371094 -16.663455963134766 48.109493255615234
17.804094314575195 -30.59622573852539 67.32139587402344
-25.191570281982422 -11.519540786743164 37.091819763183594
-9.564201354980469 36.85785675048828 134.42738342285156
-27.36802101135254 3.299114942550659 46.070884704589844
8.912283897399902 24.731006622314453 75.22515106201172
3.5916237831115723 15.676347732543945 32.28319549560547
-28.446407318115234 19.407381057739258 73.41390991210938
-16.425474166870117 55.16027069091797 10.301421165466309
27.922927856445312 23.15578842163086 68.8235092163086
10.05413818359375 48.50727081298828 118.88011932373047
-7.858059406280518 -7.417525291442871 45.773006439208984
11.096661567687988 28.43618392944336 113.97627258300781
28.99209976196289 -15.18720531463623 56.87665557861328
-5.849930763244629 33.31418228149414 85.6448974609375
-16.388269424438477 -22.70688819885254 56.74880599975586
-34.19972229003906 38.889183044433594 2.538193464279175
-9.627555847167969 19.514869689941406 92.8675765991211
20.1751766204834 25.502059936523438 49.19297790527344
8.74678897857666 39.243648529052734 118.73798370361328
-7.804065227508545 38.49998092651367 55.970191955566406
-16.47514533996582 -17.40074348449707 29.623064041137695
-13.50867748260498 7.460916042327881 73.21077728271484
-12.513550758361816 1.9761414527893066 78.98014068603516
-15.241376876831055 6.395573139190674 49.3818473815918
-10.782645225524902 40.46279525756836 116.91046905517578
5.4915852546691895 -20.862079620361328 69.20369720458984
11.67686939239502 -7.905289173126221 22.67994499206543
21.62179946899414 -25.240873336791992 17.619321823120117
-23.057048797607422 7.549803256988525 28.23006820678711
22.452268600463867 -15.420004844665527 40.20763397216797
20.48194694519043 5.815388202667236 29.60179901123047
5.533029079437256 -27.80478858947754 73.71884155273438
16.522172927856445 37.239131927490234 79.45780181884766
-8.685286521911621 40.14265823364258 125.54185485839844
21.820980072021484 37.696468353271484 51.943538665771484
49.72503662109375 5.908989429473877 53.14347457885742
-6.264798164367676 35.480003356933594 36.50804138183594
-19.355409622192383 -10.392407417297363 27.40350914001465
1.9109700918197632 -6.71193790435791 22.083478927612305
1.6768772602081299 45.74332046508789 72.07653045654297
-4.127551555633545 -2.095571756362915 64.8396224975586
-21.498653411865234 11.015167236328125 30.6014404296875
-26.588171005249023 10.799229621887207 48.697265625
46.34141159057617 7.605061054229736 64.3311538696289
-17.05666160583496 -1.4858423471450806 56.70160675048828
2.721377372741699 4.443702220916748 47.793514251708984
19.101011276245117 -27.194162368774414 17.22504997253418
-19.59831428527832 -7.906442165374756 54.433319091796875
32.46092224121094 17.286739349365234 71.27074432373047
-28.775428771972656 -11.179658889770508 48.15975570678711
26.23004722595215 -16.194700241088867 53.38301086425781
13.29598617553711 28.012426376342773 106.36593627929688
-3.818389415740967 -35.37266540527344 79.98782348632812
-4.500035285949707 29.74306297302246 94.8368911743164
-25.85964012145996 19.36009979248047 44.64774703979492
-20.145042419433594 -27.25261116027832 57.13823699951172
-16.76266098022461 7.6129937171936035 79.52124786376953
14.583871841430664 -20.393922805786133 29.544822692871094
49.48971939086914 -19.141902923583984 46.8304443359375
11.579931259155273 -12.884103775024414 45.353736877441406
19.423044204711914 28.112934112548828 62.861473083496094
-14.908780097961426 -16.713088989257812 61.403629302978516
15.304471969604492 40.8359375 51.53192901611328
-18.299854278564453 -19.959596633911133 34.414817810058594
3.481977701187134 58.06642150878906 121.09139251708984
-48.72908401489258 -16.312816619873047 48.636653900146484
-47.94279861450195 -18.863811492919922 55.2608757019043
-6.600103378295898 62.057289123535156 12.058429718017578
-5.0121941566467285 41.3235969543457 71.10163879394531
-43.96072006225586 48.91216278076172 7.262633323669434
36.195167541503906 17.29237174987793 61.38007736206055
30.503856658935547 21.000591278076172 60.169918060302734
23.237628936767578 26.664247512817383 43.103763580322266
-17.062124252319336 11.57262897491455 43.15386962890625
-10.000570297241211 22.9039249420166 116.83074951171875
9.959095001220703 20.977039337158203 126.24993133544922
-25.353059768676758 -3.800529956817627 31.90460968017578
21.19800567626953 -13.397505760192871 73.79226684570312
27.318416595458984 -0.8017054200172424 62.463565826416016
-14.161336898803711 -3.608656406402588 78.95796966552734
-1.417881727218628 -41.44834518432617 78.91532897949219
-46.97616958618164 -1.137058138847351 49.381507873535156
-25.04971694946289 10.555808067321777 57.0333366394043
17.9375 -21.16492462158203 7.093859672546387
0.2257726639509201 38.99427795410156 58.25630187988281
21.472509384155273 -24.675777435302734 18.329591751098633
36.58317565917969 -13.550943374633789 72.84001922607422
-11.446163177490234 41.90796661376953 78.15147399902344
-16.035194396972656 -24.37386703491211 34.57627487182617
6.33539342880249 26.43362808227539 80.25579071044922
9.68039321899414 6.085846900939941 67.24724578857422
3.9183483123779297 9.407760620117188 73.19425201416016
-19.3184871673584 65.39734649658203 16.56298828125
27.765193939208984 25.795923233032227 50.68403244018555
-7.292669773101807 9.0726957321167 75.78535461425781
22.084497451782227 33.89453887939453 67.71875
-10.773310661315918 -33.17202377319336 46.67772674560547
18.48881721496582 -31.071714401245117 5.21389102935791
10.512504577636719 21.543739318847656 120.59505462646484
-43.01615524291992 12.148768424987793 46.061161041259766
4.106302261352539 32.25996017456055 95.01847839355469
-3.005906343460083 -8.437177658081055 22.429359436035156
-46.3645133972168 18.297985076904297 57.120304107666016
-48.244224548339844 14.991630554199219 54.28426742553711
-21.608657836914062 16.229177474975586 37.31007766723633
-45.651695251464844 -11.95246696472168 47.216278076171875
3.3709466457366943 -36.405723571777344 67.68305969238281
9.26650333404541 -7.627326011657715 55.76148223876953
25.049837112426758 21.868228912353516 77.91399383544922
13.187701225280762 -9.32738208770752 51.42386245727539
0.820164144039154 -27.991470336914062 41.649566650390625
19.740802764892578 21.503990173339844 70.5672378540039
-8.922545433044434 -22.520612716674805 29.677494049072266
9.648643493652344 10.589883804321289 25.662065505981445
-8.345134735107422 45.845298767089844 73.70807647705078
-11.031498908996582 21.023696899414062 129.6597900390625
-33.29301452636719 2.7608625888824463 61.07775115966797
-7.434195518493652 15.801705360412598 32.238441467285156
3.4034111499786377 -3.453277111053467 50.51837921142578
10.642354965209961 25.759841918945312 142.05531311035156
-9.972530364990234 -23.420133590698242 59.86144256591797
28.33304786682129 -7.953932762145996 51.710819244384766
26.89324951171875 4.241466522216797 69.07760620117188
13.13733959197998 29.57372283935547 82.31767272949219
-3.184830665588379 -43.268402099609375 67.81011962890625
36.119956970214844 9.267149925231934 77.19813537597656
7.22506046295166 44.95875930786133 110.20743560791016
9.386569023132324 45.56661605834961 115.68302154541016
-7.370814800262451 7.164387226104736 81.3818588256836
-38.188663482666016 45.272029876708984 7.1609110832214355
29.52566909790039 1.9846105575561523 56.18358612060547
35.106685638427734 4.484841823577881 61.30892562866211
-40.39601516723633 3.6339128017425537 62.49490737915039
-52.38811111450195 9.315292358398438 52.72223663330078
-7.034172534942627 22.66814613342285 108.55933380126953
-25.51789093017578 58.35323715209961 18.516132354736328
-32.50550079345703 10.156895637512207 60.53291702270508
-37.036563873291016 12.151532173156738 62.80434799194336
11.219454765319824 8.870235443115234 57.776451110839844
-47.10334396362305 -13.521384239196777 55.90645980834961
-47.174137115478516 -11.574684143066406 51.115203857421875
-10.968289375305176 20.6385440826416 110.97740173339844
-50.9830322265625 6.853262901306152 49.242164611816406
32.22208023071289 7.9183807373046875 64.00523376464844
20.47359848022461 -19.91197967529297 8.149627685546875
-45.520565032958984 19.4863338470459 53.62190628051758
10.462233543395996 -2.5035059452056885 21.361223220825195
25.282194137573242 10.164477348327637 83.27977752685547
-6.98458194732666 -38.91008377075195 76.60181427001953
-6.960563659667969 -16.778676986694336 70.62113189697266
20.049360275268555 -5.000441551208496 76.03677368164062
-0.9347559213638306 61.451290130615234 116.04405975341797
-50.00555419921875 11.8416109085083 59.72027587890625
-30.501937866210938 8.397647857666016 44.35491180419922
13.98523998260498 44.51266860961914 62.365760803222656
3.411808490753174 9.550027847290039 39.953857421875
-32.87491989135742 14.313687324523926 78.3984146118164
-10.419769287109375 36.03997802734375 94.73741912841797
-6.3098225593566895 34.233028411865234 139.3475341796875
-15.948834419250488 31.344066619873047 86.51304626464844
22.549800872802734 -41.5192985534668 6.2953596115112305
-29.55526351928711 3.9375967979431152 53.86102294921875
-23.112422943115234 55.53028869628906 14.857850074768066
8.495829582214355 -27.44302749633789 39.91526412963867
-13.224360466003418 28.13125228881836 26.13494110107422
-11.81542682647705 4.43699312210083 42.51035690307617
-0.2593613266944885 -15.068727493286133 79.28192138671875
-12.80057430267334 25.191543579101562 79.1591567993164
-28.577585220336914 14.448304176330566 41.961360931396484
13.325735092163086 40.916664123535156 84.87069702148438
4.885095119476318 -20.259639739990234 28.528125762939453
-10.365650177001953 38.15544128417969 124.87744903564453
-9.648731231689453 32.181884765625 68.37435150146484
-17.590211868286133 40.52848434448242 76.8339614868164
5.273636817932129 -29.32783317565918 82.18058776855469
-15.872054100036621 12.445181846618652 83.70852661132812
7.950131416320801 -36.56974411010742 79.45044708251953
-24.2462215423584 44.39550018310547 5.636270046234131
-1.5648326873779297 36.32180404663086 101.84319305419922
40.78532791137695 -21.212064743041992 66.51470184326172
43.52834701538086 19.122547149658203 58.371891021728516
-6.730233669281006 -26.175148010253906 73.67350769042969
4.023213863372803 40.5723876953125 51.1733283996582
16.437488555908203 1.6506520509719849 23.67990493774414
10.726903915405273 35.85085678100586 72.1767807006836
26.065141677856445 27.789470672607422 42.981197357177734
-21.536746978759766 35.26564025878906 68.44312286376953
15.635207176208496 -17.07272720336914 77.9117202758789
-49.19142150878906 4.93665075302124 63.40778732299805
33.79996109008789 -10.20099925994873 71.64291381835938
3.249690055847168 -37.27350616455078 82.20621490478516
21.90110969543457 2.0349011421203613 25.760950088500977
-2.3045341968536377 8.05046272277832 34.42922592163086
-4.578975200653076 -28.911760330200195 40.900211334228516
-19.840131759643555 19.312746047973633 66.6510238647461
-43.975830078125 -16.02509307861328 59.588035583496094
21.90015983581543 -1.4626060724258423 0.8918960094451904
22.24540138244629 -17.35738754272461 4.830497741699219
5.102596759796143 18.08892822265625 117.15037536621094
-25.33023452758789 -14.508995056152344 67.23333740234375
11.374434471130371 -15.106768608093262 53.48564910888672
-10.917145729064941 26.620542526245117 47.91859817504883
8.272634506225586 4.958410263061523 80.6052017211914
30.99359703063965 6.891331195831299 49.328433990478516
41.905696868896484 7.022150039672852 47.47241973876953
-9.45999526977539 5.50046968460083 30.966917037963867
11.067920684814453 43.60374450683594 70.00462341308594
19.282596588134766 31.898151397705078 37.981781005859375
-15.47310733795166 -16.66347885131836 42.871028900146484
-15.840496063232422 11.060150146484375 25.423568725585938
19.37615394592285 14.829886436462402 81.192138671875
-23.98337173461914 -16.607067108154297 55.02545928955078
12.15941047668457 34.68500518798828 109.03113555908203
-50.97398376464844 -7.708254814147949 55.853519439697266
48.99799346923828 -17.641103744506836 49.1441650390625
48.35820388793945 -16.203367233276367 56.4610595703125
28.072608947753906 -11.449396133422852 59.439300537109375
-12.46605396270752 6.114080429077148 61.15568923950195
-5.075626850128174 -39.37538146972656 56.03776931762695
21.0235595703125 -27.481674194335938 51.16535949707031
-27.140857696533203 26.723466873168945 58.775245666503906
16.671390533447266 28.26342010498047 36.206878662109375
0.029718531295657158 29.169485092163086 91.69366455078125
18.121721267700195 -24.363218307495117 65.22627258300781
-13.145527839660645 -35.011016845703125 52.171661376953125
42.8970947265625 9.259993553161621 45.22752380371094
3.3761024475097656 -22.783143997192383 79.54757690429688
20.756004333496094 -21.415159225463867 57.10439682006836
31.607927322387695 -36.30581283569336 5.930323600769043
29.44609832763672 0.12849636375904083 37.177589416503906
3.539252281188965 50.127750396728516 119.49654388427734
-14.596479415893555 32.77824401855469 94.64822387695312
25.198394775390625 -41.96137619018555 8.599869728088379
-18.69280433654785 -7.37647008895874 24.5284481048584
-2.833528995513916 59.140995025634766 120.78972625732422
48.946380615234375 15.704924583435059 55.48390197753906
14.906709671020508 39.011016845703125 58.608150482177734
-23.760086059570312 30.6174259185791 5.819718837738037
20.384183883666992 32.873207092285156 73.2699966430664
-23.287939071655273 27.432748794555664 65.77182006835938
28.458608627319336 0.9472154378890991 44.56212615966797
40.859832763671875 16.6241455078125 68.22305297851562
2.5792858600616455 43.93437576293945 113.3148193359375
3.2597579956054688 45.457515716552734 115.56794738769531
-21.30381202697754 31.36812973022461 1.5701704025268555
-2.3337297439575195 -21.747207641601562 25.7748966217041
-28.568897247314453 -3.114091634750366 40.130096435546875
21.18340301513672 -17.505962371826172 68.49437713623047
-9.296215057373047 1.3650072813034058 80.61599731445312
-31.224231719970703 36.594783782958984 3.0949947834014893
-8.94970417022705 18.940088272094727 25.59706687927246
-34.441314697265625 13.748369216918945 73.19193267822266
21.321081161499023 -6.460277080535889 34.02062225341797
4.141252517700195 41.85333251953125 101.03298950195312
23.965740203857422 -3.452690362930298 75.49274444580078
-3.1171364784240723 28.06195068359375 64.0477066040039
5.88014554977417 28.5733699798584 38.695499420166016
10.873268127441406 25.294309616088867 130.91561889648438
26.058666229248047 -9.71764087677002 38.40983963012695
-28.33147621154785 24.06062126159668 45.09001922607422
2.686866521835327 -8.309473991394043 64.05007934570312
-23.202274322509766 32.376373291015625 47.57520294189453
-47.97175216674805 -9.50937557220459 42.531375885009766
-6.85886812210083 56.8110237121582 10.697602272033691
49.355716705322266 -20.024858474731445 48.04730224609375
9.471426963806152 28.843006134033203 123.59949493408203
-25.965435028076172 12.500248908996582 34.403316497802734
-44.29837417602539 15.920182228088379 62.63847351074219
-11.854925155639648 27.115699768066406 113.2780990600586
-7.84207010269165 8.715813636779785 38.76547622680664
-15.455364227294922 -13.171324729919434 77.85400390625
27.26972007751465 5.572711944580078 36.97529220581055
-15.13919734954834 34.080406188964844 4.945581436157227
-2.4354166984558105 14.998559951782227 136.27671813964844
-12.778068542480469 35.37131881713867 99.85072326660156
-8.165472030639648 17.976797103881836 144.07899475097656
-50.16993713378906 -9.334223747253418 48.999603271484375
9.840240478515625 45.45663833618164 61.237884521484375
-30.2970027923584 19.229549407958984 47.0294189453125
16.914655685424805 -9.532381057739258 69.90573120117188
40.50336837768555 -17.545690536499023 69.36604309082031
7.943485736846924 43.017295837402344 79.7890853881836
-1.9806344509124756 -28.6077823638916 49.81678771972656
-23.454530715942383 -11.01672077178955 69.9918441772461
43.664859771728516 -6.124690055847168 43.756832122802734
18.39922332763672 -15.126686096191406 29.414121627807617
21.76477813720703 8.592424392700195 83.65379333496094
-8.818255424499512 45.09885787963867 80.12823486328125
-14.235357284545898 32.4205207824707 37.20144271850586
-6.420074462890625 20.192794799804688 99.93168640136719
-25.5449161529541 34.1049919128418 3.9308266639709473
-14.07033634185791 -34.58316421508789 67.03270721435547
-15.572809219360352 33.98723602294922 72.313720703125
-1.507642388343811 51.860260009765625 106.02740478515625
-12.802226066589355 27.177688598632812 59.214962005615234
-16.51019287109375 28.195348739624023 9.033143043518066
9.504531860351562 15.869929313659668 140.1873321533203
12.234699249267578 24.122987747192383 31.10843849182129
-15.80940055847168 6.240606307983398 68.57451629638672
7.052844047546387 29.50788116455078 73.1742935180664
-8.555075645446777 20.362335205078125 125.54816436767578
6.013342380523682 39.39199447631836 106.98822784423828
3.807108163833618 19.526395797729492 128.19171142578125
-14.132303237915039 -3.898106575012207 46.155372619628906
-25.79741859436035 -16.678617477416992 42.25244903564453
6.854886054992676 -13.602676391601562 79.02812957763672
-29.1951961517334 -9.725713729858398 41.853702545166016
6.350860118865967 2.4116532802581787 59.32798385620117
22.23886489868164 -32.6513786315918 12.518921852111816
-12.264729499816895 15.618075370788574 29.79117202758789
1.6012053489685059 -11.16146469116211 72.36199188232422
4.452656269073486 26.349761962890625 119.60977935791016
-16.85872459411621 29.641199111938477 1.713630199432373
-40.17315673828125 45.40315628051758 9.28530502319336
-0.473801851272583 40.31247329711914 40.290714263916016
21.96226692199707 -8.090911865234375 2.6479172706604004
7.247493743896484 33.65974807739258 140.32984924316406
8.93203067779541 18.913082122802734 107.19996643066406
5.279196262359619 -4.099761486053467 57.64911651611328
-4.184345722198486 23.39630889892578 28.055770874023438
-10.605486869812012 32.6912727355957 133.00062561035156
30.15478515625 9.746687889099121 43.34861373901367
1.949523687362671 10.501357078552246 21.999143600463867
-28.101367950439453 48.16859817504883 9.889812469482422
8.83659553527832 16.843576431274414 52.817955017089844
0.13667909801006317 56.18334197998047 119.51258087158203
29.265121459960938 17.97624397277832 44.61509323120117
10.278088569641113 -38.531185150146484 59.76288604736328
-1.5424480438232422 23.02290916442871 91.29740142822266
20.1314697265625 26.885635375976562 80.68460845947266
-13.120135307312012 28.40911102294922 120.7430648803711
47.950382232666016 -7.946335315704346 51.51054763793945
24.455442428588867 -7.900745868682861 66.5112533569336
9.781905174255371 19.503828048706055 143.4780731201172
-3.4149537086486816 17.516523361206055 61.38723373413086
31.265018463134766 3.4142534732818604 79.19136047363281
39.35417175292969 -24.189340591430664 4.40851354598999
20.34317970275879 10.473750114440918 72.23380279541016
13.368616104125977 20.659011840820312 53.676979064941406
41.383914947509766 5.255124568939209 69.85625457763672
-29.0446720123291 13.374199867248535 80.65502166748047
-2.2349047660827637 15.959283828735352 87.63884735107422
13.271322250366211 8.30027961730957 75.4695816040039
-23.617477416992188 16.514694213867188 51.119483947753906
-21.344579696655273 -16.0693359375 73.68804931640625
5.941699504852295 -30.12442970275879 48.30208206176758
6.06068754196167 18.563980102539062 71.81413269042969
16.60788917541504 -9.148932456970215 42.53110885620117
-8.153210639953613 45.95944595336914 66.94035339355469
-51.16459655761719 -9.15377140045166 42.02638626098633
-14.051196098327637 -28.398725509643555 75.56462860107422
-48.59524917602539 0.0796392485499382 65.09806823730469
-1.6858456134796143 25.78819465637207 100.71868133544922
-22.609907150268555 -23.84974479675293 55.21417999267578
-23.06360626220703 16.846097946166992 83.0574722290039
-28.9874210357666 -7.2208685874938965 66.0515365600586
-47.361995697021484 12.760483741760254 48.04693603515625
-37.47451400756836 56.498870849609375 12.197341918945312
45.094181060791016 -17.433984756469727 56.866783142089844
25.809682846069336 8.319418907165527 30.746017456054688
10.13449764251709 39.59904861450195 121.75347900390625
-10.301918983459473 -11.50286865234375 73.60328674316406
-7.729962348937988 47.46864700317383 106.6510009765625
10.963448524475098 39.628440856933594 115.26554870605469
25.195234298706055 26.709917068481445 70.96519470214844
-6.787606716156006 59.95952606201172 121.16517639160156
4.5227742195129395 27.67925262451172 51.74546813964844
-11.989314079284668 -22.642576217651367 79.58399963378906
-23.557498931884766 -3.1311228275299072 68.14176177978516
-21.48375129699707 -21.07591438293457 43.278377532958984
0.06865635514259338 -24.313743591308594 56.95345687866211
3.654590129852295 -22.606473922729492 3.2341790199279785
32.65684127807617 -9.192483901977539 63.383419036865234
-40.26847839355469 -18.231422424316406 68.14156341552734
-20.544775009155273 3.1409265995025635 44.60187530517578
13.171777725219727 22.982379913330078 39.25893020629883
-50.7496452331543 -0.4791209399700165 43.92817306518555
-7.493388652801514 -21.276609420776367 64.52570343017578
-8.290080070495605 -27.826229095458984 34.47313690185547
-7.346417427062988 16.471010208129883 38.302059173583984
-17.404905319213867 0.9353563189506531 65.4782485961914
-16.275272369384766 36.19615936279297 77.71058654785156
-45.49739456176758 -7.226694107055664 68.84061431884766
1.6372195482254028 15.678645133972168 131.3539581298828
11.551735877990723 29.49547576904297 134.10597229003906
0.019647283479571342 -2.32157826423645 54.28411865234375
0.5851988196372986 -41.337860107421875 74.43781280517578
-13.827542304992676 22.86393928527832 26.583831787109375
12.512639999389648 32.39162063598633 66.86952209472656
4.645748615264893 40.0914306640625 120.22161865234375
-6.91581916809082 -37.4745979309082 63.58850860595703
-44.952457427978516 11.816327095031738 66.52136993408203
-40.85725784301758 14.994955062866211 69.99803161621094
47.71199035644531 1.7777405977249146 62.243167877197266
-11.205108642578125 38.2092170715332 9.263664245605469
-14.953187942504883 36.47148513793945 11.162391662597656
-18.54880142211914 37.707176208496094 49.00449752807617
7.084442138671875 24.708051681518555 61.79338836669922
21.586515426635742 12.510685920715332 54.72713851928711
-19.49073028564453 -10.872417449951172 61.31564712524414
-2.5902867317199707 -37.00822448730469 51.20536422729492
19.549760818481445 -0.3345758020877838 23.77720069885254
-44.28815460205078 5.102780342102051 69.48265838623047
13.371709823608398 -21.26881980895996 75.22749328613281
-5.453540325164795 38.343528747558594 78.0444107055664
2.7314040660858154 18.38444709777832 83.18001556396484
-11.31241512298584 37.97807693481445 2.3292534351348877
13.447734832763672 29.94881248474121 33.466026306152344
19.6057186126709 3.1391043663024902 73.56243896484375
-7.568160057067871 23.634740829467773 132.90399169921875
17.780048370361328 -21.61453628540039 22.753196716308594
11.307395935058594 -25.1827335357666 31.600311279296875
46.16320037841797 -6.325082778930664 64.52827453613281
1.546465277671814 -3.5457794666290283 79.18600463867188
31.68974494934082 -1.551680564880371 49.40947341918945
42.43986511230469 1.873464584350586 48.757423400878906
26.56340980529785 10.894434928894043 34.96963882446289
2.811021327972412 6.385936260223389 65.76653289794922
-6.0169196128845215 39.73321533203125 132.3675994873047
-49.3578987121582 7.535813331604004 43.7600212097168
15.972790718078613 21.145099639892578 83.29548645019531
-16.53369140625 29.484495162963867 20.265893936157227
-17.994022369384766 -30.29659080505371 48.632301330566406
12.257898330688477 22.602954864501953 104.87435150146484
-20.977766036987305 2.1118288040161133 33.01417541503906
36.53511047363281 -27.911476135253906 4.221912860870361
-6.090686798095703 -16.38544273376465 44.493534088134766
-14.615020751953125 31.46872329711914 11.53194808959961
6.102865695953369 -13.631101608276367 0.9670249223709106
-16.34836769104004 31.688812255859375 44.75126647949219
-5.900437831878662 37.96212387084961 52.149112701416016
7.299437999725342 26.938444137573242 101.90860748291016
13.623489379882812 -35.01031494140625 64.47489166259766
-9.875082015991211 -4.215151309967041 56.4338493347168
-30.7397403717041 16.573007583618164 48.6055908203125
-40.94963836669922 12.878775596618652 48.525962829589844
31.077861785888672 13.686391830444336 52.44035339355469
39.67445373535156 13.204031944274902 57.260372161865234
