-2.3159523010253906 -26.698171615600586 75.68696594238281
-30.625629425048828 -10.188250541687012 8.846115112304688
6.243058681488037 -9.884943008422852 51.78155517578125
25.971271514892578 -3.0884299278259277 60.9632568359375
-26.446815490722656 -0.29248982667922974 52.70572280883789
-2.466966390609741 25.524017333984375 194.26385498046875
-37.4267578125 -0.35104262828826904 175.89744567871094
2.764420747756958 4.663029193878174 149.05117797851562
21.345108032226562 1.5927456617355347 16.264598846435547
22.365543365478516 14.626235961914062 91.55377960205078
-15.610166549682617 -0.3436454236507416 210.82789611816406
-13.084651947021484 -34.85661315917969 180.38150024414062
-29.055185317993164 25.380537033081055 176.32911682128906
1.0158830881118774 -5.133876800537109 88.68878173828125
-15.438265800476074 -16.156835556030273 161.0079345703125
4.1740312576293945 6.8719482421875 51.35764694213867
-2.6998133659362793 -34.77948760986328 168.30255126953125
-9.858247756958008 19.723133087158203 196.48043823242188
12.536429405212402 -20.76688575744629 203.06549072265625
-14.630663871765137 13.392560958862305 174.38255310058594
6.204201698303223 -3.712902307510376 105.86367797851562
22.150053024291992 19.484834671020508 180.60751342773438
22.49629020690918 22.379127502441406 183.59793090820312
46.845603942871094 1.7581299543380737 132.57589721679688
8.074603080749512 -6.699385643005371 226.76185607910156
-4.926705837249756 18.987688064575195 203.58346557617188
-5.09765100479126 -16.40265464782715 21.8552303314209
-19.211458206176758 -6.473092555999756 78.88508605957031
-11.25881576538086 13.385520935058594 68.829345703125
-15.635862350463867 34.26654815673828 101.53113555908203
7.911486625671387 -4.667949676513672 67.77921295166016
-16.154495239257812 10.927372932434082 205.1162109375
-33.432682037353516 -3.2582573890686035 180.36962890625
-25.398723602294922 -6.055510520935059 187.61788940429688
0.9537673592567444 26.028118133544922 12.39908504486084
-0.51307612657547 -6.63636589050293 64.51529693603516
-26.533288955688477 22.014814376831055 179.9538116455078
1.8972598314285278 25.464778900146484 53.92909622192383
-7.042230606079102 -19.32341194152832 137.81385803222656
1.5362879037857056 26.197708129882812 25.42571258544922
45.06501770019531 -9.679423332214355 138.9013214111328
-12.600534439086914 11.643540382385254 109.32423400878906
0.059717874974012375 -10.424241065979004 168.66526794433594
-11.938798904418945 -11.658821105957031 107.5472183227539
24.431785583496094 5.60783052444458 58.33797836303711
14.89919662475586 -7.837676525115967 104.39871215820312
18.726343154907227 15.969677925109863 196.53514099121094
-24.30622673034668 -4.650650978088379 157.1048126220703
5.065393447875977 35.46599578857422 115.80162048339844
-4.034298896789551 -25.761001586914062 149.627197265625
-32.33623504638672 0.9188358783721924 173.78504943847656
-0.595530092716217 15.903149604797363 118.23458099365234
-42.09103775024414 5.592207431793213 129.06678771972656
20.36349105834961 12.00894546508789 36.603763580322266
10.36377239227295 34.94305419921875 92.70694732666016
6.9000115394592285 -14.968997955322266 177.812255859375
-33.25736999511719 14.408390998840332 176.7042694091797
26.430133819580078 -1.9006643295288086 167.5272216796875
-12.966227531433105 -22.953214645385742 35.838783264160156
4.04095458984375 -0.2591176927089691 167.0135498046875
-41.519287109375 -6.9567341804504395 133.54367065429688
-17.165578842163086 -14.588058471679688 129.9860382080078
-16.18313217163086 -5.947302341461182 218.922119140625
6.500035285949707 11.47598648071289 217.80386352539062
-34.9985466003418 -11.175938606262207 174.529541015625
29.795757293701172 -22.627044677734375 178.375244140625
-11.2335844039917 1.7411283254623413 143.67843627929688
-7.614233016967773 41.044219970703125 89.0663070678711
-14.38106632232666 12.689358711242676 13.814891815185547
-15.221513748168945 -10.688969612121582 148.7727813720703
36.845916748046875 9.397883415222168 11.828487396240234
10.796551704406738 -23.4155216217041 36.66677474975586
25.79557991027832 5.059769630432129 141.5048828125
-7.624108791351318 -0.3442299962043762 218.12049865722656
31.820425033569336 -0.4016090929508209 147.7963409423828
30.430906295776367 -16.431196212768555 178.3257293701172
-28.434415817260742 -11.46518325805664 180.6798553466797
45.17015075683594 7.067319393157959 137.4239044189453
-20.08878517150879 6.898114204406738 54.32795333862305
16.142181396484375 19.356069564819336 122.53213500976562
8.751629829406738 -10.630885124206543 1.1602842807769775
-30.921140670776367 1.8207660913467407 182.4747314453125
2.9612138271331787 -15.71762466430664 43.240867614746094
-6.5487542152404785 -3.1054842472076416 227.1477508544922
24.051477432250977 -22.118375778198242 183.99258422851562
23.803627014160156 -19.784473419189453 181.19671630859375
19.557842254638672 -16.34611701965332 190.44305419921875
35.76143264770508 -5.543092727661133 167.78359985351562
23.58026885986328 7.724593162536621 71.4066162109375
17.624744415283203 -10.735806465148926 122.82658386230469
26.355823516845703 16.486391067504883 14.665786743164062
-2.7870571613311768 -25.132659912109375 141.27359008789062
24.872028350830078 3.8241126537323 77.01737976074219
-20.206920623779297 -17.904842376708984 36.36869812011719
16.876693725585938 18.07196044921875 56.92819595336914
-2.2571847438812256 -26.603946685791016 57.98018264770508
7.695641994476318 27.46441078186035 116.40605926513672
-3.664445638656616 17.3936767578125 217.68649291992188
1.4249546527862549 -11.082624435424805 224.50924682617188
-11.897810935974121 11.521766662597656 148.4481201171875
23.661155700683594 1.4126485586166382 70.64768981933594
15.48975658416748 2.433393955230713 121.90281677246094
-0.35524827241897583 -15.340920448303223 160.5095672607422
-22.078481674194336 14.46337604522705 134.04348754882812
12.874475479125977 21.585248947143555 137.82786560058594
-16.962759017944336 18.707651138305664 17.39265251159668
-8.545394897460938 -24.048259735107422 134.29840087890625
-20.236989974975586 10.646672248840332 197.47134399414062
11.12903118133545 -33.28889465332031 174.46397399902344
-24.274385452270508 -8.528542518615723 35.68661117553711
-12.983112335205078 -13.7844877243042 124.14511108398438
-14.388240814208984 -1.9385972023010254 3.5707786083221436
-28.289152145385742 5.767157077789307 133.9561767578125
10.329940795898438 -22.719581604003906 184.01466369628906
6.813271522521973 20.144840240478516 43.1500129699707
35.43233871459961 -2.150860071182251 181.1468963623047
15.085517883300781 13.300556182861328 210.8380889892578
24.427793502807617 22.14775848388672 14.694708824157715
5.531384468078613 -25.68248748779297 144.73558044433594
10.145977020263672 23.826501846313477 42.774295806884766
-4.1368303298950195 -4.8295464515686035 112.4191665649414
-18.23697280883789 -19.639488220214844 100.21784210205078
-11.755496978759766 22.442716598510742 166.176513671875
35.25545120239258 -19.97702980041504 7.734458923339844
-23.31260108947754 0.10365134477615356 92.08722686767578
-8.562768936157227 -25.237552642822266 64.51473236083984
-25.644065856933594 -0.516497015953064 177.2578582763672
8.516849517822266 -25.266263961791992 158.62557983398438
-23.999059677124023 7.05159854888916 29.856842041015625
-4.566883087158203 -9.459901809692383 97.05370330810547
-11.223966598510742 -23.288658142089844 60.83204650878906
21.815784454345703 -1.5129741430282593 107.17770385742188
-3.758729934692383 -24.028806686401367 156.9801025390625
-1.2589634656906128 13.856077194213867 52.50981903076172
-18.54345703125 5.523900985717773 186.2301483154297
16.771713256835938 -11.257478713989258 188.8580322265625
-25.878896713256836 -6.782270908355713 48.63811111450195
-7.616228103637695 21.658037185668945 114.5160140991211
-15.503774642944336 16.620849609375 186.4299774169922
-21.142671585083008 18.223892211914062 167.32415771484375
14.788081169128418 33.31294631958008 176.85836791992188
4.620155334472656 1.8412551879882812 21.647523880004883
-22.119348526000977 14.071037292480469 129.38792419433594
-5.433496952056885 -11.474068641662598 18.90523338317871
-5.1746015548706055 19.40346908569336 177.49427795410156
-8.258620262145996 19.89993667602539 20.905040740966797
4.218977451324463 1.3030331134796143 214.9468231201172
9.847821235656738 35.449195861816406 2.451606512069702
14.372285842895508 -18.544824600219727 51.029720306396484
4.86637544631958 -11.222468376159668 192.90359497070312
-23.794849395751953 23.672893524169922 171.66766357421875
-38.48971176147461 -10.704729080200195 10.02074909210205
13.590346336364746 15.583663940429688 203.77157592773438
-22.27472686767578 -10.84844970703125 162.67945861816406
9.65697956085205 -1.2605531215667725 171.6146697998047
-0.5204988121986389 -36.035552978515625 175.4167938232422
-24.885744094848633 -6.696253776550293 167.4654998779297
-0.9500570297241211 -20.575546264648438 53.310035705566406
-26.385602951049805 27.213428497314453 5.796335220336914
5.008095741271973 -5.968384742736816 120.61756896972656
-2.436452627182007 24.558914184570312 148.64610290527344
8.519220352172852 10.598928451538086 171.57098388671875
-15.531567573547363 -3.639620780944824 22.446199417114258
-2.4794278144836426 -11.903393745422363 173.6490936279297
-11.248451232910156 43.4458122253418 108.65672302246094
25.12740707397461 -11.860604286193848 15.447834014892578
-3.28706955909729 24.928138732910156 44.21418762207031
14.126347541809082 -0.6379997134208679 215.53927612304688
-2.6041769981384277 15.863303184509277 151.480224609375
13.984350204467773 -18.84489631652832 160.15394592285156
-22.715017318725586 3.1252312660217285 149.8330841064453
6.456277847290039 0.06320198625326157 194.9827423095703
44.14282989501953 -1.9716936349868774 126.46268463134766
-15.900240898132324 -20.799243927001953 150.11810302734375
-22.376880645751953 -11.256010055541992 154.36398315429688
-17.489986419677734 -19.22325325012207 168.7047882080078
-14.055585861206055 2.9417977333068848 163.08615112304688
-14.10083293914795 -8.470450401306152 116.91468048095703
25.143775939941406 -1.8330439329147339 195.26101684570312
19.991453170776367 31.2993221282959 16.3907470703125
-14.551156044006348 -30.280046463012695 181.08604431152344
13.8239107131958 20.393375396728516 130.31980895996094
20.391799926757812 -13.363924980163574 36.12833786010742
14.018678665161133 23.984405517578125 110.53266906738281
-9.596627235412598 -36.68071746826172 8.909050941467285
-5.371540546417236 48.17758560180664 88.09873962402344
14.982223510742188 -28.75487518310547 15.861495971679688
-4.345462322235107 -28.8413028717041 172.51153564453125
44.65643310546875 -8.52017593383789 141.6022491455078
-21.297016143798828 7.8179802894592285 90.37926483154297
19.720293045043945 -28.033878326416016 176.99676513671875
17.217729568481445 18.9863338470459 158.1099395751953
20.71170425415039 -10.760055541992188 193.76409912109375
-23.905864715576172 10.227386474609375 186.43679809570312
-31.986825942993164 7.950716495513916 181.1804962158203
-22.031963348388672 -11.023807525634766 198.4980010986328
16.59172821044922 -18.76290512084961 17.55668067932129
-0.9927548766136169 -12.806589126586914 130.77084350585938
0.40707477927207947 -20.080577850341797 81.74995422363281
16.72740936279297 -4.265082359313965 15.057010650634766
-13.435545921325684 -16.013526916503906 63.005088806152344
-3.4484689235687256 10.69758129119873 39.653778076171875
-8.42956256866455 12.770624160766602 220.15090942382812
-24.981992721557617 10.733412742614746 59.72648239135742
-25.86055564880371 5.28980016708374 38.49070739746094
-20.968198776245117 5.49282693862915 21.834144592285156
-21.20441436767578 -14.832311630249023 145.29257202148438
-11.605119705200195 8.234487533569336 21.768667221069336
-36.37107849121094 -8.623518943786621 143.18870544433594
-26.33951759338379 -1.9275128841400146 121.13797760009766
-17.207658767700195 2.8190276622772217 145.35446166992188
-7.284665584564209 12.64589786529541 61.3032112121582
-37.098201751708984 11.132681846618652 11.487567901611328
-12.906983375549316 31.887229919433594 13.09121322631836
-14.542715072631836 -20.013957977294922 107.0657958984375
6.158024787902832 18.74302864074707 140.6354522705078
-0.10121289640665054 6.357472896575928 158.86912536621094
10.762443542480469 -16.336877822875977 190.74166870117188
-14.251819610595703 4.125605583190918 217.37796020507812
39.528079986572266 6.674959659576416 131.0564422607422
8.21391487121582 -23.154691696166992 167.99539184570312
-26.242420196533203 1.0351650714874268 22.1942195892334
-14.316121101379395 -31.478778839111328 169.8730926513672
0.24644766747951508 34.350494384765625 181.30332946777344
9.244545936584473 21.4502010345459 146.54579162597656
38.467796325683594 0.5064209699630737 126.55895233154297
33.79581069946289 -13.403427124023438 6.158492088317871
24.515745162963867 8.67081356048584 91.2922592163086
8.916800498962402 9.318258285522461 71.7382583618164
4.808124542236328 -1.559093713760376 46.957340240478516
8.88356876373291 -25.409059524536133 27.320951461791992
-12.222936630249023 -20.0412654876709 201.70416259765625
23.46331024169922 -1.8956868648529053 36.83623123168945
-10.560758590698242 47.82318115234375 93.1332015991211
-29.575986862182617 -20.214662551879883 169.9217529296875
19.112234115600586 -28.417343139648438 169.5670928955078
-15.322351455688477 27.451223373413086 178.91204833984375
24.19245719909668 -7.10429573059082 101.19953155517578
14.00544261932373 31.553104400634766 168.75613403320312
24.428070068359375 22.833370208740234 177.91616821289062
23.175662994384766 23.150850296020508 182.75852966308594
-16.54178237915039 19.878253936767578 155.175048828125
11.514493942260742 -6.944650650024414 206.61456298828125
1.8889530897140503 -7.839047908782959 20.30600929260254
13.040963172912598 -1.7466427087783813 175.26385498046875
4.799846172332764 35.60291290283203 178.5102081298828
35.41530227661133 -6.66860818862915 15.489062309265137
-1.1381381750106812 27.139266967773438 118.84467315673828
4.402078628540039 53.48436737060547 97.91299438476562
-7.18297004699707 11.004934310913086 26.144203186035156
23.995145797729492 -1.519855260848999 84.7884750366211
26.033605575561523 4.5803093910217285 40.55896759033203
4.12321138381958 26.21189308166504 85.74247741699219
9.537529945373535 -25.936717987060547 13.018926620483398
21.908769607543945 -6.7299885749816895 44.114261627197266
23.8392276763916 -6.816257953643799 71.1147232055664
-20.718395233154297 7.260462284088135 127.92416381835938
-19.814096450805664 13.842618942260742 62.02505874633789
-0.8073118925094604 22.827980041503906 165.89134216308594
1.2692407369613647 -31.186573028564453 5.196891784667969
2.7890002727508545 21.060081481933594 198.3099365234375
11.701178550720215 20.96503257751465 198.9164581298828
-33.63070297241211 -14.375560760498047 14.252884864807129
-19.837249755859375 9.455753326416016 103.04261779785156
-11.641070365905762 2.8044559955596924 156.85958862304688
0.7900140881538391 -33.84122085571289 180.70851135253906
13.971550941467285 -17.458810806274414 95.26262664794922
-12.69275188446045 -5.9923834800720215 33.44866180419922
-9.146936416625977 -19.957796096801758 150.7621612548828
2.3307816982269287 46.00253677368164 113.41362762451172
15.576852798461914 21.43167495727539 74.82367706298828
-7.281915664672852 1.3361157178878784 103.80280303955078
-11.206947326660156 -24.515832901000977 142.7759246826172
-20.49774742126465 5.614744663238525 209.20858764648438
-17.40458106994629 -9.992740631103516 179.01678466796875
-16.6329402923584 17.76845359802246 142.24534606933594
18.703622817993164 -18.874296188354492 28.052087783813477
-23.491966247558594 -10.988961219787598 65.94241333007812
-28.813068389892578 -25.43838882446289 171.7593536376953
14.285225868225098 3.363734245300293 55.35186004638672
1.478300929069519 11.158254623413086 101.19917297363281
-18.13449478149414 3.4085533618927 173.0093536376953
3.3185842037200928 -0.19502705335617065 80.94457244873047
-9.025687217712402 -34.54973602294922 175.2706756591797
-16.719951629638672 -15.824319839477539 57.3521728515625
26.254295349121094 8.9966402053833 14.264616012573242
-7.943227767944336 -22.00284194946289 55.53743362426758
16.106992721557617 -21.009239196777344 149.4875030517578
6.862486362457275 -21.769561767578125 101.77337646484375
-22.968162536621094 7.710002422332764 202.90921020507812
0.5352982878684998 32.81806945800781 98.84092712402344
-15.264944076538086 -5.834173202514648 198.17543029785156
-4.044063568115234 -15.28427505493164 192.5104217529297
-12.584179878234863 -22.485107421875 124.06600189208984
19.761749267578125 12.341344833374023 94.84395599365234
5.247864723205566 -24.624195098876953 132.80545043945312
-10.702445030212402 -10.809046745300293 146.98648071289062
-17.46419334411621 -3.9281699657440186 97.0835952758789
-39.69820022583008 8.2762451171875 136.68753051757812
-26.46807861328125 -24.053010940551758 179.46023559570312
8.16128158569336 23.507963180541992 61.45904541015625
2.7576937675476074 14.404836654663086 204.48751831054688
-22.541318893432617 -22.694089889526367 180.6324920654297
-8.490218162536621 -5.6678547859191895 173.85629272460938
15.113419532775879 17.423973083496094 69.03943634033203
25.047767639160156 3.906761646270752 95.14482879638672
19.39115333557129 10.158129692077637 142.9596710205078
11.747900009155273 -21.053722381591797 41.6098518371582
-1.985687255859375 -5.005048751831055 6.0698628425598145
-17.77854347229004 -10.028676986694336 149.8602752685547
10.519030570983887 -13.467231750488281 13.134991645812988
-23.175418853759766 -8.78718376159668 90.73211669921875
14.924291610717773 23.000083923339844 117.67698669433594
-18.25066566467285 13.939022064208984 163.4677276611328
18.45935821533203 16.700450897216797 48.57841491699219
-1.0739163160324097 -23.61662483215332 165.1396942138672
-14.459808349609375 28.84635353088379 110.56192016601562
-30.899450302124023 -2.923832416534424 16.770389556884766
-0.7971979975700378 26.587692260742188 29.649150848388672
-24.477712631225586 10.561279296875 33.266456604003906
26.56959342956543 -4.8444132804870605 18.90007209777832
32.13088607788086 -0.6138272285461426 138.27279663085938
19.204538345336914 18.134231567382812 141.6203155517578
7.705887317657471 -28.55735969543457 176.21617126464844
15.307889938354492 -15.726116180419922 102.37592315673828
1.746264100074768 2.653942346572876 16.12997817993164
-32.69480895996094 -2.19327449798584 128.006591796875
-10.790669441223145 -21.668615341186523 92.095703125
-13.59953784942627 -17.754737854003906 27.48433494567871
-14.32407283782959 -24.72919273376465 16.389671325683594
-22.499515533447266 -11.20102596282959 69.16595458984375
-9.3489351272583 0.48696818947792053 64.95027923583984
18.199764251708984 -0.12458467483520508 140.23338317871094
-37.11636734008789 -4.442712306976318 169.66661071777344
3.5163912773132324 38.37039566040039 108.29478454589844
22.443267822265625 -2.629287004470825 94.37078857421875
-4.992555141448975 11.395719528198242 128.184326171875
9.338661193847656 48.55275344848633 111.50748443603516
44.90436553955078 7.582376003265381 129.94479370117188
-36.63600158691406 -8.083476066589355 177.94618225097656
24.54737091064453 -7.873406410217285 130.62701416015625
22.413429260253906 -13.533722877502441 80.99874877929688
-19.692541122436523 11.906206130981445 153.1573486328125
-5.922267913818359 32.07313919067383 114.79829406738281
-14.328015327453613 47.085506439208984 98.09725189208984
-6.802778720855713 -6.778443813323975 74.36911010742188
22.142221450805664 20.193798065185547 5.725510597229004
17.953372955322266 23.140756607055664 103.10173034667969
-45.66050338745117 -0.36143210530281067 133.530029296875
-6.482015132904053 -31.467208862304688 16.735319137573242
2.4612438678741455 -14.506370544433594 203.93746948242188
21.437362670898438 -26.461219787597656 15.131044387817383
-7.748302936553955 25.209501266479492 34.33878707885742
-27.3222599029541 1.6489408016204834 14.327041625976562
31.61806297302246 -19.330018997192383 172.08172607421875
1.7293415069580078 19.311321258544922 189.59584045410156
-27.159242630004883 -27.28131675720215 7.079724311828613
19.212160110473633 2.3235864639282227 83.364501953125
-1.8235923051834106 4.0058159828186035 136.3046417236328
15.514664649963379 -18.26947021484375 109.04395294189453
21.958772659301758 29.813034057617188 11.744759559631348
12.467557907104492 1.1937286853790283 114.75628662109375
-2.1095945835113525 37.96317672729492 6.546282768249512
1.5558558702468872 6.067737102508545 95.08203125
-12.41637897491455 19.270517349243164 151.0739288330078
13.082627296447754 -6.420241832733154 4.829020023345947
3.9906392097473145 37.28739929199219 16.366336822509766
13.25520133972168 -18.997798919677734 85.10033416748047
-5.097052574157715 54.81340789794922 100.47029113769531
-15.89460563659668 19.882009506225586 34.47584533691406
29.55229949951172 -10.679394721984863 168.95123291015625
-23.168989181518555 -15.884452819824219 169.17648315429688
14.912840843200684 7.839513778686523 49.994441986083984
8.358123779296875 18.315229415893555 209.59986877441406
-36.60948944091797 5.433745861053467 15.387760162353516
19.85745620727539 -16.198442459106445 114.0605697631836
0.4615023732185364 33.820953369140625 184.276611328125
9.528426170349121 16.62298583984375 52.66101837158203
-13.272910118103027 51.8345832824707 105.06922149658203
-27.259984970092773 -20.73208236694336 12.238614082336426
24.64053726196289 1.9340598583221436 47.96357345581055
18.4809513092041 20.754745483398438 97.34866333007812
12.911630630493164 -6.963930130004883 156.3309326171875
12.302913665771484 5.095639228820801 155.2955322265625
9.591702461242676 -21.768295288085938 77.61911010742188
-2.9689221382141113 -7.661733150482178 162.6020965576172
-16.448030471801758 -18.552061080932617 16.145174026489258
10.629964828491211 -19.107391357421875 31.291770935058594
-8.897489547729492 -20.876789093017578 165.73458862304688
4.124407768249512 39.95823287963867 5.999811172485352
38.286956787109375 -6.268962383270264 4.728938102722168
-2.4572999477386475 29.031726837158203 182.90187072753906
-3.1330513954162598 14.475500106811523 143.40870666503906
18.12265396118164 -13.330789566040039 60.80561828613281
21.536949157714844 -13.170753479003906 50.5075569152832
10.404786109924316 -11.47326374053955 168.2799835205078
-2.2886948585510254 4.892292022705078 62.01441955566406
34.476558685302734 -0.9528840780258179 13.585990905761719
-10.239636421203613 13.196671485900879 53.29801940917969
-23.198701858520508 1.7945054769515991 123.88654327392578
8.338591575622559 49.335304260253906 101.55272674560547
20.877683639526367 -3.549349546432495 201.1307830810547
16.473405838012695 2.7102463245391846 106.98143768310547
4.213742256164551 -16.95116424560547 115.94172668457031
-19.51764678955078 9.262981414794922 17.8055419921875
4.364778518676758 3.5937273502349854 183.6439666748047
28.584152221679688 24.62819480895996 6.111758708953857
43.719139099121094 -6.31648588180542 132.70596313476562
1.2824987173080444 13.345104217529297 223.13214111328125
2.7330946922302246 -19.09604835510254 150.49009704589844
-34.16924285888672 -6.744009017944336 127.74793243408203
1.8452614545822144 17.773256301879883 132.8600616455078
8.834775924682617 3.3109142780303955 6.845134258270264
15.175019264221191 29.58823013305664 92.82952880859375
-4.382623195648193 6.126737594604492 48.480777740478516
-21.503992080688477 -4.042433261871338 19.90761947631836
6.7205400466918945 9.064136505126953 83.67818450927734
11.888712882995605 3.8665096759796143 206.02996826171875
20.830108642578125 12.304997444152832 191.86502075195312
-14.441465377807617 -10.314421653747559 215.0011444091797
3.3941943645477295 13.585026741027832 65.47565460205078
21.873395919799805 13.706374168395996 127.86393737792969
4.5438947677612305 9.286893844604492 11.490948677062988
-5.287120819091797 25.3725643157959 129.33132934570312
8.988679885864258 33.86027526855469 168.94223022460938
-18.903837203979492 -17.779747009277344 94.95671844482422
-32.75259017944336 19.422578811645508 7.479588031768799
6.329593658447266 -4.667453289031982 151.48544311523438
-6.357371807098389 23.11393165588379 51.82480239868164
20.977611541748047 -1.566644549369812 188.53567504882812
-7.5121259689331055 -0.7821126580238342 42.96818542480469
-20.30172348022461 15.318694114685059 57.462791442871094
-26.11152458190918 21.747011184692383 12.541380882263184
-10.706815719604492 -30.933670043945312 180.84715270996094
-7.442268371582031 -13.080162048339844 215.39450073242188
20.47312355041504 -30.830602645874023 5.984037399291992
-13.543142318725586 2.4661130905151367 13.064871788024902
44.230770111083984 7.601058483123779 142.15574645996094
-11.574858665466309 3.4220991134643555 223.27162170410156
-32.98702621459961 -16.121213912963867 179.72283935546875
19.798009872436523 2.878392457962036 175.0099639892578
33.95697784423828 12.234357833862305 14.009883880615234
-21.480566024780273 -3.330595016479492 182.38809204101562
-27.754478454589844 -5.324387550354004 144.93385314941406
-38.94154739379883 -7.77963924407959 7.927844047546387
0.8990243077278137 -6.690696716308594 36.400306701660156
12.221827507019043 13.206828117370605 150.50732421875
11.78978443145752 21.148487091064453 203.32373046875
-20.105915069580078 -14.528520584106445 115.08570861816406
-18.479143142700195 -15.669873237609863 85.46967315673828
13.630572319030762 -9.33586311340332 40.45973205566406
-15.725162506103516 -14.506388664245605 202.69883728027344
-12.288653373718262 51.44123077392578 97.82584381103516
11.573434829711914 35.91888427734375 108.9547348022461
-3.1188015937805176 36.08263397216797 13.500296592712402
28.586462020874023 0.166914165019989 180.94888305664062
2.6623096466064453 -21.401987075805664 208.26695251464844
16.516372680664062 20.40906524658203 150.50010681152344
39.833316802978516 7.083693027496338 143.0956573486328
-15.25426959991455 -27.621421813964844 177.3330078125
5.23081636428833 -16.879642486572266 18.507719039916992
-10.33905029296875 -24.822486877441406 35.56313705444336
23.637514114379883 -0.40406090021133423 119.60772705078125
-3.6129393577575684 -3.4652953147888184 179.0867156982422
-9.391111373901367 1.1477832794189453 123.07688903808594
-17.819616317749023 7.392888069152832 36.9511833190918
-13.204492568969727 22.508686065673828 51.379188537597656
-11.927763938903809 22.154434204101562 133.22274780273438
24.082273483276367 9.666208267211914 121.3816146850586
12.628557205200195 25.302217483520508 95.83035278320312
-7.975064277648926 -0.03806173428893089 20.374540328979492
33.41464614868164 19.288970947265625 8.321915626525879
25.1417179107666 -29.875152587890625 7.490899085998535
-25.095352172851562 10.530717849731445 141.84884643554688
-6.373987197875977 18.923402786254883 103.9772720336914
-23.401567459106445 4.026159286499023 55.4713134765625
-21.24067497253418 14.099603652954102 29.81281852722168
13.08386516571045 -1.7613444328308105 51.46772384643555
25.412872314453125 -29.27816390991211 13.104781150817871
23.995935440063477 -19.159420013427734 173.47108459472656
14.563343048095703 -21.99637222290039 134.20394897460938
28.308704376220703 -25.07960319519043 173.59921264648438
-2.153729200363159 -21.011287689208984 171.9662628173828
6.60992431640625 15.714812278747559 112.40553283691406
20.002744674682617 10.555707931518555 113.4859848022461
26.562822341918945 -0.325059175491333 56.41556167602539
-9.49399185180664 4.302605152130127 6.5061421394348145
22.39047622680664 -8.630983352661133 6.49153995513916
-8.706144332885742 44.55863952636719 101.30945587158203
14.537835121154785 23.62645149230957 86.99745178222656
30.562131881713867 17.023509979248047 172.57089233398438
19.2497501373291 -30.954906463623047 13.136209487915039
35.79524612426758 7.078279495239258 180.3169708251953
33.70115280151367 0.8270370960235596 183.48390197753906
-16.35706901550293 -12.116385459899902 5.002142429351807
9.195829391479492 -4.82827091217041 7.03380823135376
9.265661239624023 -36.45722198486328 8.231099128723145
2.020688056945801 -18.01498794555664 9.877656936645508
24.81328010559082 4.067127704620361 29.238832473754883
-21.662599563598633 -1.7495402097702026 195.73777770996094
15.951799392700195 -15.131332397460938 150.71701049804688
-3.3762872219085693 12.365447044372559 70.10531616210938
-9.056894302368164 12.772433280944824 120.31249237060547
7.690558433532715 7.864241123199463 138.8944854736328
3.6305017471313477 -22.155715942382812 196.41305541992188
-12.580184936523438 13.382197380065918 21.614089965820312
21.0463809967041 10.514823913574219 202.56544494628906
-6.9122138023376465 18.400543212890625 84.65699005126953
-19.3687686920166 -17.81862449645996 119.80238342285156
-8.92304515838623 -9.919260025024414 60.4547004699707
-7.28679895401001 -11.143333435058594 45.01021194458008
-21.150148391723633 12.958501815795898 76.96524810791016
14.435084342956543 -10.364462852478027 90.15235900878906
-1.393688678741455 9.709797859191895 167.8079833984375
-6.618297100067139 7.255204677581787 76.87374877929688
25.569286346435547 8.461315155029297 169.0256805419922
15.886091232299805 -35.042606353759766 173.6922149658203
-34.94498062133789 -16.219860076904297 6.989742755889893
7.266615867614746 24.34705924987793 165.8578338623047
-16.45825958251953 36.90042495727539 5.67995023727417
-9.913808822631836 -22.86220359802246 190.76637268066406
-7.350694179534912 -16.88112449645996 118.43152618408203
-4.720098972320557 -0.15101434290409088 148.05543518066406
-23.053495407104492 4.153834819793701 163.1299591064453
-15.624359130859375 16.19754981994629 116.10020446777344
24.109088897705078 4.7796478271484375 105.94158935546875
5.175331115722656 -3.9334306716918945 31.693172454833984
18.46178436279297 7.621945858001709 207.71896362304688
-45.29658126831055 -5.10514497756958 138.53843688964844
-37.858036041259766 -0.8948370218276978 10.918000221252441
-11.954100608825684 -1.899226188659668 181.22552490234375
-17.72989273071289 -3.9417786598205566 137.15847778320312
36.33307647705078 -7.750787734985352 172.31138610839844
4.23837947845459 -7.749654293060303 214.48008728027344
-4.879215717315674 1.8034859895706177 167.21624755859375
-17.05547523498535 32.36896896362305 168.36642456054688
21.17235565185547 -8.987579345703125 109.7178955078125
16.34380531311035 8.700329780578613 179.1540985107422
-22.45260238647461 8.615677833557129 46.27184295654297
-13.406209945678711 -19.788837432861328 98.22152709960938
30.316986083984375 0.1889415830373764 7.302809238433838
5.177677154541016 -17.516626358032227 159.2939453125
-24.319747924804688 -22.245363235473633 2.318146228790283
-19.085651397705078 32.613155364990234 171.84133911132812
-27.478769302368164 9.840819358825684 18.941221237182617
36.71159744262695 -5.9803571701049805 131.274169921875
3.6177315711975098 -17.282264709472656 125.98950958251953
-12.701953887939453 19.58363914489746 72.48554229736328
42.9832763671875 4.2431559562683105 136.4961395263672
22.01047706604004 29.227062225341797 174.7453155517578
-36.21614456176758 9.81659984588623 3.7751412391662598
-24.451406478881836 13.726053237915039 15.048867225646973
15.60985279083252 27.901424407958984 15.942434310913086
11.214218139648438 24.37903594970703 19.147050857543945
-15.823195457458496 -9.649144172668457 56.807979583740234
18.16469955444336 -19.860305786132812 62.819881439208984
10.58061408996582 6.217284679412842 24.647661209106445
0.004172477405518293 48.69635009765625 90.01995849609375
10.106922149658203 3.974848747253418 99.81407928466797
-24.552330017089844 -0.5496898293495178 65.66910552978516
1.8033463954925537 21.890588760375977 125.8525390625
21.380529403686523 13.902800559997559 83.69667053222656
-27.045629501342773 -11.70274829864502 169.9587860107422
-15.165958404541016 -15.452567100524902 190.49916076660156
5.048398494720459 6.014064311981201 227.15245056152344
2.8044426441192627 -12.97935962677002 81.3197021484375
-23.052125930786133 2.6554431915283203 203.2513885498047
12.084298133850098 35.190128326416016 101.40707397460938
2.902249813079834 -25.540952682495117 97.85185241699219
-10.58802604675293 32.3720817565918 167.63673400878906
0.8620344996452332 37.810142517089844 91.92961120605469
20.084753036499023 14.055708885192871 176.6361541748047
-1.1290404796600342 54.4680290222168 106.85911560058594
20.984447479248047 -16.072195053100586 57.01929473876953
32.40925216674805 -11.067776679992676 134.43724060058594
22.047321319580078 -6.781777381896973 153.42234802246094
-24.04654312133789 0.8781510591506958 80.45426177978516
5.44011116027832 17.7103328704834 23.174205780029297
16.745811462402344 28.5611515045166 100.39232635498047
-20.379613876342773 -12.220224380493164 29.332672119140625
-7.252238750457764 -22.357894897460938 125.2626724243164
-0.22545625269412994 -3.961610794067383 230.8910369873047
-2.3841858265427618e-08 1.0287762052030303e-05 234.7940216064453
-17.180864334106445 -3.6737451553344727 60.19802474975586
24.50238037109375 -10.554149627685547 61.35483169555664
-2.622814655303955 -23.50860595703125 197.7980194091797
20.946430206298828 11.593647956848145 67.05789184570312
-6.084841728210449 31.62650489807129 179.22901916503906
31.974960327148438 -13.544451713562012 11.733868598937988
-0.908932626247406 -4.924623489379883 223.66981506347656
-28.21891975402832 -7.54152774810791 131.67396545410156
-14.527341842651367 11.369699478149414 43.945411682128906
17.954683303833008 -1.8482916355133057 63.375
-0.5392870306968689 10.579575538635254 60.36233901977539
28.5655574798584 5.3264689445495605 146.63575744628906
-19.793746948242188 -15.606932640075684 73.54672241210938
35.96452713012695 13.550538063049316 172.16445922851562
24.011075973510742 10.511641502380371 21.116771697998047
-2.655883550643921 1.9368128776550293 186.5453338623047
20.282835006713867 12.66625690460205 163.85939025878906
-21.786775588989258 -6.098280906677246 110.06927490234375
-18.685649871826172 29.498380661010742 5.874220371246338
9.210736274719238 24.58445930480957 49.43832778930664
13.91584300994873 21.83897590637207 48.51624298095703
-4.538021564483643 -3.4224276542663574 188.9060821533203
-19.717069625854492 15.343494415283203 5.297597885131836
-13.726242065429688 22.212129592895508 189.39996337890625
-31.956069946289062 17.32033920288086 2.7943153381347656
-23.03680992126465 23.806842803955078 180.5199737548828
1.0471272468566895 7.853853225708008 230.10284423828125
-9.15500545501709 -22.324214935302734 41.93989944458008
11.291438102722168 45.43558883666992 107.45820617675781
18.991859436035156 19.36722183227539 133.0166778564453
-7.275128364562988 15.156193733215332 12.29067325592041
-12.317065238952637 8.429708480834961 47.512420654296875
-19.06673812866211 13.192985534667969 52.275997161865234
-10.912810325622559 -16.42727279663086 76.50800323486328
-22.416580200195312 -3.8245787620544434 37.79445266723633
-25.08289909362793 13.012701988220215 178.3362579345703
7.925288677215576 20.92930793762207 76.47894287109375
-5.223201274871826 24.29198455810547 199.13816833496094
-17.15406036376953 -19.465585708618164 66.21070861816406
30.308198928833008 -24.6401424407959 11.195525169372559
-18.804960250854492 -29.266645431518555 14.339412689208984
13.136859893798828 -23.00812339782715 129.1504669189453
-3.7043116092681885 3.3423871994018555 156.78323364257812
3.4225103855133057 26.539648056030273 28.911556243896484
-22.54753303527832 4.439401626586914 115.19083404541016
-16.99802017211914 -20.18970489501953 122.764404296875
-2.3179116249084473 -18.814279556274414 30.309814453125
5.466024875640869 -36.67859649658203 15.091277122497559
19.24704360961914 4.621914863586426 126.60894775390625
-25.11442756652832 -0.5017528533935547 98.95101165771484
1.312057614326477 46.01046371459961 116.66243743896484
-1.3588265180587769 -5.226888179779053 13.249486923217773
-24.755508422851562 -22.305023193359375 184.32211303710938
-22.305763244628906 -14.024458885192871 185.41497802734375
36.86113739013672 -12.206543922424316 10.819892883300781
-17.811315536499023 -28.71251106262207 6.856609344482422
-2.847761392593384 7.782925605773926 127.4239501953125
-30.98489761352539 10.143898963928223 141.43336486816406
-24.76275062561035 28.37955665588379 11.5978422164917
15.974542617797852 32.848594665527344 98.16868591308594
-34.60015106201172 4.001844882965088 16.030385971069336
-34.90626525878906 12.559162139892578 171.6378173828125
13.561098098754883 6.446651935577393 42.4273681640625
4.754866600036621 18.543270111083984 180.40174865722656
24.4305362701416 -6.535950660705566 193.55880737304688
8.971846580505371 -19.79669189453125 207.77752685546875
-1.370487928390503 -14.933907508850098 88.50359344482422
11.939165115356445 18.474395751953125 190.82920837402344
-38.59524917602539 -0.11000595986843109 3.3590080738067627
19.69843292236328 11.397543907165527 25.3492431640625
-37.58551025390625 0.00889897346496582 16.017555236816406
-9.337005615234375 51.729366302490234 110.82833862304688
1.9577385187149048 58.59040069580078 101.02819061279297
-23.30854606628418 -8.382364273071289 123.20341491699219
-23.77549171447754 -10.7018404006958 44.982181549072266
-4.7806572914123535 20.02680206298828 208.17942810058594
2.785614013671875 25.113525390625 35.580997467041016
-6.059477806091309 25.68079948425293 21.3250732421875
-11.504375457763672 -4.225820541381836 187.9924774169922
-22.453502655029297 12.542814254760742 94.86868286132812
-4.071651458740234 33.04125213623047 173.16287231445312
-7.791137218475342 -19.548852920532227 200.20057678222656
-12.119783401489258 -21.751529693603516 115.25067901611328
4.104192733764648 -13.417143821716309 106.3782958984375
3.520662546157837 -24.609853744506836 23.08953857421875
-17.96217155456543 18.668766021728516 85.73686981201172
9.01025390625 -21.411405563354492 201.6414031982422
19.736764907836914 -21.481937408447266 184.17596435546875
-9.571615219116211 -7.829247951507568 165.39585876464844
17.308652877807617 -19.46364974975586 90.718017578125
18.872817993164062 -19.32177734375 54.95008850097656
18.871490478515625 15.518671989440918 44.65494918823242
-18.451379776000977 -2.6855733394622803 11.50654125213623
0.6643018126487732 26.637474060058594 104.94052124023438
-1.6896806955337524 -25.697673797607422 38.0444450378418
13.553023338317871 -25.447433471679688 5.263508319854736
-28.088598251342773 13.88021183013916 168.36456298828125
14.371003150939941 9.336235046386719 195.5811004638672
24.390981674194336 3.646254777908325 198.11422729492188
-15.88524341583252 -7.544273376464844 68.00062561035156
-19.454299926757812 -32.222267150878906 175.85470581054688
20.32847785949707 -14.137107849121094 120.08572387695312
16.905244827270508 -16.45001220703125 8.834365844726562
20.33257484436035 -6.911831378936768 55.32246017456055
-16.61005210876465 36.14817810058594 9.544787406921387
-1.8222935199737549 -20.03036117553711 211.55288696289062
-10.956992149353027 6.732533931732178 62.48602294921875
18.581546783447266 -17.243640899658203 39.50575637817383
-17.500812530517578 19.630395889282227 100.91181182861328
15.296144485473633 5.3471999168396 167.745849609375
2.7088093757629395 -20.34185218811035 75.27749633789062
21.669647216796875 -12.818422317504883 92.2582015991211
3.5399844646453857 -2.3668153285980225 204.4981689453125
23.30082130432129 9.098142623901367 153.57508850097656
36.35051727294922 5.100525856018066 146.6021728515625
17.416118621826172 -14.105646133422852 182.2764434814453
-24.406431198120117 -11.164459228515625 16.97599220275879
8.384613037109375 -3.1225826740264893 225.28555297851562
-0.5472521781921387 19.5998477935791 46.18489456176758
1.6003434658050537 -11.109369277954102 115.82622528076172
-31.760133743286133 4.740317344665527 127.78290557861328
-15.611929893493652 2.0374855995178223 97.87362670898438
-16.12885284423828 17.136011123657227 24.119937896728516
15.835762977600098 33.12633514404297 15.742220878601074
10.057520866394043 -22.00542640686035 125.13240814208984
-8.032569885253906 9.068167686462402 15.20188045501709
-47.3671989440918 -4.8430986404418945 134.86221313476562
-50.29638671875 -0.5535966753959656 137.26470947265625
4.198557376861572 -27.271347045898438 164.0319366455078
8.95541000366211 -20.78128433227539 115.72053527832031
10.230769157409668 -16.910072326660156 61.31663131713867
33.1907844543457 13.144649505615234 5.832184791564941
2.0186381340026855 -25.853042602539062 74.10252380371094
31.366519927978516 -17.719511032104492 4.192582607269287
-12.461885452270508 22.31684112548828 124.37354278564453
-9.472867012023926 -24.287017822265625 32.835487365722656
4.424095630645752 3.101275682449341 126.50053405761719
-24.91727638244629 -0.6241907477378845 43.68635177612305
2.190220594406128 -13.367356300354004 72.98747253417969
13.644288063049316 21.270368576049805 41.28375244140625
-21.936664581298828 -15.105172157287598 66.08147430419922
2.8220572471618652 -33.48112106323242 13.291132926940918
1.761747121810913 -25.625381469726562 123.43207550048828
-17.75395965576172 -19.70764923095703 54.70466613769531
-22.477039337158203 13.660041809082031 116.27116394042969
-16.187030792236328 -6.444089412689209 156.5625762939453
20.131711959838867 9.714360237121582 102.23902130126953
-10.043095588684082 21.03792381286621 205.2472686767578
43.405616760253906 3.1665327548980713 145.54763793945312
18.015094757080078 -12.313855171203613 167.246826171875
-25.646465301513672 6.814916133880615 154.70252990722656
-37.47175598144531 -7.929842948913574 130.26197814941406
17.627573013305664 17.61536407470703 182.082763671875
18.888425827026367 7.742245197296143 7.2546706199646
-26.067543029785156 -2.259220600128174 113.53131103515625
-16.1600284576416 -1.1754682064056396 47.84428787231445
-1.0837572813034058 -27.041027069091797 68.11404418945312
-5.79308557510376 44.755653381347656 115.22444152832031
-12.969959259033203 25.002151489257812 94.1603775024414
-12.342172622680664 -20.196823120117188 130.41558837890625
8.229040145874023 35.784889221191406 173.3983917236328
-12.313901901245117 -10.048846244812012 15.010697364807129
-23.48944091796875 -9.433955192565918 80.14887237548828
28.004478454589844 -6.010982990264893 181.34579467773438
-9.231988906860352 -3.5705206394195557 28.564273834228516
11.861469268798828 -21.820579528808594 22.205963134765625
-35.13902282714844 -4.694621562957764 4.63253116607666
-20.23835563659668 -29.15333366394043 168.10891723632812
14.02417278289795 2.509598970413208 183.7253875732422
-5.45529842376709 -22.366209030151367 68.43927001953125
17.766515731811523 -1.087619423866272 6.471627235412598
16.18283462524414 32.52288055419922 6.457790851593018
-23.670381546020508 -10.237771987915039 61.182708740234375
5.42938232421875 51.8468132019043 114.874267578125
-0.5942385196685791 -24.00518226623535 118.79412841796875
-1.7099722623825073 -21.223575592041016 110.26353454589844
-36.592681884765625 8.514996528625488 144.62709045410156
13.684144973754883 -15.737475395202637 200.1479949951172
28.61524772644043 11.203369140625 179.21522521972656
9.658336639404297 1.1767213344573975 227.53660583496094
-3.3371939659118652 -11.404008865356445 54.28273391723633
13.468955039978027 44.42076110839844 97.3972396850586
-20.663436889648438 13.615793228149414 122.98529052734375
43.9156379699707 0.3266250491142273 126.43901824951172
-6.552587032318115 -7.608079433441162 195.09605407714844
-17.8717041015625 8.81376838684082 135.8627166748047
-4.358105182647705 24.978397369384766 138.11630249023438
20.62748146057129 23.167076110839844 169.7545928955078
10.082571029663086 53.224308013916016 103.19368743896484
-2.4145090579986572 8.209575653076172 111.44078063964844
20.580007553100586 -17.007699966430664 84.00177001953125
-10.376222610473633 -24.479053497314453 19.815282821655273
-23.751338958740234 -6.543299674987793 52.48722457885742
-3.814617872238159 -23.56850814819336 82.17865753173828
-0.770728349685669 6.259471416473389 30.28023338317871
4.964666366577148 7.369661808013916 38.643978118896484
-13.167689323425293 20.67884635925293 60.07449722290039
27.001901626586914 1.4444360733032227 40.0042839050293
20.895038604736328 -14.219402313232422 69.31861114501953
15.125551223754883 -7.787833213806152 176.07029724121094
-8.64907455444336 18.06764793395996 156.6059112548828
-7.343678951263428 -24.468374252319336 194.46571350097656
15.316397666931152 -2.643874168395996 219.2997589111328
1.08345627784729 26.6983699798584 133.89732360839844
24.904916763305664 -5.3144917488098145 78.02050018310547
-12.891502380371094 14.994250297546387 35.15230941772461
26.193077087402344 4.256825923919678 37.135009765625
-9.970148086547852 34.32162094116211 94.64664459228516
7.471745491027832 -25.061363220214844 107.84233856201172
16.51243782043457 20.82782745361328 44.980892181396484
6.53031587600708 6.592801570892334 92.79293060302734
-16.231754302978516 4.065104961395264 77.29644775390625
-15.267928123474121 45.54521560668945 101.06881713867188
-36.78919219970703 7.382683753967285 177.8503875732422
-24.609752655029297 7.964365005493164 8.240802764892578
19.36126136779785 0.5594053268432617 161.4331817626953
12.063350677490234 -13.229657173156738 213.42733764648438
-20.168792724609375 -10.54808521270752 191.05487060546875
-29.06389617919922 -10.371933937072754 138.10081481933594
10.087124824523926 14.256278991699219 216.86024475097656
-11.900224685668945 4.636057376861572 177.5891571044922
19.664987564086914 -3.3203680515289307 209.1054229736328
-23.326324462890625 2.686570644378662 106.56832885742188
2.434023380279541 16.11201286315918 219.28530883789062
30.442468643188477 10.024837493896484 138.16851806640625
8.921463012695312 6.342344284057617 106.45282745361328
-10.524880409240723 32.7852897644043 5.277716159820557
37.89651870727539 -4.864757537841797 9.72400188446045
19.699289321899414 18.385068893432617 33.061553955078125
18.797250747680664 -11.614108085632324 25.84922218322754
2.814352512359619 25.773937225341797 144.04635620117188
-8.882421493530273 3.939075469970703 55.16703414916992
-6.769165992736816 -10.31920051574707 155.63270568847656
-23.513158798217773 -31.830753326416016 4.13333797454834
11.990435600280762 2.3738837242126465 90.50750732421875
8.623152732849121 28.57410430908203 85.11731719970703
-2.1192269325256348 36.595428466796875 116.53060150146484
30.825042724609375 21.629661560058594 176.40676879882812
-3.0314555168151855 9.30965805053711 225.253662109375
-4.266576766967773 26.31125831604004 144.45068359375
29.297109603881836 -24.147212982177734 6.093538761138916
-16.130287170410156 17.786312103271484 49.534053802490234
10.701470375061035 14.07504940032959 10.89014720916748
-25.742368698120117 -5.4028825759887695 118.50724792480469
16.194969177246094 0.16098728775978088 100.82295227050781
-26.507659912109375 3.3338849544525146 111.3647689819336
24.234901428222656 -23.510108947753906 180.1559295654297
44.684181213378906 -1.3891594409942627 140.1265869140625
9.074420928955078 43.91987991333008 91.73677062988281
-2.087315559387207 -24.81557846069336 129.2191162109375
8.575785636901855 34.84599304199219 12.041671752929688
3.5183675289154053 -26.498197555541992 106.7791519165039
10.77499771118164 14.145140647888184 87.50780487060547
20.75398826599121 -3.9196395874023438 28.03407096862793
17.67448616027832 10.25262451171875 61.23160934448242
-4.966052532196045 52.85113525390625 91.96460723876953
-5.530071258544922 40.404029846191406 115.99939727783203
30.27552604675293 -11.351227760314941 134.6486358642578
-1.638666033744812 21.673959732055664 61.9198112487793
25.858034133911133 7.2557549476623535 129.0880889892578
-1.7489469051361084 -13.557900428771973 2.7840499877929688
38.243324279785156 14.134317398071289 8.883514404296875
-17.06382942199707 8.937530517578125 28.24715805053711
-13.625832557678223 28.51328468322754 104.83213806152344
-3.3311522006988525 -25.149765014648438 187.43365478515625
8.572953224182129 -23.646867752075195 153.75274658203125
-25.450332641601562 -23.39906120300293 167.56288146972656
20.305166244506836 14.737629890441895 135.10585021972656
-14.575423240661621 38.67389678955078 98.0026626586914
-4.458724021911621 24.86371421813965 37.52606201171875
-14.98768424987793 -14.222244262695312 141.83204650878906
1.269173502922058 -29.460838317871094 183.13723754882812
4.701488494873047 -25.737220764160156 84.0761947631836
-23.35384178161621 -0.03829085826873779 6.316011428833008
15.323566436767578 2.4776904582977295 73.28534698486328
16.032848358154297 -20.450834274291992 118.4756851196289
12.214569091796875 -8.757046699523926 85.0019302368164
10.074789047241211 23.74742317199707 155.36001586914062
-16.07722282409668 -5.224737167358398 169.0623779296875
23.93294906616211 -12.086713790893555 139.56358337402344
2.734269142150879 -24.32305908203125 61.89928436279297
-9.051547050476074 22.58940887451172 143.69822692871094
-24.872299194335938 -26.856571197509766 170.57962036132812
-10.494304656982422 15.798284530639648 132.00140380859375
-15.505851745605469 -13.681044578552246 92.61305236816406
5.2445549964904785 -5.533731460571289 187.4014892578125
-13.169506072998047 7.30302095413208 18.860118865966797
22.708250045776367 -12.790255546569824 103.75770568847656
-35.37793731689453 -9.433674812316895 14.168121337890625
-21.667619705200195 14.975433349609375 66.3460464477539
10.481398582458496 -22.449371337890625 193.42745971679688
9.185702323913574 -7.4785284996032715 22.933401107788086
-32.244319915771484 -23.45267677307129 10.422795295715332
1.5414273738861084 20.77159881591797 207.79530334472656
-24.12706184387207 11.646760940551758 39.167755126953125
-3.3460497856140137 -22.73218536376953 100.1869888305664
20.944303512573242 12.179999351501465 77.5761489868164
-22.02860450744629 12.726825714111328 109.39572143554688
-7.18335485458374 -23.179271697998047 9.149707794189453
20.883934020996094 -17.325223922729492 20.59822654724121
33.73190689086914 -21.029632568359375 6.013784408569336
-11.199246406555176 23.369281768798828 29.719160079956055
4.570527076721191 -13.900096893310547 169.49427795410156
29.407968521118164 -4.8628668785095215 128.56336975097656
-16.834077835083008 -4.395968437194824 123.42407989501953
10.365117073059082 25.508094787597656 178.76625061035156
-25.94591522216797 -3.4708285331726074 70.48065948486328
32.71376037597656 -9.508727073669434 139.0682830810547
24.716367721557617 -18.287860870361328 6.730052947998047
-4.0256428718566895 -2.317734956741333 54.955867767333984
-18.626731872558594 -15.49306869506836 197.1958770751953
1.0722063779830933 1.7380255460739136 68.20647430419922
4.381338596343994 -26.082618713378906 114.39044189453125
-9.83669376373291 8.317031860351562 91.54724884033203
-6.986147403717041 3.4506900310516357 229.7567901611328
-5.687911033630371 -8.91235637664795 121.43331146240234
24.634540557861328 -23.838964462280273 12.887333869934082
-23.80061912536621 6.809453964233398 193.75379943847656
6.291143417358398 3.176706314086914 133.71450805664062
10.708032608032227 -20.73594093322754 139.25619506835938
33.3589973449707 6.3147292137146 176.06649780273438
16.9816837310791 -21.11509895324707 173.20738220214844
34.90650177001953 -4.806717872619629 127.05231475830078
7.218703746795654 4.38638973236084 61.841060638427734
12.586859703063965 -8.09343147277832 130.65232849121094
-20.953899383544922 -34.1396369934082 8.1129732131958
-35.63719940185547 -8.498574256896973 171.2981719970703
3.926149606704712 -5.539846420288086 176.1761016845703
16.08212661743164 -11.631990432739258 75.0034408569336
-30.796873092651367 -12.98028564453125 168.20266723632812
-24.214262008666992 -11.473043441772461 165.47503662109375
5.954923152923584 -12.334218978881836 96.6727294921875
-21.813173294067383 -10.188546180725098 54.253910064697266
2.4283766746520996 -15.732407569885254 213.87997436523438
0.2758897840976715 -15.571255683898926 186.11331176757812
-5.423503875732422 27.370277404785156 89.26696014404297
2.0876293182373047 40.33540725708008 87.97328186035156
3.1356520652770996 8.139326095581055 207.3420867919922
-13.333305358886719 1.531557321548462 112.08942413330078
27.339683532714844 26.98177719116211 13.799358367919922
16.80943489074707 -18.38817024230957 128.95619201660156
1.1994699239730835 7.802840232849121 120.52029418945312
7.361241340637207 -15.170187950134277 4.811468601226807
24.206432342529297 -10.694558143615723 23.171873092651367
-23.243478775024414 -6.49537992477417 115.90987396240234
-20.235698699951172 -15.041152954101562 161.0709228515625
-33.7940788269043 3.6193485260009766 9.354497909545898
12.712691307067871 -12.291278839111328 114.21868133544922
-11.665238380432129 -5.743998050689697 86.13607025146484
-6.009042263031006 -5.905886650085449 205.6309051513672
-10.29188060760498 20.549474716186523 43.38703918457031
5.010285377502441 -7.50002908706665 163.86380004882812
5.602562427520752 -6.505188465118408 9.993038177490234
19.39700698852539 -6.323409080505371 98.18778228759766
-33.31661605834961 9.627400398254395 12.31589126586914
-20.882822036743164 -13.381949424743652 101.37582397460938
-9.776118278503418 -27.506807327270508 167.3751678466797
-8.467187881469727 -24.819250106811523 161.09429931640625
14.413196563720703 -22.005786895751953 57.901371002197266
-42.0413703918457 -0.6317799091339111 142.6475067138672
6.358130931854248 -21.636816024780273 69.84197235107422
13.12166690826416 16.08002281188965 100.3882827758789
0.5645236372947693 -7.056534767150879 141.61807250976562
-16.04487419128418 -18.50343894958496 33.6018180847168
-1.8952358961105347 -25.471118927001953 17.758787155151367
-4.361677169799805 20.96031379699707 32.17705154418945
40.56989669799805 -9.116806983947754 137.20738220214844
-6.40650749206543 -24.894567489624023 192.75411987304688
38.90753173828125 4.102441310882568 7.158750534057617
12.403474807739258 6.972644805908203 217.2701416015625
-25.15064239501953 -7.819936275482178 23.508792877197266
-2.321790933609009 -15.488607406616211 64.18314361572266
-34.31052780151367 3.7031426429748535 139.6025390625
28.33521842956543 25.830120086669922 1.0310808420181274
-26.53238868713379 2.981536626815796 154.23324584960938
-31.39435386657715 5.2981648445129395 146.3057098388672
-8.943215370178223 -1.6309870481491089 132.14642333984375
42.46337890625 -0.963539719581604 147.661376953125
18.207691192626953 -19.737306594848633 31.937519073486328
-13.72776985168457 22.063444137573242 12.09636116027832
-44.05243682861328 -2.385624647140503 146.69549560546875
-2.1819305419921875 7.316048622131348 182.16241455078125
18.226564407348633 18.06831932067871 23.417490005493164
2.599283456802368 21.722749710083008 94.82899475097656
14.824592590332031 1.7845388650894165 30.685848236083984
8.504595756530762 29.21613883972168 171.61390686035156
-19.22568702697754 16.126567840576172 40.99168014526367
-3.0357017517089844 26.0660400390625 157.93850708007812
10.577101707458496 -20.59358787536621 67.09117889404297
3.57877254486084 -36.000221252441406 171.46707153320312
-25.10334587097168 -5.397458553314209 74.42051696777344
5.95431661605835 -20.124740600585938 90.0910873413086
0.037120845168828964 -26.40360450744629 179.49156188964844
-5.553638935089111 6.578171253204346 197.24749755859375
-16.472257614135742 -20.5543270111084 46.492183685302734
-16.028112411499023 34.27769088745117 172.74644470214844
4.802460670471191 -24.65148162841797 47.57090377807617
-0.9455513954162598 35.59290313720703 84.98724365234375
21.23253059387207 7.6232523918151855 186.63072204589844
-21.380910873413086 -4.897534370422363 104.79273223876953
34.98365020751953 0.04591237008571625 177.4593505859375
-8.974419593811035 -25.410808563232422 140.82618713378906
-7.473264694213867 23.90533447265625 190.75914001464844
-5.1487812995910645 15.17154312133789 213.76202392578125
-18.618196487426758 -13.352506637573242 43.50026321411133
-24.342472076416016 29.824586868286133 175.37506103515625
24.22683334350586 0.23510687053203583 101.02298736572266
25.665267944335938 -1.1909801959991455 157.19696044921875
-24.010822296142578 -0.3670617341995239 141.46923828125
-23.271276473999023 -1.260939121246338 30.053314208984375
45.24995040893555 -2.6209237575531006 131.32638549804688
-33.883331298828125 16.942167282104492 13.920037269592285
6.162807941436768 -5.320261478424072 58.505313873291016
-8.889559745788574 -19.20359230041504 181.99176025390625
-1.445436954498291 12.023149490356445 17.839763641357422
2.986816167831421 -25.130964279174805 90.36149597167969
20.617063522338867 -33.85764694213867 10.096805572509766
4.870145320892334 21.69852066040039 156.1558380126953
-18.208341598510742 6.335150718688965 64.92837524414062
11.08915901184082 35.599266052246094 112.87606811523438
-19.469871520996094 -7.858119010925293 206.34228515625
-17.350318908691406 -19.79021453857422 137.57070922851562
13.867852210998535 11.101570129394531 126.6224136352539
10.991706848144531 -5.3136677742004395 95.57665252685547
17.44782257080078 4.3743085861206055 95.12648010253906
-30.393924713134766 -19.93150520324707 175.724365234375
21.032907485961914 -14.565051078796387 30.080032348632812
-16.440576553344727 -32.53181457519531 180.21945190429688
23.796842575073242 5.261643886566162 171.5514373779297
-11.079144477844238 -19.178531646728516 84.12471008300781
-7.6421895027160645 13.381324768066406 99.54676818847656
10.184123992919922 19.637598037719727 30.66227149963379
4.4606428146362305 54.38905334472656 105.68896484375
16.010696411132812 -12.196739196777344 144.52317810058594
-0.060553234070539474 -27.17217254638672 34.685760498046875
4.012678146362305 -25.436161041259766 190.1704559326172
6.405840873718262 25.143299102783203 135.6999053955078
4.191566467285156 13.46194839477539 222.2547149658203
24.928829193115234 29.319547653198242 4.451491355895996
16.36976432800293 -20.848400115966797 81.85016632080078
18.196773529052734 16.739973068237305 91.04965209960938
