25.223356246948242 -9.985422134399414 106.91575622558594
-9.187760353088379 0.4377412796020508 134.00254821777344
38.885616302490234 3.273801565170288 119.34284210205078
13.469561576843262 10.172511100769043 108.13375854492188
-61.27271270751953 4.082883358001709 147.60418701171875
-26.082727432250977 -1.7975234985351562 156.86965942382812
-23.486209869384766 5.721619606018066 142.6163787841797
44.36246871948242 -0.280021071434021 122.2033920288086
12.59249496459961 -4.590217113494873 53.34880828857422
-6.403118133544922 -9.769787788391113 22.264015197753906
53.70762634277344 2.2987046241760254 156.1607666015625
8.168867111206055 -12.364054679870605 99.76449584960938
-2.3265857696533203 -7.649888515472412 69.27042388916016
-37.135440826416016 -1.3812191486358643 199.44032287597656
63.884029388427734 0.899189829826355 169.68690490722656
-45.94606018066406 5.379517555236816 127.05471801757812
11.884698867797852 14.9058837890625 37.6535530090332
-29.837635040283203 -2.2187795639038086 206.2325439453125
22.301067352294922 -11.847017288208008 111.25594329833984
7.887394905090332 -3.20210337638855 38.88749313354492
-3.576716423034668 4.435443878173828 74.67169952392578
-68.06729125976562 -2.51781964302063 146.14019775390625
1.7057294845581055 -11.194573402404785 105.0313949584961
17.195436477661133 -7.38057804107666 10.497230529785156
-24.616762161254883 4.85377311706543 86.63922882080078
-20.442232131958008 -9.6453857421875 122.30340576171875
-14.27348804473877 -9.890803337097168 68.39739227294922
14.667957305908203 13.658548355102539 47.75414276123047
-16.67679786682129 -10.00827407836914 46.913482666015625
-7.657400608062744 9.045258522033691 68.81251525878906
-56.442787170410156 -1.8314052820205688 122.86896514892578
42.20120620727539 0.19454218447208405 152.30734252929688
-27.233604431152344 4.7613654136657715 167.19015502929688
-32.89830780029297 -3.3614606857299805 180.92919921875
49.29292297363281 5.806909561157227 146.337890625
15.070908546447754 0.9302055239677429 100.65655517578125
21.07743263244629 -3.5944747924804688 133.2261199951172
-11.144319534301758 -1.691493034362793 161.40858459472656
-44.65276336669922 7.801024436950684 121.81111145019531
-40.934715270996094 5.705256938934326 123.85493469238281
24.46236228942871 0.26403284072875977 153.2406768798828
-31.556884765625 -1.8772352933883667 211.73068237304688
10.623066902160645 9.385652542114258 73.56936645507812
8.512493133544922 -7.503200531005859 132.90576171875
22.504127502441406 8.964290618896484 86.58826446533203
15.292701721191406 2.577371120452881 143.2698211669922
-22.651790618896484 -8.827141761779785 87.09843444824219
-64.30250549316406 -3.936946392059326 148.0658416748047
-18.030494689941406 -2.556983232498169 128.17747497558594
19.990297317504883 0.16032178699970245 80.60192108154297
-6.54649543762207 -11.713091850280762 136.49607849121094
-34.34334945678711 -4.233788967132568 194.344970703125
27.211610794067383 0.9944424629211426 62.785064697265625
-13.767566680908203 7.907364845275879 115.6053237915039
36.40635299682617 9.569536209106445 131.6053924560547
-1.642147183418274 2.1058671474456787 175.06748962402344
14.098225593566895 10.056184768676758 125.36673736572266
51.1364860534668 0.3769056499004364 143.767333984375
-0.35811910033226013 0.9508320093154907 32.040645599365234
6.060281276702881 16.03512191772461 32.42193603515625
29.536602020263672 10.475682258605957 118.04824829101562
-0.6132578253746033 -4.145157814025879 203.49365234375
-27.70741081237793 -11.84248161315918 109.49225616455078
41.34920883178711 -8.283349990844727 124.68816375732422
68.80735778808594 -2.234334707260132 179.6383514404297
-13.665493965148926 2.0805931091308594 12.95203685760498
30.87863540649414 8.136785507202148 128.81861877441406
-3.767503499984741 -1.3652422428131104 167.00437927246094
-28.644798278808594 6.089147090911865 180.9244842529297
-52.43915557861328 -7.100906848907471 136.3355712890625
-24.811349868774414 4.678855895996094 178.2876739501953
24.73529052734375 -4.20875883102417 53.371334075927734
27.583040237426758 -6.3186516761779785 198.11767578125
42.1549186706543 7.834338188171387 130.0000457763672
-2.0727574825286865 -0.8476163148880005 217.156005859375
16.649139404296875 -11.11272144317627 130.8668212890625
22.88340187072754 8.902031898498535 53.30971908569336
-23.825008392333984 2.704807758331299 29.98595428466797
28.832073211669922 -4.402636528015137 120.63800048828125
-4.748174667358398 -12.286044120788574 105.4071044921875
-18.531435012817383 1.811428189277649 36.50218200683594
26.88298225402832 8.204867362976074 125.44349670410156
-15.833162307739258 -10.717544555664062 77.45266723632812
-29.23064422607422 10.150008201599121 87.03294372558594
29.95392608642578 3.3605480194091797 202.5459442138672
-29.253005981445312 7.362989902496338 116.8543701171875
44.94785690307617 4.4883222579956055 148.7102508544922
-3.9718515872955322 15.663962364196777 23.87859535217285
16.150524139404297 0.7111431360244751 65.92633056640625
-13.81737232208252 3.0861990451812744 87.40951538085938
-31.18012809753418 5.568110466003418 186.31182861328125
24.022031784057617 -3.5862905979156494 29.775022506713867
-16.58926773071289 -8.06641960144043 26.045352935791016
-20.61686897277832 8.070021629333496 46.66180419921875
9.980101585388184 2.9705028533935547 22.70998764038086
-28.58667755126953 -9.354226112365723 105.08201599121094
6.146074295043945 -1.3747129440307617 226.54843139648438
3.2783708572387695 -5.925229072570801 195.83203125
19.529781341552734 -7.165703296661377 151.84689331054688
10.463500022888184 5.676156997680664 58.04042053222656
-26.540721893310547 -4.2560715675354 82.76127624511719
25.853900909423828 2.251657009124756 193.47244262695312
13.957282066345215 9.297130584716797 44.054115295410156
29.8549861907959 -2.9577367305755615 199.42225646972656
-51.46371078491211 -7.153388500213623 126.25950622558594
-17.910852432250977 -8.367716789245605 12.108552932739258
29.707157135009766 -2.4849729537963867 95.36570739746094
-12.600083351135254 -8.515461921691895 18.261144638061523
27.21558952331543 -1.266870141029358 67.22142791748047
28.41653060913086 -11.098373413085938 88.89716339111328
-0.11698747426271439 3.951028823852539 85.94666290283203
-4.100461483001709 -0.547747015953064 172.22183227539062
59.89234924316406 3.8163645267486572 161.57554626464844
-25.595020294189453 -5.3162126541137695 164.0368194580078
1.2916793823242188 -11.27610969543457 45.43416976928711
4.999795436859131 4.2401838302612305 205.55345153808594
-44.77202224731445 -4.476382732391357 103.86205291748047
19.104873657226562 -3.4996018409729004 167.26162719726562
-18.786344528198242 -6.856731414794922 74.67308044433594
-18.772966384887695 -0.23656249046325684 81.36791229248047
-4.341152191162109 7.9782538414001465 152.0380096435547
26.617280960083008 4.3743391036987305 66.92237854003906
-9.798163414001465 -0.15706466138362885 96.97276306152344
-23.95355796813965 -6.78673791885376 142.44923400878906
25.3913631439209 -4.725085735321045 145.9982452392578
18.559776306152344 11.500085830688477 56.7215461730957
45.2661247253418 0.08718281239271164 155.3431854248047
-8.989599227905273 12.1994047164917 50.4962158203125
23.507143020629883 -4.554882049560547 197.07960510253906
19.181276321411133 -0.37072670459747314 152.63998413085938
20.541372299194336 -3.8336026668548584 184.91603088378906
-11.397581100463867 2.6639466285705566 127.80884552001953
17.49498748779297 -3.342010021209717 96.95330047607422
8.601582527160645 1.1992467641830444 70.48320770263672
17.99077033996582 -7.696061134338379 126.61719512939453
-22.4217472076416 6.936448574066162 165.2855987548828
5.593474864959717 -10.116604804992676 67.5064926147461
-3.550691604614258 1.024607539176941 151.75531005859375
-53.32855987548828 -2.638545036315918 131.84576416015625
-7.36561393737793 -11.609395980834961 51.1573600769043
33.6241455078125 -4.973617076873779 98.2092514038086
10.000136375427246 0.5041151642799377 191.8037567138672
29.303136825561523 -4.796570777893066 79.7973403930664
-1.3819365501403809 9.697056770324707 94.73106384277344
-7.584185600280762 -3.994518995285034 72.7552490234375
35.28078842163086 -8.848878860473633 103.1376724243164
0.18197056651115417 -9.572946548461914 14.10694694519043
-16.260164260864258 -8.939372062683105 51.35012435913086
19.08326530456543 -10.004170417785645 132.8554229736328
-5.525815963745117 -11.470044136047363 61.7608642578125
-33.30756378173828 2.4481747150421143 86.0628890991211
4.601859092712402 6.844821453094482 164.90997314453125
11.87597370147705 -3.698204278945923 126.28347778320312
28.150724411010742 5.446267604827881 150.38644409179688
2.9210360050201416 16.88461685180664 18.985443115234375
-9.824636459350586 8.867912292480469 60.4107551574707
-19.24323844909668 5.442971229553223 117.01185607910156
29.23074722290039 -3.0258097648620605 148.82180786132812
23.349262237548828 -2.8394479751586914 36.37086486816406
6.941490650177002 12.117881774902344 86.00457000732422
-0.1376403570175171 -7.429344654083252 165.13888549804688
-5.782223224639893 12.33198070526123 15.193631172180176
20.710365295410156 10.463260650634766 122.93212127685547
14.128911018371582 -1.1788514852523804 31.73674964904785
22.32636833190918 0.47842055559158325 73.09593200683594
6.271100044250488 -6.184009075164795 167.14715576171875
8.774577140808105 8.993473052978516 30.341279983520508
-17.1925106048584 -10.581100463867188 97.5081787109375
-0.476972758769989 10.0342435836792 80.29090881347656
25.078046798706055 4.549771308898926 60.75905990600586
-36.27210998535156 -2.567136287689209 90.10289764404297
21.857669830322266 -1.3361413478851318 187.6683349609375
30.558273315429688 1.7765529155731201 153.13546752929688
12.03282642364502 12.810851097106934 51.27832794189453
-25.54505157470703 -5.323459148406982 186.57240295410156
-30.74784278869629 -3.7007088661193848 88.30646514892578
-51.98996353149414 -1.102644681930542 139.10113525390625
-17.315101623535156 6.891695022583008 155.21646118164062
-2.008348226547241 -1.0056244134902954 191.06704711914062
21.00102424621582 -9.732948303222656 85.93514251708984
20.876150131225586 4.765054225921631 2.082260847091675
-9.24877643585205 -11.813063621520996 124.99299621582031
31.963085174560547 -9.672882080078125 106.80108642578125
5.550663471221924 1.893009901046753 108.41594696044922
-25.973724365234375 2.1798126697540283 8.970894813537598
1.4747393131256104 5.622692584991455 179.3528594970703
-49.94136047363281 5.706815719604492 134.42135620117188
4.555545806884766 -7.188206195831299 92.52208709716797
-5.697591781616211 7.0310821533203125 132.30458068847656
9.581384658813477 -1.1634732484817505 81.91321563720703
27.887361526489258 3.446525812149048 210.0438690185547
-16.68655014038086 -0.08859457075595856 9.966134071350098
-5.135469436645508 2.155498504638672 2.8211629390716553
10.0176362991333 -2.9239935874938965 150.22640991210938
-24.45159339904785 -3.720390558242798 18.24078369140625
21.874408721923828 1.5163475275039673 204.74571228027344
20.057138442993164 -10.554877281188965 63.739681243896484
-51.362483978271484 -7.065211772918701 121.52751159667969
-4.100331783294678 1.4029566049575806 22.12249183654785
-1.1392782926559448 10.481919288635254 63.79627227783203
-21.629789352416992 0.538426399230957 49.940467834472656
-40.20194625854492 8.880232810974121 114.0051498413086
13.129417419433594 -11.513310432434082 126.741455078125
21.230756759643555 7.686497688293457 153.43289184570312
50.00441360473633 -5.208188056945801 155.44290161132812
17.377182006835938 13.647375106811523 89.80667114257812
-31.426713943481445 -0.597633957862854 174.95602416992188
-6.488362789154053 -5.570056438446045 154.33053588867188
-19.579050064086914 -3.430692195892334 106.70886993408203
19.082172393798828 -6.180070877075195 40.49462890625
20.94573974609375 10.851816177368164 22.395811080932617
-26.17399024963379 6.062525272369385 79.94317626953125
2.533534288406372 13.66160774230957 52.510135650634766
6.349666595458984 -5.559678554534912 187.9617156982422
-8.04314136505127 9.731224060058594 78.14092254638672
14.055490493774414 4.4824113845825195 155.10867309570312
-18.855573654174805 -0.3068864345550537 89.19342803955078
14.109404563903809 -11.324542999267578 88.862060546875
-6.2206854820251465 13.792890548706055 9.24024772644043
27.458520889282227 13.772605895996094 104.701171875
-37.06643295288086 -3.596277952194214 125.60391235351562
58.35368728637695 -1.0092341899871826 172.53060913085938
1.479595422744751 5.044180870056152 162.97242736816406
25.234663009643555 6.0951924324035645 185.8256072998047
47.742591857910156 -1.4059925079345703 135.70823669433594
-18.593976974487305 1.7509692907333374 175.3408660888672
-14.361591339111328 3.245206832885742 164.4403533935547
17.540889739990234 6.248907089233398 50.89580535888672
-5.266916751861572 6.722230911254883 28.196195602416992
11.914952278137207 -10.339371681213379 51.451419830322266
-3.973750591278076 -2.1258065700531006 128.7837677001953
-21.919347763061523 10.712902069091797 112.455322265625
9.75736141204834 8.473645210266113 16.44510841369629
67.74654388427734 0.011479964479804039 178.22853088378906
4.700847148895264 1.498051643371582 225.3695831298828
-20.92269515991211 -5.336573600769043 54.555355072021484
20.495059967041016 -11.757152557373047 107.15322875976562
-6.506787300109863 -5.072351455688477 139.64425659179688
22.763628005981445 -6.337118148803711 9.58786392211914
10.361761093139648 -8.231832504272461 148.21151733398438
11.472661018371582 1.0304245948791504 159.45326232910156
-15.48454761505127 5.765530586242676 96.9596939086914
4.9705047607421875 -4.62094259262085 163.6269073486328
4.454075813293457 2.676248788833618 139.25575256347656
-18.32033348083496 -9.694818496704102 148.11538696289062
-18.942638397216797 11.110878944396973 90.55601501464844
-21.917823791503906 5.152700424194336 170.1367950439453
0.13170339167118073 -9.779738426208496 35.883602142333984
19.594675064086914 -4.495924472808838 179.00869750976562
-21.521169662475586 10.616877555847168 17.319162368774414
-36.63844299316406 4.744381904602051 121.97488403320312
-66.76941680908203 3.4602928161621094 143.11587524414062
-22.024890899658203 3.6386983394622803 157.6394805908203
24.83612823486328 0.3648243546485901 90.45500946044922
-15.689594268798828 9.201723098754883 43.65408706665039
2.7519452571868896 -10.5120849609375 142.24688720703125
-54.1848258972168 4.439347743988037 121.99848175048828
31.040681838989258 8.26073169708252 136.20797729492188
-12.047588348388672 2.0670173168182373 144.14962768554688
-14.846196174621582 0.27629998326301575 21.26386070251465
5.10589599609375 -3.3686304092407227 224.645751953125
34.983673095703125 10.488120079040527 111.50871276855469
45.764381408691406 -4.465688705444336 136.4380340576172
-23.714841842651367 11.871431350708008 87.7306900024414
-16.88331413269043 4.505383491516113 23.40789794921875
-7.56119966506958 -3.1912801265716553 88.7443618774414
48.515602111816406 -3.8376805782318115 156.71218872070312
-20.66647720336914 -11.485897064208984 110.59223175048828
-17.937429428100586 -7.26918363571167 63.686336517333984
-32.836692810058594 4.120126724243164 185.02723693847656
17.165283203125 -7.010594367980957 46.32513427734375
0.07595042884349823 3.4740498065948486 182.32455444335938
20.790143966674805 -7.281205654144287 28.192514419555664
-19.04669189453125 1.107884168624878 3.1125473976135254
-61.312156677246094 -5.239387035369873 145.10540771484375
11.941388130187988 5.195755958557129 135.8859100341797
18.22597885131836 -4.564816474914551 74.06290435791016
-9.88081169128418 6.457465648651123 22.549007415771484
-6.290775775909424 13.759936332702637 36.191192626953125
25.42872428894043 -9.772217750549316 93.48515319824219
56.13602066040039 -0.6604213714599609 167.39242553710938
22.71416664123535 -5.778396129608154 17.341333389282227
23.785139083862305 3.7609567642211914 199.55599975585938
16.044347763061523 8.385448455810547 35.264892578125
31.71726417541504 4.314467430114746 147.14878845214844
4.165694713592529 -8.440558433532715 161.3215789794922
12.442643165588379 -0.8134279847145081 93.53250122070312
-29.435911178588867 10.068233489990234 100.77286529541016
6.999662399291992 -9.202726364135742 146.60545349121094
5.941895484924316 -10.958521842956543 55.984798431396484
10.957322120666504 -4.771977424621582 157.91163635253906
26.07902717590332 -5.622086048126221 65.69253540039062
-56.60781478881836 3.5535242557525635 147.00599670410156
-31.973459243774414 3.8026325702667236 179.81983947753906
-18.634071350097656 10.572748184204102 82.80497741699219
22.041091918945312 4.912947177886963 163.75901794433594
-21.39737892150879 -9.018736839294434 116.54309844970703
-31.086488723754883 3.9311983585357666 123.03448486328125
2.61883544921875 -12.776275634765625 111.60076904296875
-55.85123825073242 4.152876377105713 127.685302734375
15.022817611694336 -9.527249336242676 39.021087646484375
-49.074546813964844 -2.0758612155914307 119.956298828125
24.091524124145508 -6.744773864746094 163.32711791992188
30.284374237060547 -2.679689407348633 173.9318084716797
46.992183685302734 1.3540631532669067 138.24964904785156
27.576383590698242 4.357383728027344 188.9825439453125
18.891307830810547 7.8326802253723145 131.80010986328125
31.13414764404297 2.0659019947052 115.4444580078125
23.959735870361328 -10.498489379882812 71.00252532958984
27.80083656311035 0.39030808210372925 160.4612579345703
-13.21322250366211 11.293490409851074 98.78277587890625
13.596662521362305 13.713048934936523 9.745123863220215
-15.196632385253906 -10.70324420928955 62.350704193115234
-25.705646514892578 12.835392951965332 91.1242446899414
-6.047684669494629 11.841943740844727 85.0767822265625
-39.98211669921875 1.5864006280899048 95.6009521484375
-2.7066187858581543 -11.842724800109863 87.34776306152344
0.6904577016830444 -11.463499069213867 95.70879364013672
-42.95138168334961 -8.394499778747559 125.62353515625
36.46356201171875 0.23905304074287415 107.65159606933594
3.2610208988189697 10.921820640563965 90.5372314453125
26.830190658569336 1.9220739603042603 72.52509307861328
-55.20900344848633 5.999273777008057 132.11477661132812
-50.68284606933594 4.289942264556885 117.3111343383789
32.893653869628906 -9.517021179199219 117.5725326538086
-4.825615406036377 10.347491264343262 91.27011108398438
9.179452896118164 -1.1871459484100342 103.60566711425781
29.38605308532715 10.265892028808594 84.21405792236328
-0.8990384340286255 -6.696180820465088 182.01185607910156
-13.168856620788574 -5.998797416687012 106.41447448730469
24.160741806030273 2.1574008464813232 77.81732177734375
-42.115020751953125 6.692913055419922 102.49857330322266
-19.456220626831055 6.7965803146362305 139.17727661132812
8.496940612792969 8.390156745910645 134.59825134277344
3.2524261474609375 -3.530494451522827 25.63494873046875
18.957210540771484 -0.6892605423927307 187.1546173095703
-35.52459716796875 3.103407382965088 211.0050048828125
-48.03402328491211 -4.841784477233887 135.8394317626953
-50.468910217285156 -2.999298334121704 112.46448516845703
8.708902359008789 7.521369934082031 144.8111114501953
37.76543426513672 9.68503475189209 118.64593505859375
-54.28855514526367 3.2788281440734863 143.6634063720703
34.54620361328125 -2.404473304748535 87.3084945678711
27.09869956970215 3.032672882080078 134.37074279785156
40.234920501708984 7.944030284881592 134.67771911621094
13.284875869750977 4.407474517822266 61.6952018737793
30.275854110717773 2.1237123012542725 82.99443054199219
-59.425987243652344 -3.3338816165924072 136.05868530273438
5.455134868621826 7.460566520690918 22.045495986938477
-15.902069091796875 -0.10906987637281418 169.5752716064453
-11.848376274108887 5.967814922332764 150.65277099609375
-30.77427101135254 6.612438201904297 84.8412857055664
18.17138671875 7.864304065704346 59.42068099975586
24.13369369506836 -6.519051551818848 172.6492462158203
3.2229676246643066 9.861838340759277 97.474365234375
-6.74461030960083 -10.729257583618164 113.673095703125
-12.939736366271973 7.792449474334717 125.6998291015625
-6.542402744293213 9.544940948486328 2.8449976444244385
11.845575332641602 -9.286776542663574 22.87613868713379
34.13025665283203 -7.930041790008545 94.05509948730469
9.52382755279541 -0.36200904846191406 64.91436767578125
-33.86171340942383 -3.9982240200042725 213.6730499267578
36.50164031982422 9.507304191589355 124.86527252197266
19.447175979614258 3.526001453399658 177.0447235107422
-30.01805305480957 2.2476563453674316 170.27874755859375
26.513957977294922 5.063194751739502 176.31643676757812
-18.478673934936523 -10.634685516357422 136.48135375976562
-12.438026428222656 11.494571685791016 87.07444763183594
-37.23853302001953 -9.159085273742676 103.96660614013672
-7.432494640350342 -5.956811904907227 4.376289367675781
11.508049964904785 8.537527084350586 122.5785140991211
9.74888801574707 -11.524503707885742 131.86341857910156
-66.30659484863281 2.2273507118225098 150.8993377685547
14.723712921142578 11.037437438964844 80.4011459350586
11.476451873779297 -10.730823516845703 103.5304183959961
-13.470757484436035 -12.155247688293457 116.64152526855469
3.7907397747039795 -6.756200313568115 5.038719654083252
4.503480911254883 1.2823400497436523 131.6156005859375
39.66461944580078 -1.4382832050323486 101.87606811523438
-28.333457946777344 -2.211074113845825 127.78108978271484
-53.65656280517578 -1.1392829418182373 115.38850402832031
-12.368890762329102 2.2950422763824463 59.16298294067383
-0.10104409605264664 15.676487922668457 14.605961799621582
41.763816833496094 5.196095943450928 109.81143188476562
32.742252349853516 0.9472567439079285 207.31814575195312
-21.058034896850586 7.152832508087158 124.97847747802734
64.7847900390625 -1.7223738431930542 180.70758056640625
5.440955638885498 11.770785331726074 78.1750717163086
-34.69601821899414 0.38799917697906494 187.8590850830078
-4.626787185668945 -2.874532461166382 176.23690795898438
-12.335247993469238 7.460197448730469 4.325499534606934
14.605006217956543 7.870433330535889 24.299076080322266
1.7610384225845337 -5.074277877807617 159.1214599609375
-11.218936920166016 11.10641860961914 78.9572982788086
-24.020700454711914 -6.747406959533691 153.8365478515625
3.709702491760254 5.333169937133789 195.79014587402344
-21.490283966064453 6.928481101989746 76.39488983154297
-9.055734634399414 -0.5155953764915466 65.60755920410156
-23.28093147277832 -1.5901492834091187 136.41917419433594
11.344975471496582 -0.23657573759555817 53.82984161376953
-11.460602760314941 -9.266450881958008 14.299944877624512
16.619998931884766 4.418888568878174 107.11637115478516
1.473132848739624 2.5089051723480225 57.51944351196289
8.213006019592285 3.787660598754883 172.08912658691406
64.06781768798828 3.0762999057769775 177.2494659423828
-20.08785057067871 -1.9307972192764282 16.219158172607422
-39.420291900634766 -5.8708953857421875 97.66358947753906
11.319005012512207 -12.720561027526855 110.59256744384766
-29.54143714904785 2.123015880584717 165.8946533203125
25.0175724029541 5.242156982421875 107.4299087524414
57.22567367553711 -5.3211236000061035 163.49917602539062
-22.79100799560547 -0.6423614025115967 110.97879791259766
-20.03460121154785 0.22391696274280548 184.36776733398438
4.457045555114746 2.7438149452209473 39.2839469909668
3.990662097930908 -2.0408124923706055 101.44436645507812
-3.8185999393463135 -7.00651741027832 55.03102493286133
19.817630767822266 -1.0430241823196411 64.4997787475586
8.428048133850098 -5.590993404388428 24.11276626586914
-43.256195068359375 2.260632038116455 123.33644104003906
-41.18918991088867 -3.2716565132141113 117.83609771728516
-48.21830368041992 -4.136597156524658 105.99398803710938
21.907262802124023 -9.344597816467285 124.67181396484375
12.759177207946777 9.131967544555664 115.53889465332031
-24.017358779907227 -1.2722256183624268 191.96556091308594
-4.6035661697387695 -4.568142414093018 104.71221160888672
-40.55577850341797 -10.386787414550781 119.07466125488281
-2.600203275680542 11.423163414001465 5.7530388832092285
31.487606048583984 -1.1042702198028564 105.45989227294922
31.265432357788086 -2.9440011978149414 210.50010681152344
18.764198303222656 12.868255615234375 32.98566818237305
-56.900657653808594 5.819390296936035 136.94781494140625
23.15232276916504 5.159092426300049 40.27974319458008
-21.146312713623047 -6.7902421951293945 23.48483657836914
11.133622169494629 11.827179908752441 57.46804428100586
-6.990187644958496 -3.129556655883789 25.92900276184082
-38.93819808959961 -4.882289409637451 113.83622741699219
36.33106994628906 10.917144775390625 121.20348358154297
-36.44824981689453 -2.3807058334350586 213.81883239746094
41.9963264465332 8.449662208557129 137.3225860595703
-24.372474670410156 10.140667915344238 84.4713363647461
-7.058394908905029 -6.1018524169921875 11.658472061157227
27.747434616088867 -4.167454719543457 168.8980712890625
-26.042579650878906 4.914885997772217 187.09521484375
-23.64137077331543 -0.23535120487213135 37.23812484741211
-11.308274269104004 -11.015616416931152 83.12517547607422
24.469284057617188 -4.126564979553223 11.636547088623047
-5.086118698120117 -8.159790992736816 16.620267868041992
-33.503353118896484 -0.37675806879997253 215.29779052734375
30.36514663696289 0.5110917687416077 123.77703857421875
38.6250114440918 -7.951202392578125 112.81169891357422
6.541710376739502 -1.533474087715149 75.09269714355469
3.6408350467681885 -3.565157175064087 121.61760711669922
31.73158073425293 -8.929343223571777 91.694091796875
0.609245240688324 -4.631493091583252 43.39423751831055
-26.19682502746582 5.877929210662842 172.4380340576172
9.181723594665527 7.869985580444336 37.938961029052734
-29.828205108642578 2.246394157409668 184.26258850097656
-21.11040687561035 -6.704622745513916 80.44100952148438
8.467425346374512 -0.6301052570343018 204.18881225585938
-25.12337303161621 -10.079898834228516 91.91261291503906
9.991607666015625 10.0109224319458 67.37487030029297
28.278419494628906 6.208592891693115 192.76632690429688
-19.89815902709961 -5.379414081573486 167.2896728515625
13.625831604003906 -11.482715606689453 117.36951446533203
-2.2640771865844727 10.577423095703125 11.54159927368164
-4.982192039489746 7.539348125457764 118.03423309326172
21.432144165039062 -10.93348503112793 78.91270446777344
24.737977981567383 1.6384350061416626 15.691282272338867
-34.59421920776367 -7.946186065673828 121.22185516357422
20.62129783630371 -5.753320217132568 23.7561092376709
-30.771005630493164 4.024843692779541 206.6163787841797
-19.595129013061523 10.30738353729248 27.466726303100586
13.12460994720459 -1.9585117101669312 148.6953125
51.55425262451172 -4.053618907928467 147.4114532470703
10.897635459899902 5.50311803817749 106.42269134521484
-44.76077651977539 -8.626137733459473 112.55380249023438
-49.076019287109375 -6.361137866973877 112.96098327636719
16.078472137451172 3.672579765319824 162.20712280273438
44.28784942626953 0.3809889256954193 131.8780975341797
-0.20967277884483337 -10.111913681030273 131.9208526611328
16.4381160736084 -11.31886100769043 106.13286590576172
-11.89948558807373 13.207529067993164 26.349422454833984
-37.84417724609375 8.56089973449707 93.08671569824219
-15.437506675720215 4.399937629699707 131.91539001464844
63.36284637451172 -1.953436255455017 176.67906188964844
-21.029821395874023 -0.762448251247406 188.0232696533203
30.16331672668457 3.1397337913513184 195.21823120117188
8.227952003479004 -7.185454845428467 101.54258728027344
-23.456844329833984 -4.240823745727539 11.56660270690918
8.40619945526123 0.48798954486846924 166.53204345703125
6.698072910308838 -12.452873229980469 106.98471069335938
12.69727897644043 12.053510665893555 95.41417694091797
5.602158069610596 -7.408903121948242 172.25709533691406
9.278707504272461 -10.306032180786133 42.967193603515625
-10.114483833312988 7.368601322174072 105.91312408447266
17.23891258239746 7.391597747802734 74.18226623535156
-21.0386905670166 5.943897724151611 105.20099639892578
-32.54835510253906 -1.2473504543304443 84.81787109375
-25.312713623046875 3.8605246543884277 137.94375610351562
-20.08914566040039 -10.748297691345215 129.43524169921875
6.347398281097412 -10.689435005187988 46.869850158691406
21.398229598999023 -7.382251262664795 160.6991424560547
14.715253829956055 -3.2005114555358887 110.06668853759766
21.192140579223633 12.001849174499512 27.99575424194336
18.105587005615234 11.328360557556152 9.474863052368164
-22.46544075012207 9.624397277832031 22.99519157409668
-22.704591751098633 13.284016609191895 90.37769317626953
-46.04158401489258 6.0793023109436035 129.88851928710938
-28.815723419189453 -2.5482406616210938 161.72042846679688
-33.59100341796875 -9.946864128112793 112.73613739013672
-46.98612594604492 6.9774556159973145 112.32304382324219
8.539488792419434 2.108644723892212 196.2001190185547
4.801119804382324 16.251455307006836 23.66543960571289
-50.452484130859375 5.9087090492248535 125.52510833740234
4.477481842041016 9.629829406738281 16.769006729125977
29.37173080444336 3.712444305419922 181.32138061523438
-10.662162780761719 -11.890637397766113 102.83113098144531
4.618996620178223 3.2273242473602295 169.31463623046875
24.0042667388916 -1.8402937650680542 183.38392639160156
-22.963367462158203 -3.8154122829437256 24.77581024169922
3.1143743991851807 12.644064903259277 58.00003433227539
24.104095458984375 5.751735210418701 54.51019287109375
9.113162994384766 15.130875587463379 10.862163543701172
-15.198769569396973 4.863086700439453 162.2619171142578
-0.0010024786461144686 1.0041420459747314 91.57917785644531
7.230888366699219 -3.1519927978515625 210.22018432617188
-19.612224578857422 1.2969049215316772 64.63969421386719
45.32648468017578 6.037411689758301 133.5951690673828
-24.317358016967773 3.93817400932312 35.4978141784668
55.388641357421875 3.7452754974365234 163.32098388671875
-45.7818603515625 0.9421367645263672 104.57588195800781
-20.745195388793945 8.891061782836914 38.99515914916992
-35.108787536621094 2.9249441623687744 201.9553985595703
9.076314926147461 2.1705594062805176 177.24058532714844
-60.818180084228516 2.6123874187469482 130.3881378173828
24.68044090270996 5.967159748077393 193.0625762939453
-29.90521240234375 -0.24440021812915802 113.9775161743164
-16.15464973449707 7.7617058753967285 71.04161071777344
-25.81085968017578 2.71968150138855 15.129569053649902
34.7757453918457 -8.99306583404541 123.35733795166016
-18.945613861083984 1.3750816583633423 58.59736633300781
60.532161712646484 0.6914039254188538 175.2998046875
-21.684688568115234 0.5011681914329529 18.957944869995117
22.598695755004883 -2.4500536918640137 46.433353424072266
-29.899595260620117 -6.45979118347168 184.9514923095703
15.310912132263184 2.7868504524230957 14.207610130310059
23.2198486328125 6.9775824546813965 167.97901916503906
10.636993408203125 -9.059276580810547 30.00033187866211
9.485275268554688 -1.4799787998199463 186.22305297851562
32.81388854980469 0.15406891703605652 215.71519470214844
3.35595965385437 8.048285484313965 32.26464080810547
25.188310623168945 -0.5471555590629578 110.99101257324219
6.035105228424072 -6.794699668884277 181.34706115722656
-3.5024101734161377 12.09887409210205 50.785491943359375
12.463775634765625 6.790778160095215 52.89960861206055
-68.0531234741211 0.3045709729194641 147.2638702392578
-29.357688903808594 0.2568138539791107 81.94880676269531
23.6376953125 -6.350677490234375 158.2389373779297
-8.169859886169434 0.646307110786438 76.08670043945312
0.06893618404865265 -4.4386115074157715 207.93466186523438
31.01214599609375 11.500249862670898 123.32658386230469
46.81128692626953 3.242709159851074 134.45187377929688
7.4649834632873535 -5.4098076820373535 197.41961669921875
10.519757270812988 -3.908712863922119 100.01848602294922
19.167560577392578 1.2338659763336182 28.135726928710938
8.147284507751465 0.7748830318450928 218.36795043945312
23.320526123046875 0.7879341244697571 23.97528839111328
21.60576820373535 6.769903659820557 6.379245281219482
41.75156784057617 -8.083962440490723 132.31912231445312
38.747562408447266 -8.93636703491211 127.37346649169922
0.5196200013160706 7.907876491546631 109.37251281738281
20.555246353149414 8.284601211547852 45.71380615234375
16.724536895751953 -9.213141441345215 23.780601501464844
-36.594852447509766 -2.847382068634033 208.2955780029297
22.62854766845703 2.673597812652588 51.25840377807617
-49.29341125488281 3.23948335647583 109.73388671875
-16.403011322021484 -0.936458945274353 28.003828048706055
14.588570594787598 11.725761413574219 63.138511657714844
47.378135681152344 0.6977988481521606 134.63967895507812
-11.567272186279297 11.33926773071289 17.045194625854492
38.37177658081055 7.505728244781494 104.40757751464844
-0.7043869495391846 0.9660786986351013 201.92672729492188
53.33047103881836 -4.360038757324219 152.13565063476562
1.9823464155197144 -10.38241195678711 29.516788482666016
-23.315292358398438 0.7184122800827026 56.85169219970703
-25.796497344970703 1.6261886358261108 148.06381225585938
25.61037826538086 -1.0203300714492798 128.5769805908203
21.137462615966797 1.449729323387146 120.44532775878906
-43.562129974365234 -8.920422554016113 120.79479217529297
-63.52138137817383 4.668949604034424 138.79837036132812
-1.5255963802337646 -4.317811012268066 197.33509826660156
-46.84121322631836 -7.9489593505859375 119.78793334960938
46.38328170776367 5.457536697387695 139.02694702148438
13.638256072998047 8.433062553405762 134.5603485107422
5.927297115325928 -5.863166332244873 110.33279418945312
-25.705738067626953 6.539968967437744 179.41632080078125
31.481107711791992 -7.825706958770752 129.95217895507812
-25.733055114746094 4.345900058746338 162.83035278320312
-22.78076171875 1.4301010370254517 42.59907150268555
9.113293647766113 11.588950157165527 92.10945129394531
43.5875244140625 4.0084075927734375 125.67235565185547
-27.705318450927734 -4.09848165512085 118.33744812011719
-1.590869665145874 7.666810512542725 136.8536834716797
25.10048484802246 -5.5763115882873535 153.25985717773438
18.8521728515625 -9.532028198242188 49.11701202392578
22.185693740844727 -3.4881911277770996 5.746198654174805
23.772104263305664 0.09402875602245331 104.74202728271484
-0.08826631307601929 -10.849393844604492 118.77359771728516
-2.2717018127441406 0.3466777801513672 208.58985900878906
60.091583251953125 -4.607962131500244 166.589111328125
-10.748226165771484 -0.01934395544230938 111.75335693359375
-20.68681526184082 -4.060426712036133 175.71865844726562
6.948004245758057 -2.4222984313964844 155.9390869140625
-13.426485061645508 -3.500372886657715 154.80673217773438
63.77275848388672 -3.559433937072754 165.6800994873047
-54.0919303894043 -4.815967559814453 119.55990600585938
4.573601245880127 6.410719394683838 119.0610580444336
13.311559677124023 4.064976215362549 41.90564727783203
-1.6538009643554688 7.59304666519165 143.17955017089844
-26.51476287841797 -8.750929832458496 113.13218688964844
-33.13588333129883 -5.52105188369751 92.8296127319336
5.5459794998168945 6.38112735748291 176.3459930419922
30.96949577331543 1.5866326093673706 186.869140625
-29.728328704833984 11.369853973388672 93.40789031982422
-25.306522369384766 -1.0577101707458496 141.15982055664062
-1.5559290647506714 -5.340887069702148 174.78135681152344
-22.7192440032959 -5.478516578674316 3.88262939453125
2.163120746612549 -1.2323970794677734 68.15837097167969
16.413490295410156 13.552315711975098 40.20863723754883
8.224324226379395 16.112815856933594 17.995864868164062
-32.517250061035156 3.4470479488372803 194.21070861816406
-16.442352294921875 -5.0534772872924805 165.30892944335938
19.04296875 -4.576884746551514 143.82525634765625
-20.721927642822266 9.702142715454102 31.702604293823242
29.165441513061523 1.9831236600875854 170.8355712890625
-54.617218017578125 5.484884262084961 125.15662384033203
-27.78978729248047 -10.394248962402344 120.31259155273438
-13.309720993041992 -1.5867505073547363 34.509735107421875
-14.400277137756348 -2.4979050159454346 100.94058227539062
20.141454696655273 12.083139419555664 109.17286682128906
17.83266258239746 0.5507848858833313 55.279178619384766
-16.02614974975586 -6.412473201751709 143.6919403076172
30.11016845703125 12.4064359664917 98.55535125732422
7.631570339202881 6.322259902954102 159.04164123535156
41.90470886230469 -5.419869899749756 141.86099243164062
13.166301727294922 -7.181119918823242 139.51815795898438
-57.143131256103516 -4.450768947601318 144.18263244628906
-12.878732681274414 -6.869678020477295 138.5022735595703
26.167274475097656 -3.431081771850586 192.91236877441406
-33.920265197753906 4.818674087524414 90.83953857421875
-43.77214813232422 0.22503100335597992 99.10382843017578
18.887359619140625 3.300705671310425 112.2086181640625
-0.7046657204627991 11.853728294372559 87.27934265136719
5.743938446044922 -9.535290718078613 84.03529357910156
17.26481056213379 -4.335057258605957 104.80099487304688
-21.919923782348633 7.1018452644348145 50.86665725708008
7.035183906555176 0.3303833603858948 17.799911499023438
15.511822700500488 3.664693593978882 68.3589859008789
22.110729217529297 -5.660153388977051 29.500003814697266
-24.382190704345703 9.440279960632324 114.40281677246094
22.942880630493164 -1.836594820022583 97.97742462158203
22.206302642822266 2.4531188011169434 172.02708435058594
-17.65227508544922 -6.582605361938477 19.93709373474121
1.9662699699401855 -5.044824600219727 52.494178771972656
16.217151641845703 -8.09969711303711 147.3263702392578
46.971256256103516 -4.21391487121582 150.39508056640625
68.00978088378906 -1.472099781036377 173.1331024169922
58.3212890625 3.745629072189331 167.71778869628906
-16.0142822265625 -7.083220481872559 7.328436851501465
17.02783203125 7.660424709320068 148.84095764160156
-30.25467300415039 -4.132970333099365 84.00762176513672
26.37476921081543 -4.054131031036377 210.50387573242188
26.764142990112305 -9.047493934631348 127.47055053710938
-21.337024688720703 11.17770004272461 107.2923583984375
29.60805892944336 -3.454007387161255 124.25027465820312
22.345361709594727 10.985504150390625 116.70616149902344
-25.127477645874023 -0.924410343170166 27.735694885253906
-14.135398864746094 -0.029669852927327156 77.68089294433594
27.018178939819336 -7.176639080047607 73.46046447753906
-19.377180099487305 7.3475775718688965 64.63443756103516
-28.034107208251953 -4.204676151275635 168.84410095214844
-16.190364837646484 9.725837707519531 54.731231689453125
5.909526348114014 5.76336669921875 56.30947494506836
17.477079391479492 4.068692207336426 167.08973693847656
13.319086074829102 -4.32372522354126 104.90963745117188
-10.319412231445312 6.703544616699219 140.21900939941406
4.001833915710449 3.6395435333251953 213.27008056640625
13.77134895324707 9.004106521606445 14.607544898986816
-24.574731826782227 -0.17371894419193268 78.97019958496094
-59.326778411865234 -4.674642086029053 148.91574096679688
-54.98963928222656 2.838440179824829 133.6266326904297
-1.1996787786483765 -2.1060521602630615 60.38768768310547
26.628759384155273 11.856395721435547 121.18865966796875
-25.427602767944336 4.086907863616943 130.75802612304688
27.183483123779297 -4.666018962860107 205.21160888671875
35.55320358276367 2.827728748321533 130.95692443847656
22.921525955200195 -7.724429607391357 50.570716857910156
-58.89030075073242 -4.879981994628906 128.9629669189453
9.030980110168457 13.862345695495605 56.893150329589844
23.248350143432617 8.114047050476074 16.52632713317871
7.852068901062012 -6.711282253265381 183.85118103027344
14.820385932922363 14.943218231201172 19.818607330322266
-23.485681533813477 3.1369729042053223 73.42085266113281
-24.74847984313965 -5.512368679046631 78.94927978515625
1.503170132637024 -8.801630020141602 153.7815704345703
-3.949263095855713 -2.307983160018921 180.0616455078125
-61.459903717041016 -4.8378729820251465 141.18960571289062
24.319110870361328 6.428569793701172 160.75242614746094
1.684309720993042 -1.617470622062683 148.35440063476562
-5.934699535369873 3.503145217895508 9.106144905090332
-11.614204406738281 -10.152385711669922 92.64546203613281
-29.315433502197266 -0.18807484209537506 163.61195373535156
-22.668930053710938 -11.819897651672363 102.58349609375
-12.201797485351562 -11.230470657348633 56.950740814208984
-4.642330169677734 -10.362364768981934 33.29407501220703
32.128562927246094 6.245668411254883 105.57737731933594
-21.40910530090332 -4.003119945526123 62.14138412475586
4.149538040161133 -5.621628284454346 203.32196044921875
20.853599548339844 2.951113700866699 190.45762634277344
-49.511539459228516 -0.5489729046821594 106.21471405029297
-11.095341682434082 -3.64443039894104 16.720325469970703
33.732215881347656 1.028860330581665 141.04124450683594
58.1766242980957 -3.1559550762176514 155.92771911621094
-3.5231714248657227 5.969947814941406 157.74075317382812
5.388425350189209 -9.008819580078125 27.803049087524414
-12.966761589050293 5.3365373611450195 158.04640197753906
-48.67011260986328 -4.949137210845947 107.51487731933594
4.082114219665527 -12.17979621887207 124.85820770263672
39.475460052490234 6.685989856719971 140.49609375
16.041654586791992 -8.546456336975098 57.94654083251953
-11.991293907165527 8.493432998657227 145.3950958251953
-9.790204048156738 5.808656692504883 91.25090026855469
23.70024871826172 6.765300750732422 152.00601196289062
26.366580963134766 -5.578805446624756 207.5862274169922
-4.218967914581299 -7.290541648864746 81.92784118652344
22.104116439819336 11.275938034057617 98.83069610595703
-52.07124328613281 -0.8291083574295044 143.6223602294922
-17.137418746948242 8.688135147094727 92.97976684570312
-25.922399520874023 -2.4228034019470215 98.902587890625
20.736066818237305 -10.00875186920166 141.40919494628906
22.3167667388916 8.52294635772705 67.06192016601562
-65.36540222167969 -3.1239638328552246 141.35226440429688
-19.824304580688477 5.49981689453125 15.941853523254395
30.27296257019043 12.642962455749512 92.26985931396484
-7.019838809967041 -11.75549602508545 75.40730285644531
-12.825948715209961 -9.488715171813965 45.89409637451172
-30.151649475097656 -4.299801349639893 197.76318359375
38.44279861450195 -7.588771820068359 105.97914123535156
-60.273193359375 -0.25672826170921326 151.52792358398438
-33.68097686767578 5.646143913269043 109.39401245117188
-25.44965362548828 -0.8874502778053284 4.383025169372559
-13.238991737365723 3.225799560546875 29.79180335998535
-8.862473487854004 9.0321626663208 12.123815536499023
40.99820327758789 -6.579852104187012 119.92900848388672
7.569673538208008 5.393102645874023 91.00469207763672
-19.411535263061523 -7.258697986602783 157.6986541748047
-15.377388000488281 10.927993774414062 79.1954116821289
14.634965896606445 9.749273300170898 100.28754425048828
-37.993099212646484 -0.10787031799554825 200.3626251220703
2.5035974979400635 11.405734062194824 4.632096767425537
27.611562728881836 11.667893409729004 90.57976531982422
-3.9946374893188477 7.821202278137207 123.1012954711914
10.627960205078125 -3.1758673191070557 61.26484298706055
0.3379305899143219 -2.460433006286621 18.342327117919922
-10.833513259887695 -6.378934860229492 76.54420471191406
-1.4710992574691772 6.663127899169922 163.72764587402344
-17.780197143554688 -9.40959644317627 57.95672607421875
-61.27246856689453 1.7420158386230469 142.05223083496094
27.87044334411621 -3.4146273136138916 177.7063446044922
-20.579198837280273 12.858872413635254 97.19393157958984
25.938873291015625 -0.17294834554195404 48.07472610473633
-10.296934127807617 -0.4314199388027191 119.99507904052734
-36.959774017333984 6.765068054199219 97.28487396240234
30.048437118530273 -0.27711614966392517 150.72616577148438
-25.125490188598633 -7.34309196472168 135.91912841796875
40.19203186035156 7.102174758911133 113.30414581298828
-20.180904388427734 5.2749247550964355 149.01736450195312
-26.191251754760742 -1.200822114944458 76.8898696899414
7.7241106033325195 -3.2690141201019287 195.7129364013672
-11.439640045166016 -9.760045051574707 31.75290298461914
-14.184409141540527 -5.2522687911987305 159.05368041992188
34.828269958496094 3.1939804553985596 97.71663665771484
45.578697204589844 4.223341464996338 154.16226196289062
35.49728775024414 5.6582465171813965 144.43539428710938
4.480754375457764 5.362504482269287 11.777709007263184
-16.697284698486328 9.444945335388184 3.811750650405884
28.974475860595703 -11.220829963684082 96.37663269042969
2.968970775604248 -3.5974464416503906 220.89984130859375
14.806029319763184 14.462503433227539 27.68672752380371
10.928620338439941 -3.112215042114258 20.577781677246094
32.29449462890625 -1.2554948329925537 201.78599548339844
-36.13378143310547 -1.5880367755889893 104.42449951171875
-26.127479553222656 -6.358813762664795 173.38333129882812
17.224821090698242 -6.923144817352295 3.325651168823242
2.4495413303375244 -7.706845283508301 174.20188903808594
17.61604118347168 -11.979887962341309 123.34734344482422
-0.20246492326259613 5.008895397186279 64.74826049804688
-3.9416139125823975 0.17949000000953674 107.35591888427734
-56.02422332763672 0.6188406348228455 148.68775939941406
14.599916458129883 -9.353178977966309 28.66387367248535
-24.71486473083496 11.309453010559082 96.56587219238281
-29.532312393188477 -3.7377305030822754 107.4309310913086
17.884233474731445 5.280677795410156 162.31268310546875
40.07539749145508 -4.478570938110352 125.91035461425781
-24.630306243896484 -1.4344898462295532 197.59202575683594
-30.661603927612305 -6.109922885894775 103.07555389404297
-45.70998764038086 -1.031060814857483 133.25152587890625
-4.934580326080322 4.237135410308838 35.966251373291016
33.431461334228516 12.19304084777832 103.39920043945312
5.63413667678833 13.801185607910156 42.68666458129883
30.338197708129883 -2.3831610679626465 111.27591705322266
0.631099283695221 5.588403224945068 192.2696533203125
22.210773468017578 -0.3328193128108978 2.852717399597168
4.363001346588135 4.385316848754883 81.76068115234375
-8.858528137207031 10.103288650512695 5.080598831176758
-0.41608744859695435 -1.997580647468567 223.0092010498047
44.257102966308594 6.9962663650512695 142.50804138183594
30.486406326293945 -7.446788787841797 85.70191192626953
15.985570907592773 9.939623832702637 129.3461456298828
28.070531845092773 9.285017967224121 114.1099624633789
14.112966537475586 -1.9329431056976318 118.4011459350586
40.00193786621094 -0.7200871109962463 112.9745101928711
-11.468639373779297 2.340532064437866 45.24847412109375
23.274858474731445 10.814230918884277 79.70049285888672
-27.6147403717041 1.8782936334609985 105.09359741210938
31.24448013305664 -4.70704984664917 139.2746124267578
14.312437057495117 -1.075685739517212 133.60902404785156
6.418410301208496 8.65266227722168 110.49071502685547
-45.40285110473633 8.227192878723145 117.3182373046875
-21.532554626464844 8.074310302734375 7.625870704650879
6.692990303039551 -5.322099208831787 48.8327522277832
14.377707481384277 -10.324231147766113 94.63320922851562
2.6065282821655273 -7.01116943359375 179.16952514648438
-15.347745895385742 7.309436321258545 77.6805191040039
7.747898578643799 -10.364446640014648 34.41433334350586
23.343120574951172 -3.3291304111480713 206.7391357421875
-31.978864669799805 -5.129632472991943 187.28634643554688
-13.320958137512207 -3.310770273208618 82.30569458007812
-26.31354331970215 3.9597761631011963 193.452392578125
-13.366971015930176 -7.210374355316162 148.38478088378906
-34.36409378051758 10.372477531433105 92.95883178710938
-40.42287826538086 2.865325927734375 113.82978057861328
-17.430448532104492 -7.8532586097717285 43.82313919067383
-49.555580139160156 0.6260159611701965 127.59732818603516
-33.45673751831055 -5.094409942626953 206.7626495361328
-18.75689697265625 8.319770812988281 144.6478729248047
-5.592806816101074 3.4990129470825195 15.320403099060059
21.41614532470703 8.935141563415527 136.8538818359375
34.8392219543457 8.70425796508789 137.8916473388672
1.0542782545089722 -1.3365845680236816 226.9568634033203
2.677189350128174 -10.468271255493164 63.10893630981445
-61.13570022583008 -2.372607707977295 131.88934326171875
-65.52957153320312 -2.9806160926818848 143.91810607910156
-6.035567760467529 7.225689888000488 47.622314453125
22.624244689941406 10.409403800964355 73.71513366699219
-6.210720539093018 6.519378662109375 159.10064697265625
18.80097770690918 -10.748004913330078 99.683349609375
12.42665958404541 6.5504302978515625 34.84003448486328
36.35306930541992 -1.233125925064087 92.25942993164062
-8.815910339355469 -8.947432518005371 9.996862411499023
20.684852600097656 -0.17311881482601166 197.34361267089844
-25.258731842041016 6.156571865081787 182.55706787109375
27.014663696289062 8.447739601135254 142.59254455566406
-26.765485763549805 1.4660495519638062 200.36756896972656
10.95395278930664 12.118555068969727 76.13087463378906
-41.97847366333008 8.331670761108398 106.91743469238281
21.979272842407227 -3.507746696472168 113.41376495361328
-18.799243927001953 4.979377269744873 167.55072021484375
-21.184045791625977 -5.269031047821045 32.60416030883789
61.657859802246094 -0.8926628232002258 161.62046813964844
-12.934327125549316 -0.7874667048454285 138.22193908691406
12.525779724121094 -8.569506645202637 112.095947265625
49.24708557128906 0.325594425201416 159.68972778320312
12.566960334777832 -9.892496109008789 67.87751007080078
4.2745442390441895 4.707929611206055 219.9983367919922
-24.391693115234375 0.9488953948020935 167.12286376953125
-4.16063928604126 1.3905607461929321 140.0779571533203
-65.08849334716797 0.26408228278160095 137.18284606933594
18.230480194091797 -1.5378775596618652 175.00917053222656
17.0042724609375 -8.664294242858887 33.23283386230469
-0.4168570041656494 2.50166392326355 217.75051879882812
-40.07114791870117 -10.045042037963867 110.60741424560547
-31.346893310546875 -4.452399730682373 178.37667846679688
-14.878602981567383 -0.027419958263635635 123.52626037597656
54.901466369628906 -2.531663656234741 159.87364196777344
9.193058013916016 -9.631129264831543 18.178321838378906
-4.9257917404174805 -1.512136459350586 38.45005416870117
2.8065783977508545 -9.038585662841797 20.43720245361328
-15.666609764099121 6.196190357208252 106.9055404663086
-55.1945686340332 -2.9338037967681885 148.2927703857422
-23.717967987060547 -2.399744749069214 90.71956634521484
1.1897791624069214 -1.9544976949691772 9.943123817443848
1.4331036806106567 4.191784381866455 43.1179313659668
-1.299689531326294 -0.3624095320701599 113.4249038696289
4.906975269317627 11.328020095825195 63.332828521728516
-35.72517395019531 11.420258522033691 103.16361236572266
64.58270263671875 -3.8932743072509766 173.04603576660156
2.5304746627807617 8.430506706237793 158.71507263183594
-7.012765407562256 12.2584867477417 90.58399200439453
-40.63584899902344 -0.28698238730430603 127.93067169189453
3.831897735595703 2.458794593811035 158.5193634033203
-46.498558044433594 3.4456279277801514 131.99758911132812
-7.072439670562744 -9.252363204956055 44.2824592590332
-24.201005935668945 -6.603336334228516 157.72410583496094
-22.20469093322754 2.020826578140259 96.4542465209961
21.16564178466797 9.676823616027832 50.46415328979492
4.516602039337158 7.348348617553711 152.09457397460938
31.6304931640625 2.248096466064453 215.5462646484375
-3.4784743785858154 -0.2786314785480499 163.4917449951172
-15.20024299621582 0.2002432495355606 172.39089965820312
-6.967074394226074 9.448761940002441 98.42036437988281
-9.264726638793945 3.3564329147338867 20.193708419799805
-13.135207176208496 8.474808692932129 34.08274841308594
28.731386184692383 12.142144203186035 109.49212646484375
-9.082781791687012 6.630002975463867 156.79884338378906
-24.51475715637207 5.890405178070068 13.525884628295898
-7.796036243438721 -10.022515296936035 145.5821990966797
-33.17805099487305 -0.9004163146018982 183.65432739257812
-12.90381145477295 11.551644325256348 48.04975509643555
25.03706932067871 0.9768984913825989 30.176258087158203
4.342901706695557 8.967967987060547 69.47298431396484
-53.32804489135742 -7.995983123779297 131.03782653808594
10.915485382080078 3.165677785873413 2.5624403953552246
1.1529964208602905 -3.5640485286712646 213.74488830566406
43.4093132019043 -1.115181803703308 116.7789077758789
-27.318613052368164 -2.054598093032837 134.26364135742188
7.232483386993408 7.889477729797363 101.03845977783203
-56.77980041503906 -7.345688819885254 133.86314392089844
25.185726165771484 -7.701587200164795 61.82292175292969
7.86525297164917 -2.1234161853790283 175.6898651123047
9.44400405883789 -7.858017921447754 10.83785343170166
19.70050811767578 -0.8601804375648499 169.94647216796875
-2.348579168319702 -10.04328727722168 25.58348846435547
59.6430549621582 -4.8904032707214355 161.716796875
-16.914812088012695 -9.94916820526123 86.99590301513672
62.00246810913086 3.982835531234741 164.49484252929688
-26.04212760925293 1.5172979831695557 18.43631362915039
-5.232222080230713 9.396320343017578 105.12791442871094
24.779199600219727 -10.419337272644043 117.94731140136719
-2.474475383758545 10.711499214172363 56.59260940551758
3.2738232612609863 12.542872428894043 48.527801513671875
3.2689809799194336 8.244547843933105 128.5081024169922
-25.026077270507812 -4.8307576179504395 180.68800354003906
-46.14166259765625 -5.78324556350708 129.601318359375
-16.3100643157959 7.227887153625488 132.5489959716797
34.10383605957031 5.3633809089660645 88.34744262695312
-50.47132873535156 -4.622190952301025 140.5486297607422
22.140884399414062 -2.0032858848571777 200.81173706054688
41.4365119934082 7.942633628845215 124.60481262207031
3.4313604831695557 8.785914421081543 122.12860107421875
-24.00974464416504 0.002807909855619073 23.25017547607422
41.403324127197266 -0.12497719377279282 109.2060546875
19.813013076782227 5.23303747177124 158.61900329589844
25.991134643554688 -1.31045663356781 56.48571014404297
22.87434196472168 -11.829410552978516 100.4851303100586
25.202741622924805 3.6802191734313965 48.46238708496094
-22.95000648498535 -6.198951721191406 150.45883178710938
4.161030292510986 -10.801898956298828 76.13996887207031
20.696176528930664 9.896583557128906 39.60639953613281
-13.278401374816895 12.391247749328613 40.05946731567383
15.516763687133789 4.797240734100342 86.76776123046875
-32.2901725769043 -8.394346237182617 97.1188735961914
-4.260793209075928 1.403968334197998 180.02337646484375
-6.2634358406066895 8.494025230407715 111.42525482177734
-26.17737579345703 -0.2022118717432022 173.90171813964844
-12.52950668334961 -5.482854843139648 132.6066436767578
-21.21028709411621 -2.1419317722320557 71.25895690917969
-16.707828521728516 12.444807052612305 19.838287353515625
10.847628593444824 2.6973378658294678 47.431640625
5.731293678283691 4.067834854125977 185.9841766357422
-29.975942611694336 10.808353424072266 109.45792388916016
1.5090254545211792 5.636353969573975 171.71517944335938
-49.27206039428711 0.37876611948013306 138.32525634765625
-12.807600975036621 -8.71654987335205 6.43056583404541
13.797857284545898 -11.421671867370605 101.24111938476562
-17.830148696899414 -6.437347412109375 39.430580139160156
34.889854431152344 9.0823974609375 95.35041809082031
-65.57501220703125 -3.448265314102173 151.5477752685547
-5.013186931610107 4.822916507720947 89.27886962890625
-21.10629653930664 5.842679500579834 55.94563674926758
-1.1030633449554443 10.071246147155762 72.9924087524414
6.063493728637695 -8.73543930053711 154.90953063964844
30.858673095703125 -1.7299301624298096 183.63748168945312
-59.90153121948242 5.341708183288574 142.89920043945312
-14.572103500366211 12.209609031677246 9.852487564086914
2.436894655227661 -4.618437767028809 183.0569610595703
48.33656692504883 -3.4748456478118896 142.35995483398438
13.722152709960938 -5.571284770965576 82.31096649169922
4.467831134796143 1.8346542119979858 28.54664421081543
-3.838437557220459 -6.435634136199951 159.5769805908203
-2.203181743621826 8.730106353759766 21.077255249023438
-1.2011247873306274 4.559725761413574 197.07208251953125
-26.669252395629883 13.577515602111816 96.23832702636719
17.075916290283203 -9.802279472351074 73.64199829101562
0.727239191532135 2.735609769821167 223.31234741210938
23.910369873046875 -8.59887409210205 137.52549743652344
-7.926995754241943 2.316606283187866 160.39312744140625
24.829017639160156 5.97549295425415 26.349613189697266
37.040008544921875 -0.09707395732402802 147.64125061035156
53.74397659301758 1.875616431236267 150.6423797607422
-20.848846435546875 7.164238929748535 35.036415100097656
8.789552688598633 1.37601900100708 113.73196411132812
17.406118392944336 -2.1578218936920166 161.80589294433594
27.7155704498291 4.956278324127197 73.66758728027344
-7.600552558898926 -4.073063373565674 33.64118194580078
36.973148345947266 -9.878861427307129 130.26979064941406
17.694398880004883 2.9035685062408447 91.81449890136719
22.998184204101562 3.87776780128479 141.9579620361328
37.37867736816406 -1.117566466331482 138.69239807128906
12.01582145690918 -5.950669765472412 98.49220275878906
17.094369888305664 2.80212140083313 127.11457061767578
-16.03998374938965 -10.010990142822266 112.14498901367188
-19.15723419189453 5.147029876708984 162.3300018310547
-14.296744346618652 11.955090522766113 45.0449333190918
-12.78941822052002 -4.713889122009277 56.30471420288086
-10.015046119689941 -6.75890588760376 67.85645294189453
-22.972763061523438 0.4586982727050781 81.06703186035156
27.915599822998047 -2.1244349479675293 215.1498260498047
-23.4067440032959 6.277570724487305 35.926448822021484
-23.934263229370117 5.6514058113098145 22.24704933166504
22.562715530395508 8.054661750793457 31.482437133789062
-2.245593786239624 6.763621807098389 102.04798889160156
-7.997550964355469 3.844320774078369 83.26030731201172
38.330482482910156 -7.825326919555664 135.55039978027344
