-65.05517578125 -19.340490341186523 -34.777591705322266
-40.50259780883789 -73.0701904296875 -40.7404899597168
-52.30624771118164 59.67580795288086 -113.98388671875
-31.21580696105957 -80.0261001586914 -20.163679122924805
21.610580444335938 125.78762817382812 91.49665832519531
-58.202430725097656 111.74427032470703 79.24967956542969
79.88878631591797 10.272292137145996 -101.72349548339844
28.207538604736328 -51.2898063659668 43.4685173034668
23.766780853271484 -47.95504379272461 50.267616271972656
-79.98579406738281 -36.42180252075195 27.591400146484375
-88.10356140136719 -33.42488098144531 19.326934814453125
8.081775665283203 65.87159729003906 -55.02182388305664
-43.535152435302734 -72.09429168701172 -63.07612609863281
22.62362289428711 -80.00230407714844 0.5186415314674377
9.889641761779785 -49.73141860961914 52.88633346557617
-13.657605171203613 136.17987060546875 97.44064331054688
-51.62506103515625 24.729969024658203 28.664228439331055
27.0314884185791 69.48662567138672 -115.15524291992188
-61.657649993896484 21.106067657470703 -20.922489166259766
-87.02422332763672 -6.214499473571777 39.24870681762695
-28.643186569213867 59.30320739746094 -106.39904022216797
-70.47309875488281 20.833139419555664 -99.5478515625
14.262125968933105 -69.27355194091797 29.869457244873047
99.63397979736328 89.02588653564453 67.4271011352539
-8.054819107055664 70.10006713867188 -118.08741760253906
8.352079391479492 69.44441986083984 -113.75924682617188
32.70558166503906 22.75754165649414 53.3179817199707
-39.91465759277344 34.029518127441406 26.38420867919922
-44.04561233520508 -60.77280044555664 -30.38525390625
0.16390518844127655 17.89447593688965 58.12611389160156
67.22721099853516 -19.851165771484375 15.92768669128418
-64.0697021484375 -40.85906982421875 -1.0672703981399536
42.90512466430664 49.41550064086914 -24.841020584106445
67.06709289550781 10.148378372192383 -72.41960144042969
-17.03550910949707 49.43709182739258 39.22246170043945
-133.34616088867188 88.85437774658203 66.27761840820312
27.15975570678711 32.97789001464844 58.742027282714844
133.4306182861328 16.399951934814453 44.2623405456543
-99.04126739501953 -15.806435585021973 21.173311233520508
116.09119415283203 86.62970733642578 67.16265869140625
-34.90647506713867 40.084877014160156 31.33778953552246
-153.3684539794922 35.97519302368164 31.97728157043457
89.01097106933594 107.74435424804688 77.57655334472656
-24.76061248779297 66.38372802734375 -97.71605682373047
-79.32447814941406 -11.588723182678223 -59.0047492980957
-84.02394104003906 -20.660457611083984 -77.68748474121094
-132.5616455078125 63.83637237548828 40.848079681396484
-117.32154846191406 0.6778122186660767 -1.8964344263076782
-16.87087631225586 -78.91998291015625 -7.502501964569092
-77.74174499511719 -1.4085854291915894 -13.539039611816406
-129.368408203125 5.290828227996826 6.890066146850586
-70.94282531738281 0.6940774917602539 39.540077209472656
37.78652572631836 -14.960769653320312 63.56017303466797
-123.8551254272461 26.263601303100586 39.97991180419922
-60.365631103515625 -31.912580490112305 -28.683364868164062
-155.9933624267578 28.969036102294922 42.72871780395508
96.1198959350586 95.85047912597656 80.22291564941406
-106.96846008300781 91.95133209228516 77.12273406982422
22.224157333374023 -86.47871398925781 -71.8568344116211
-80.60530853271484 -29.409914016723633 -2.976500988006592
90.24300384521484 -0.6109007596969604 36.26490020751953
136.7134246826172 88.64369201660156 70.00428009033203
42.135494232177734 -59.30022430419922 13.82563304901123
-55.732608795166016 -48.42616271972656 -31.301118850708008
-24.769805908203125 -5.1481757164001465 65.9430923461914
-53.7059326171875 109.70535278320312 76.18970489501953
28.342742919921875 33.71111297607422 49.797237396240234
61.97459411621094 7.029850959777832 -11.054683685302734
-90.24397277832031 -24.108196258544922 25.263334274291992
-53.433189392089844 26.035619735717773 -46.6804313659668
-110.8050765991211 8.740737915039062 37.45063781738281
-37.47230911254883 -70.32167053222656 -11.356639862060547
-75.06652069091797 -18.657358169555664 -75.11566162109375
7.315176010131836 71.17987823486328 -99.496826171875
-7.200122833251953 65.5960693359375 -94.08226013183594
49.058326721191406 10.938798904418945 36.74396514892578
-38.53053665161133 52.58082580566406 -72.8235855102539
-109.13517761230469 96.20902252197266 66.9186019897461
40.6856689453125 48.941829681396484 0.20851898193359375
73.99021911621094 -24.424083709716797 37.053443908691406
-65.70783996582031 -45.89627456665039 -25.497716903686523
148.237548828125 19.73594093322754 24.241374969482422
82.07703399658203 -39.06772994995117 -81.39927673339844
-23.37876319885254 62.06256103515625 -84.77230072021484
144.3209991455078 54.7083740234375 61.84577941894531
-58.3036003112793 33.78748321533203 -45.738956451416016
107.53142547607422 83.96733093261719 72.24335479736328
14.349504470825195 -45.24770736694336 62.9083251953125
26.841367721557617 47.20226287841797 23.851591110229492
87.49275207519531 -18.454498291015625 -8.327686309814453
-23.58827781677246 65.31439208984375 -120.83272552490234
120.27913665771484 -19.263507843017578 21.764692306518555
-9.698310852050781 -81.42487335205078 -27.71204948425293
-57.771366119384766 -11.041563987731934 27.627050399780273
-44.27598190307617 48.03099822998047 -93.42819213867188
-58.7609977722168 13.597945213317871 34.82106018066406
-68.82777404785156 -56.991241455078125 -59.499568939208984
-70.14629364013672 13.665722846984863 -30.76999282836914
92.2734603881836 14.788901329040527 25.93511199951172
79.88101196289062 16.540884017944336 23.205686569213867
57.67967987060547 40.65430450439453 -94.5543212890625
-40.16583251953125 -83.78986358642578 -46.30118942260742
-45.046504974365234 6.889723300933838 44.4002799987793
125.11902618408203 14.283864974975586 20.310636520385742
123.79994201660156 -12.619080543518066 14.086153030395508
-22.02202796936035 49.604591369628906 39.30479049682617
-145.58346557617188 70.725341796875 52.76142501831055
-73.967041015625 101.38921356201172 73.48592376708984
52.71216583251953 -59.438560485839844 2.854140043258667
44.58832550048828 33.383636474609375 22.786935806274414
-58.3027229309082 8.929730415344238 9.530499458312988
-6.770225524902344 59.4329948425293 -38.51488494873047
6.987059593200684 59.27762222290039 -41.20738983154297
-14.973862648010254 35.22452926635742 45.538578033447266
-25.006832122802734 -32.9025764465332 66.1749038696289
-33.9439582824707 -41.8043327331543 45.92018127441406
-12.409214973449707 73.44743347167969 -120.85498046875
121.33553314208984 -14.305279731750488 34.440185546875
-73.38770294189453 -33.786434173583984 -55.605873107910156
11.597896575927734 49.46780014038086 27.142271041870117
-151.45059204101562 48.63418960571289 32.12262725830078
-96.89830780029297 93.79708862304688 81.14191436767578
-6.994373798370361 69.36686706542969 -103.20541381835938
8.360918998718262 71.39128875732422 -105.49304962158203
-33.0691032409668 -30.42498779296875 53.90599822998047
105.42644500732422 -20.14346694946289 10.935098648071289
-127.55632781982422 16.80534553527832 5.381626605987549
26.448352813720703 -22.831411361694336 61.48160171508789
10.205291748046875 -31.028276443481445 61.2688102722168
0.35632097721099854 -85.22651672363281 6.909989833831787
-60.193336486816406 -31.812612533569336 -12.762724876403809
29.333934783935547 60.28040313720703 -58.535518646240234
19.670303344726562 54.47057342529297 -31.951692581176758
26.310888290405273 -22.758346557617188 68.06307983398438
-122.94068908691406 32.07118225097656 44.42305374145508
-35.9086799621582 51.962852478027344 8.534727096557617
-85.58949279785156 -1.3118213415145874 -92.04671478271484
-108.22674560546875 89.2118911743164 62.54890441894531
-93.11640930175781 15.825410842895508 17.785804748535156
-23.210886001586914 -53.98080825805664 55.91642379760742
78.05726623535156 -30.00048828125 -0.4569006562232971
-51.068641662597656 -60.600955963134766 2.6416690349578857
-65.95337677001953 0.5972824692726135 -47.989593505859375
-8.223132133483887 -20.393693923950195 71.80069732666016
15.176668167114258 21.560136795043945 54.79751205444336
-80.11089324951172 -6.384147644042969 -80.63481140136719
40.35683822631836 -19.100522994995117 56.97663116455078
-52.139827728271484 -9.891916275024414 53.86579513549805
36.899818420410156 51.95317840576172 11.636972427368164
-82.02751159667969 7.565947532653809 30.75352668762207
-123.31151580810547 6.105950832366943 23.617795944213867
151.87982177734375 32.57807922363281 26.620336532592773
-78.6436996459961 13.667061805725098 -103.33760833740234
11.991602897644043 61.50380325317383 -52.841949462890625
9.557345390319824 58.15040588378906 -27.979354858398438
-5.153653621673584 55.35356140136719 -26.54684066772461
141.20358276367188 25.284523010253906 53.64830780029297
129.63279724121094 63.44123840332031 67.97348022460938
128.68133544921875 1.615802526473999 3.0189929008483887
-70.97974395751953 36.15396499633789 -106.023681640625
-71.67410278320312 7.210718154907227 -15.893638610839844
32.76426696777344 31.18115997314453 55.718505859375
73.46533966064453 -46.863372802734375 -76.51665496826172
64.64762115478516 -3.1477644443511963 -16.720844268798828
-79.20186614990234 -54.151729583740234 -82.04158020019531
8.740463256835938 16.731565475463867 66.65547180175781
15.551143646240234 66.4947280883789 -110.29192352294922
-77.84136962890625 -11.117144584655762 -17.577774047851562
-69.54109954833984 -10.95751667022705 -15.220015525817871
139.71031188964844 67.1185302734375 40.53203201293945
104.51407623291016 -12.270561218261719 39.449119567871094
114.9513168334961 96.42082214355469 62.56100082397461
-16.07436180114746 -65.91192626953125 36.06159591674805
-50.3031120300293 -39.68673324584961 49.92585372924805
55.80951690673828 22.604246139526367 16.83822250366211
-68.1365966796875 105.04232788085938 79.65922546386719
109.5011978149414 17.06778335571289 34.37325668334961
34.8291015625 -3.6645283699035645 63.30439758300781
-80.81755828857422 16.1201171875 7.830393314361572
107.86939239501953 99.56129455566406 74.11698150634766
69.69217681884766 37.0267219543457 -87.33519744873047
128.0459747314453 36.45528793334961 26.33945655822754
-54.78461837768555 -59.43071365356445 -24.811065673828125
49.27743148803711 35.94144058227539 -35.009761810302734
43.17555236816406 -64.05892181396484 -7.079006671905518
-13.672420501708984 135.56719970703125 97.31138610839844
130.42189025878906 19.792409896850586 48.998836517333984
-25.245019912719727 -82.32443237304688 -47.25559616088867
127.17554473876953 70.77825164794922 73.08897399902344
98.77558898925781 -13.755406379699707 -4.5737199783325195
-8.604771614074707 17.908456802368164 57.716976165771484
71.78840637207031 -7.814438819885254 -49.11302185058594
139.03553771972656 84.05059051513672 60.95587158203125
-32.40418243408203 45.3331184387207 13.853033065795898
70.423095703125 1.0229151248931885 -72.33894348144531
-63.149478912353516 -25.337261199951172 -24.519954681396484
-54.52947235107422 29.299942016601562 -34.779747009277344
-70.9094009399414 -20.774425506591797 -26.139516830444336
-66.93830108642578 5.113133430480957 -65.43304443359375
-98.53999328613281 -15.27260971069336 37.0741081237793
105.89997863769531 -9.226395606994629 2.9256036281585693
-77.61654663085938 -19.89805030822754 -61.9792594909668
142.70057678222656 10.701641082763672 16.804580688476562
35.25083541870117 -76.3743667602539 -42.23112869262695
-66.26766204833984 -22.777711868286133 -5.651278972625732
20.043724060058594 60.83597946166992 -76.08059692382812
-83.11634063720703 4.698521137237549 -92.1265640258789
44.73832321166992 55.90288162231445 -77.99058532714844
-24.522544860839844 48.76643753051758 -3.9206326007843018
39.519920349121094 60.307037353515625 -107.96275329589844
48.9027214050293 -35.63123321533203 46.25062942504883
-87.09137725830078 93.92223358154297 82.10580444335938
-53.52022933959961 107.45013427734375 80.13265991210938
-58.05022430419922 -42.28628158569336 36.774322509765625
128.60659790039062 49.44963073730469 54.5479736328125
22.46405792236328 61.4619140625 -89.042724609375
-110.8468246459961 -7.0177106857299805 17.55547523498535
-112.60509490966797 -18.25733757019043 30.69540023803711
18.446474075317383 129.90567016601562 93.94882202148438
153.66921997070312 24.386184692382812 33.9117317199707
-28.941789627075195 -70.9565658569336 6.738097190856934
-47.12643051147461 49.32402420043945 -83.93800354003906
-73.35671997070312 -43.55081558227539 -53.399234771728516
42.1651725769043 18.106861114501953 46.116981506347656
90.22412872314453 98.17134857177734 73.94813537597656
26.41714859008789 -82.48931121826172 -48.54366683959961
-147.9003448486328 22.463132858276367 39.580692291259766
44.49547576904297 -48.76000213623047 19.78488540649414
-51.68061828613281 53.01859664916992 -119.03276824951172
-115.71961212158203 91.14107513427734 80.75084686279297
-57.43370056152344 -67.00110626220703 -74.22020721435547
-71.15691375732422 5.95587158203125 -73.73778533935547
131.1759033203125 8.414044380187988 36.675559997558594
38.11997985839844 -79.63219451904297 -27.30196189880371
-47.40876770019531 37.65119552612305 22.128141403198242
-7.919642925262451 74.87725830078125 -100.67510223388672
1.6491702795028687 -55.21717071533203 59.495662689208984
49.41228103637695 41.706424713134766 -4.873124599456787
-23.874929428100586 17.021587371826172 63.912166595458984
87.52643585205078 -3.870053768157959 -89.52365112304688
147.51759338378906 34.71592330932617 50.99652862548828
23.943761825561523 40.507568359375 29.080041885375977
-73.4702377319336 30.621501922607422 -110.46155548095703
118.16568756103516 23.83640480041504 22.65496063232422
-50.21248245239258 -32.23075866699219 44.09159469604492
-20.38482093811035 -76.93125915527344 -19.350614547729492
27.46563720703125 -79.6582260131836 -57.922935485839844
-52.08805847167969 13.44970703125 51.5826416015625
141.17904663085938 -4.9368133544921875 20.44542121887207
-0.09879768639802933 47.477020263671875 28.31447410583496
121.23990631103516 25.089189529418945 42.96181106567383
70.7446517944336 33.347503662109375 -107.6762924194336
-69.91255950927734 -8.421661376953125 -27.79241180419922
-77.40718078613281 -36.198707580566406 15.399717330932617
-109.20366668701172 85.17150115966797 65.74546813964844
-54.749603271484375 -69.72576141357422 -67.41895294189453
21.557870864868164 57.73019790649414 -63.847259521484375
50.65427017211914 1.6330150365829468 38.916648864746094
21.819643020629883 -63.1350212097168 40.79965591430664
-81.63892364501953 98.60104370117188 75.95074462890625
-74.82384490966797 -54.029605865478516 -82.24349212646484
-2.466280698776245 -57.516441345214844 46.270904541015625
32.139564514160156 -76.03093719482422 1.8119454383850098
140.05963134765625 29.971778869628906 35.840240478515625
-50.54545211791992 -61.449554443359375 -39.15498733520508
78.72211456298828 106.68130493164062 78.536376953125
29.42055320739746 57.61793518066406 -72.4045639038086
-40.08369064331055 -57.18901824951172 43.804534912109375
-134.95703125 21.059009552001953 50.81040954589844
56.00822067260742 -61.76552963256836 -64.1844253540039
62.14872741699219 5.495924472808838 8.851456642150879
63.268619537353516 1.4467573165893555 -8.193629264831543
57.41189956665039 10.628643989562988 44.91286087036133
94.41329193115234 -28.196334838867188 4.196550369262695
32.93581771850586 -76.88716888427734 -7.797272682189941
62.55598068237305 45.73406982421875 -104.9561996459961
-110.47386932373047 -4.387114524841309 -3.4111742973327637
59.586204528808594 1.3421045541763306 23.620956420898438
60.980987548828125 7.216325283050537 -2.6178836822509766
16.906139373779297 -80.72480010986328 -46.331214904785156
-103.9892578125 -4.208922863006592 17.96295738220215
74.3381118774414 -16.98415184020996 -58.21333694458008
-101.33582305908203 9.111321449279785 30.952392578125
-141.3372802734375 14.810744285583496 36.688720703125
-130.5262451171875 35.470001220703125 45.847442626953125
-67.8415298461914 -56.99357604980469 -73.28295135498047
65.15496063232422 10.106608390808105 -22.355039596557617
66.6702880859375 -12.336386680603027 -28.94270133972168
-131.48345947265625 4.2322845458984375 44.21220779418945
2.292055606842041 30.576614379882812 57.18522262573242
-147.51266479492188 43.2152214050293 25.98445701599121
139.60011291503906 51.790287017822266 29.932886123657227
-50.839447021484375 40.507225036621094 -6.064682483673096
144.7091522216797 5.339054584503174 29.465221405029297
-81.0724105834961 -18.680118560791016 -9.700631141662598
-58.90526580810547 -48.55391311645508 13.391756057739258
41.86410903930664 -69.72782897949219 3.7541909217834473
-22.48704719543457 49.18587875366211 -30.28118896484375
-117.38265228271484 28.838075637817383 35.167022705078125
-20.19023895263672 127.46267700195312 92.66828918457031
-41.97870635986328 -73.05402374267578 -30.00330352783203
-16.74653434753418 62.52333068847656 -42.67771530151367
-156.08737182617188 53.32221603393555 52.518470764160156
22.178451538085938 5.969683647155762 67.09053802490234
3.1146793365478516 53.4505729675293 22.29730987548828
125.05427551269531 89.62275695800781 70.177734375
-18.386716842651367 -82.78298950195312 -37.21955871582031
14.158291816711426 -14.63052749633789 65.75883483886719
106.06903839111328 -2.355191230773926 6.571035385131836
-65.2921142578125 -45.25511169433594 -59.97464370727539
-132.98268127441406 51.98950958251953 48.8369255065918
-81.09512329101562 107.38751220703125 77.51827239990234
77.03582763671875 6.0264692306518555 -83.83280944824219
-10.238991737365723 57.95661163330078 0.9251905083656311
-12.476794242858887 49.49720001220703 24.003448486328125
38.17925262451172 46.36211013793945 19.44495964050293
-60.699073791503906 10.285988807678223 -14.262720108032227
56.9907341003418 -21.677080154418945 47.83710479736328
-74.87373352050781 -27.021961212158203 36.20627212524414
63.29262161254883 26.295654296875 -48.91401672363281
37.38076400756836 32.179500579833984 41.058998107910156
-92.51390838623047 -11.200668334960938 -7.895046234130859
9.349422454833984 65.58489227294922 -99.2668228149414
-13.725608825683594 73.66001892089844 -108.14744567871094
-132.19151306152344 74.64250183105469 52.0489501953125
38.548370361328125 31.378929138183594 24.88543701171875
9.290800094604492 41.638973236083984 53.664085388183594
48.760704040527344 106.45632934570312 84.11124420166016
-146.798583984375 35.85089111328125 54.500892639160156
-52.48525619506836 6.884206295013428 53.267189025878906
9.234518051147461 54.972984313964844 -52.70534896850586
80.62122344970703 -20.986059188842773 33.603424072265625
-30.39261245727539 54.41836166381836 -58.65780258178711
140.69232177734375 73.2598876953125 70.02934265136719
-30.96807098388672 118.86737823486328 87.68740844726562
72.33173370361328 -26.62120819091797 -11.84907054901123
109.1366958618164 98.91240692138672 65.14535522460938
-121.65914916992188 35.13357925415039 37.552730560302734
-28.6612548828125 23.30748176574707 60.50142288208008
62.83672332763672 -69.01033782958984 -68.7448959350586
-12.869229316711426 -94.20891571044922 -67.35115051269531
-14.748939514160156 -26.51341438293457 63.96780014038086
121.79957580566406 78.64478302001953 63.893592834472656
-140.23309326171875 54.88352584838867 32.91184616088867
-138.2670135498047 -7.994024276733398 19.647743225097656
-54.1815071105957 23.36075210571289 19.100204467773438
63.93327713012695 -3.670992851257324 -40.32329559326172
70.77083587646484 -5.243041515350342 -65.68135070800781
13.75839614868164 71.456298828125 -97.27482604980469
23.783702850341797 63.340980529785156 -99.21922302246094
26.640642166137695 -9.126726150512695 63.12090301513672
-146.33755493164062 34.740421295166016 42.58587646484375
99.46003723144531 -20.152999877929688 34.16347885131836
-70.1583480834961 -16.634136199951172 -59.12379837036133
-53.102928161621094 2.9886505603790283 41.513641357421875
-156.3527069091797 48.04413604736328 44.488468170166016
42.233394622802734 -7.4668402671813965 61.80351638793945
-34.352359771728516 -61.501556396484375 41.586448669433594
-140.83932495117188 11.936542510986328 9.933024406433105
-60.92301559448242 -71.57151794433594 -76.59442138671875
-31.80247688293457 -57.826717376708984 48.31085205078125
47.86930847167969 -54.94157028198242 21.08625602722168
-65.76263427734375 -35.21800994873047 -37.164703369140625
67.06413269042969 -38.22733688354492 -35.65766143798828
11.143739700317383 74.75238037109375 -107.52519989013672
98.27191925048828 -11.436736106872559 21.592803955078125
17.06652069091797 -82.22824096679688 -12.126033782958984
41.7258415222168 -68.9937973022461 -27.8309383392334
67.26318359375 23.410404205322266 -70.13619232177734
-29.1817684173584 46.17117691040039 38.379844665527344
-140.16500854492188 17.943103790283203 11.510778427124023
-104.0650634765625 85.6052474975586 69.93231964111328
-31.545515060424805 -71.82154083251953 -28.862316131591797
-4.4333109855651855 61.303428649902344 -6.331749439239502
-134.01885986328125 9.952139854431152 46.90629577636719
-21.618070602416992 -52.99473571777344 48.083499908447266
-11.252456665039062 -65.93675994873047 47.56745147705078
-30.16256332397461 67.95350646972656 -112.99050903320312
-102.07012939453125 -8.278831481933594 3.4951133728027344
-119.98358917236328 82.45740509033203 61.22663497924805
-138.9052276611328 69.93777465820312 63.47089385986328
134.18130493164062 52.43569564819336 43.02344512939453
-56.20815658569336 -32.621437072753906 31.261640548706055
-71.32220458984375 -49.456050872802734 -51.14189147949219
132.01376342773438 6.697734355926514 45.93601608276367
74.75460815429688 -30.154773712158203 -47.97600173950195
67.78693389892578 -15.222704887390137 27.95513343811035
-64.80646514892578 31.356311798095703 -101.94813537597656
10.91939926147461 65.86573791503906 -66.64497375488281
-112.6618423461914 21.1768741607666 25.65322494506836
-42.770477294921875 112.02090454101562 83.55569458007812
9.210894584655762 56.25935363769531 -63.86920928955078
-10.861909866333008 -78.65946197509766 20.07282257080078
69.43572235107422 -41.925758361816406 -65.02667236328125
-88.70462799072266 13.992266654968262 12.534635543823242
-115.06368255615234 -14.020261764526367 26.933605194091797
-128.2821044921875 -10.921196937561035 29.335338592529297
20.247909545898438 -73.69329833984375 -19.06669044494629
-128.4741973876953 39.071964263916016 30.278587341308594
114.01045227050781 7.362796306610107 2.8273727893829346
-142.8142852783203 6.60681676864624 20.07832145690918
12.91049861907959 55.61790466308594 -64.68498992919922
-36.99091720581055 45.03367233276367 -22.824235916137695
-42.191715240478516 43.98500061035156 -8.013477325439453
128.21055603027344 62.42193603515625 54.34803771972656
-27.88186264038086 121.86599731445312 89.55532836914062
30.727083206176758 -83.47928619384766 -67.65755462646484
49.143638610839844 41.07419204711914 -59.11458969116211
-61.30770492553711 -65.3536605834961 -79.95732116699219
-42.31413650512695 62.22797775268555 -119.53340148925781
132.15618896484375 72.72931671142578 71.45347595214844
10.011969566345215 57.274505615234375 -2.1977314949035645
-26.351064682006836 21.924314498901367 51.78310012817383
19.676307678222656 50.656097412109375 27.775203704833984
-77.21771240234375 16.003175735473633 23.03483772277832
70.59053802490234 14.764891624450684 -18.666725158691406
-121.3467788696289 21.637516021728516 10.550543785095215
-137.5980224609375 0.44184648990631104 31.89684295654297
-69.21322631835938 14.709888458251953 -22.3088321685791
57.15025329589844 45.489036560058594 -81.43330383300781
-9.088159561157227 63.12258529663086 -67.60591125488281
7.399217128753662 59.69839859008789 -63.31172180175781
-127.76819610595703 55.95600891113281 57.04924392700195
26.30013656616211 48.723785400390625 14.160787582397461
89.18233489990234 -17.718006134033203 37.63187026977539
50.477027893066406 18.382720947265625 44.627281188964844
-64.35824584960938 -36.7126579284668 -50.25336837768555
-63.784629821777344 -2.239189624786377 18.453821182250977
37.64799499511719 -60.322593688964844 40.38209915161133
-75.14273071289062 -30.831018447875977 -70.35993957519531
52.962989807128906 -7.642789840698242 51.73207092285156
38.023773193359375 -60.937347412109375 7.906572341918945
-114.14895629882812 -13.689648628234863 36.64107894897461
-57.15763473510742 47.91197967529297 -98.58952331542969
26.62253761291504 -73.30866241455078 -10.905158996582031
129.5491943359375 84.21391296386719 54.4066162109375
91.17996978759766 16.7322940826416 10.361392974853516
5.411942481994629 -91.0001449584961 -66.9312973022461
36.85222625732422 48.028629302978516 -64.42664337158203
-134.07705688476562 88.45169067382812 57.891178131103516
21.31914710998535 71.3183364868164 -104.94322204589844
-66.39362335205078 9.624401092529297 -60.15938949584961
28.456464767456055 64.33504486083984 -120.10060119628906
41.47428894042969 45.851585388183594 -47.29572296142578
-16.456890106201172 -67.94087982177734 15.909711837768555
57.53352355957031 37.575531005859375 -53.14165496826172
56.69701385498047 -41.55638122558594 41.14663314819336
58.947208404541016 15.171113014221191 31.270708084106445
-21.572397232055664 -70.78616333007812 22.598709106445312
-68.28218841552734 -36.70768737792969 25.039146423339844
-33.37718200683594 30.89224624633789 50.0017204284668
-41.906089782714844 24.85979652404785 44.723663330078125
48.824378967285156 52.50180435180664 -103.94418334960938
50.54334259033203 50.88006591796875 -74.13575744628906
-7.714780807495117 38.124515533447266 56.25946807861328
50.79654312133789 -70.9391860961914 -39.394779205322266
25.603824615478516 -89.21394348144531 -67.19489288330078
-38.3043327331543 11.102032661437988 56.743408203125
71.43871307373047 14.339876174926758 -56.406280517578125
31.959897994995117 -50.54475784301758 48.68839645385742
-25.645864486694336 49.47696304321289 8.080747604370117
-8.735797882080078 70.3316650390625 -124.78458404541016
5.974714756011963 72.95865631103516 -128.4563751220703
76.443359375 96.51358032226562 79.48382568359375
71.74655151367188 20.96480369567871 -89.05599212646484
-25.62786293029785 42.36540222167969 46.05540084838867
106.68252563476562 91.80840301513672 67.2815170288086
-21.532766342163086 55.79231643676758 12.788826942443848
-55.35660934448242 23.524900436401367 8.254363059997559
66.61304473876953 8.906105995178223 -38.0140266418457
-83.6441421508789 -25.414113998413086 -83.75906372070312
44.61482620239258 -71.843017578125 -48.12653350830078
44.09506607055664 48.26478958129883 -78.10368347167969
61.63343811035156 23.575611114501953 -39.41383743286133
-64.04938507080078 -58.682926177978516 -81.59125518798828
62.495941162109375 27.876144409179688 -24.73919105529785
-38.495670318603516 61.23422622680664 -84.67174530029297
47.00941848754883 21.640594482421875 29.680692672729492
73.291015625 7.132745742797852 -6.768354415893555
-47.83657455444336 -18.167261123657227 50.241512298583984
-50.25664520263672 -53.331336975097656 -20.345157623291016
-53.18624496459961 -10.560914993286133 39.12143325805664
-93.75390625 15.950152397155762 26.26361083984375
-74.23570251464844 -5.270933628082275 -43.04110336303711
77.0194091796875 100.10965728759766 74.21517944335938
75.1308364868164 23.56071662902832 -103.32588195800781
95.93058013916016 99.07688903808594 68.45206451416016
36.384246826171875 58.63081359863281 -91.35963439941406
33.45771026611328 51.738059997558594 -40.87983703613281
46.83134460449219 51.36526870727539 -62.190391540527344
-81.10025787353516 -23.007299423217773 31.875329971313477
6.420591831207275 2.923877239227295 61.46236801147461
-148.81829833984375 13.366229057312012 31.454437255859375
-93.39744567871094 3.3462531566619873 26.711345672607422
-36.99317169189453 59.349853515625 -96.84963989257812
-42.636131286621094 -58.97071075439453 3.7732999324798584
-0.8908164501190186 -76.10899353027344 16.487733840942383
-7.612411975860596 -76.45186614990234 29.658138275146484
63.8164176940918 -69.55384063720703 -71.66166687011719
2.518036127090454 15.206010818481445 63.723304748535156
44.12248229980469 46.84727478027344 -90.99561309814453
-80.06253051757812 -6.81210470199585 15.384478569030762
6.7226152420043945 -68.2353515625 46.0567626953125
55.1977424621582 -75.4713363647461 -71.65607452392578
-31.86343002319336 -91.41353607177734 -64.95072174072266
-79.82179260253906 15.058351516723633 -87.72047424316406
-44.02916717529297 49.78533935546875 -39.51570129394531
-45.11176681518555 105.8827133178711 83.15254974365234
72.70896911621094 15.194058418273926 9.727165222167969
-43.830810546875 -34.68268966674805 55.26545715332031
-120.0665283203125 -7.185157775878906 2.3032655715942383
70.68595123291016 -34.65835189819336 -75.10986328125
-78.40640258789062 -32.09007263183594 -87.89097595214844
-26.04464340209961 62.185340881347656 -71.47135925292969
89.25228118896484 -0.5945905447006226 -4.69397497177124
-108.25765991210938 -2.0301733016967773 23.679601669311523
-120.73238372802734 87.75779724121094 72.66376495361328
-65.3880615234375 16.969114303588867 -43.74519729614258
-36.290103912353516 42.070682525634766 -30.99033546447754
-37.943180084228516 -67.11490631103516 -33.636077880859375
-29.43198585510254 -72.75504302978516 -34.74504470825195
109.43287658691406 6.013707637786865 38.83700942993164
-111.097900390625 91.27606201171875 61.273014068603516
77.54788208007812 -33.47487258911133 -85.90958404541016
138.40866088867188 82.61893463134766 68.84323120117188
32.13608169555664 -77.88643646240234 -22.241315841674805
20.357563018798828 59.934112548828125 -47.352317810058594
50.429229736328125 42.20439147949219 -71.18722534179688
-125.97418975830078 93.4655532836914 60.467220306396484
62.86338424682617 -44.16871643066406 -6.539626121520996
-34.13944625854492 -60.881568908691406 22.085695266723633
89.02193450927734 4.823520660400391 7.119787216186523
17.649694442749023 51.9333610534668 5.886059761047363
82.7403793334961 -3.6738343238830566 -95.69438171386719
67.51034545898438 -16.25910758972168 -49.42586898803711
-57.4706916809082 48.4103889465332 -115.0326919555664
63.4148063659668 -50.385772705078125 -32.43632888793945
-45.43505096435547 -5.1423258781433105 48.342445373535156
-54.33369827270508 -37.48759078979492 15.91347885131836
-124.75791931152344 65.63670349121094 60.150794982910156
73.29156494140625 -9.714730262756348 13.072366714477539
55.693904876708984 34.260807037353516 -18.54183578491211
56.827327728271484 32.744728088378906 -10.828446388244629
-55.849796295166016 49.491939544677734 -88.61971282958984
124.04436492919922 30.827848434448242 37.234779357910156
14.613018035888672 9.929844856262207 68.59738159179688
-80.09133911132812 9.138813018798828 16.421852111816406
0.28612539172172546 1.7616636753082275 69.511474609375
45.969581604003906 -0.26703572273254395 51.60132598876953
55.79006576538086 -59.69330978393555 -9.302200317382812
80.44506072998047 -32.260555267333984 30.003843307495117
-148.43577575683594 65.98817443847656 43.077484130859375
61.078575134277344 20.518367767333984 -10.037185668945312
-61.354251861572266 25.47494125366211 -59.01231384277344
29.94883918762207 -70.35037994384766 13.892964363098145
17.64051628112793 -24.367328643798828 69.72126007080078
32.226898193359375 -74.74903869628906 -33.419342041015625
12.568686485290527 62.29642868041992 -75.67621612548828
-71.9646987915039 6.066781997680664 -28.44874382019043
-37.508766174316406 -61.638519287109375 33.203880310058594
-64.31112670898438 6.515052795410156 -30.316612243652344
67.07071685791016 -60.972347259521484 -78.31571960449219
59.01730728149414 13.245742797851562 42.196109771728516
-117.15084838867188 96.74725341796875 75.5450439453125
137.6895294189453 75.65941619873047 49.92550277709961
50.698646545410156 -46.791866302490234 41.43962097167969
112.79338073730469 -19.026588439941406 27.533817291259766
137.510498046875 40.14834976196289 23.034770965576172
17.09058380126953 40.74892807006836 45.82778549194336
41.1143798828125 -38.51579284667969 43.88168716430664
23.253210067749023 -31.425397872924805 66.6205062866211
-49.076358795166016 -50.39921188354492 15.726240158081055
36.197750091552734 39.49726867675781 40.283878326416016
122.58622741699219 -2.2105679512023926 39.83966827392578
-36.414825439453125 -74.31319427490234 -1.9997104406356812
53.13501739501953 53.561744689941406 -117.70101928710938
-21.1779727935791 -75.18844604492188 -32.4721794128418
-40.64686584472656 45.66495895385742 -28.54910659790039
-61.641109466552734 24.2929744720459 -7.395584583282471
108.55009460449219 -16.778348922729492 1.6747311353683472
-67.28540802001953 -65.09329986572266 -77.42241668701172
-9.0089750289917 9.355267524719238 63.8883171081543
30.577234268188477 -59.38479232788086 35.64380645751953
-74.91548156738281 9.008715629577637 -85.82606506347656
84.7867431640625 100.35124969482422 69.50728607177734
-75.82660675048828 3.2718868255615234 -92.31802368164062
-11.64205551147461 59.972103118896484 -87.5113296508789
-9.307454109191895 53.34741973876953 7.970522880554199
71.96041107177734 15.222616195678711 -96.58845520019531
-55.54344940185547 38.39200210571289 -69.48194122314453
-100.406005859375 18.738758087158203 16.77705955505371
-139.847900390625 66.60836029052734 41.3089599609375
130.2276611328125 43.79106903076172 33.868228912353516
64.86346435546875 -59.01142501831055 -60.40618896484375
-51.61153793334961 -26.578853607177734 53.713680267333984
39.659507751464844 43.50419235229492 -23.41690444946289
41.63978958129883 40.67262268066406 -6.120982646942139
12.657998085021973 53.84807586669922 14.249524116516113
52.987022399902344 110.956787109375 81.99259948730469
69.03623962402344 -48.57880401611328 -36.49860382080078
-77.30520629882812 -28.713932037353516 -94.59862518310547
-66.59774017333984 -16.15416717529297 39.15998840332031
49.521305084228516 108.01227569580078 78.89839172363281
3.8870208263397217 -82.90448760986328 -42.020870208740234
36.281917572021484 -61.52930450439453 29.276504516601562
55.25749206542969 -48.41511917114258 17.416946411132812
-60.21089172363281 10.900818824768066 2.2993664741516113
30.73395538330078 118.6740493774414 87.69756317138672
67.61166381835938 -21.46668243408203 -2.4913532733917236
-52.406681060791016 33.02332305908203 -19.85001564025879
-53.10469055175781 29.95705795288086 -8.982998847961426
79.51904296875 -13.242424011230469 -13.638673782348633
-27.652374267578125 66.92887115478516 -89.68804931640625
148.3131561279297 57.1474609375 36.0604362487793
77.21903991699219 -26.44457244873047 -69.11731719970703
-75.22042846679688 -38.866634368896484 4.081441879272461
42.61037063598633 -77.43592071533203 -36.23345947265625
113.56827545166016 -15.697038650512695 7.732137680053711
13.869153022766113 0.5796542763710022 66.33773803710938
64.3686752319336 19.489063262939453 -26.84284210205078
-135.67027282714844 -12.143574714660645 23.833396911621094
25.391637802124023 13.02947998046875 65.01931762695312
2.802713394165039 52.413673400878906 1.171951174736023
30.260725021362305 51.91468048095703 -24.911787033081055
-144.9052734375 69.81385040283203 44.209503173828125
-6.4027581214904785 46.901126861572266 46.21851348876953
-112.7117691040039 22.128707885742188 13.946539878845215
-30.543872833251953 -16.222116470336914 59.83238983154297
120.83164978027344 19.260150909423828 44.7706184387207
55.57794952392578 23.51418685913086 -20.075538635253906
53.92078399658203 25.535417556762695 -11.948278427124023
-53.61455535888672 58.842716217041016 -118.4378433227539
-73.07147216796875 1.8080681562423706 -55.74237823486328
73.28101348876953 19.07476234436035 -82.1373291015625
-23.7185115814209 -87.87838745117188 -72.6881332397461
144.8314971923828 11.37801742553711 42.16691589355469
69.0098876953125 -42.47211837768555 -22.563196182250977
-14.674055099487305 -84.80653381347656 -17.875919342041016
66.7385025024414 26.54327392578125 -39.62999725341797
32.163612365722656 39.87969207763672 29.803030014038086
-81.5692367553711 5.186130046844482 -80.18212127685547
59.3276252746582 -36.76213836669922 3.9083433151245117
0.41221150755882263 -72.96602630615234 35.99421691894531
-44.064395904541016 57.58467102050781 -108.0931396484375
43.0294189453125 60.402252197265625 -119.4534683227539
-52.024356842041016 61.63840103149414 -118.80120086669922
-120.51697540283203 0.45875921845436096 35.6669921875
-66.6144790649414 -23.247241973876953 13.556722640991211
-30.421653747558594 54.8999137878418 -1.2647815942764282
59.92228698730469 -38.45394515991211 36.957252502441406
56.27155303955078 23.26322364807129 38.7479362487793
-6.201989650726318 -78.28962707519531 -17.49395179748535
-143.40863037109375 41.781883239746094 25.61237144470215
0.5467513799667358 -81.04563903808594 -12.056662559509277
-11.089430809020996 -43.761138916015625 54.45235061645508
96.54666137695312 5.68729305267334 17.89591407775879
-89.42160034179688 -32.720985412597656 12.913885116577148
25.572242736816406 41.54869842529297 40.013092041015625
80.12519073486328 -35.580421447753906 28.891263961791992
83.04154205322266 -33.82973861694336 25.015663146972656
-37.04553985595703 -89.7967529296875 -71.89667510986328
61.3204345703125 -33.0213623046875 14.41761302947998
-58.92188262939453 45.66562271118164 -84.95121002197266
53.200931549072266 -37.81014633178711 21.253406524658203
-55.834739685058594 41.5659294128418 -103.89724731445312
5.9918718338012695 43.557281494140625 41.48982620239258
-97.0392074584961 0.6900430917739868 -7.07282829284668
36.51194763183594 117.7122573852539 86.1264419555664
-146.2583770751953 57.85225296020508 33.894649505615234
-90.77916717529297 13.751696586608887 28.813621520996094
62.640079498291016 -47.202938079833984 5.8704962730407715
127.27558898925781 82.27487182617188 76.12098693847656
62.02560043334961 43.045902252197266 -113.69012451171875
61.94282150268555 -63.008907318115234 -76.64178466796875
73.05815124511719 3.3520896434783936 33.72335433959961
74.68095397949219 -47.32520294189453 -84.94882202148438
-67.450927734375 -8.705300331115723 -42.37215805053711
-72.6585464477539 25.67363929748535 -93.67431640625
65.29856872558594 31.857826232910156 -77.71218872070312
84.61479187011719 -35.89996337890625 14.197908401489258
105.2564697265625 93.9288330078125 82.03193664550781
67.53005981445312 8.584312438964844 -56.55009841918945
94.12257385253906 -15.443456649780273 32.484642028808594
-79.62528991699219 34.50368881225586 -111.62903594970703
32.551170349121094 46.848819732666016 33.215660095214844
-49.276458740234375 -60.410823822021484 -13.178102493286133
42.82011032104492 38.566810607910156 8.566059112548828
79.87837219238281 30.79745864868164 -106.41938018798828
-130.163330078125 54.984527587890625 63.639923095703125
-101.72956848144531 103.94805145263672 75.5361099243164
100.73584747314453 2.605834722518921 -5.103846549987793
-42.347564697265625 -82.43367004394531 -69.4845199584961
-12.688336372375488 -38.578060150146484 60.66340255737305
10.347918510437012 50.0272331237793 41.715614318847656
-19.27297019958496 -87.87730407714844 -65.44841003417969
80.02142333984375 -7.487067222595215 -61.85165023803711
-49.20301818847656 9.127745628356934 55.393714904785156
-41.76516342163086 -45.10273742675781 47.796932220458984
-6.335999488830566 64.54206848144531 -89.002197265625
7.106247901916504 66.86921691894531 -79.48222351074219
86.33245086669922 105.31159973144531 72.3494644165039
52.943572998046875 -42.009765625 30.546772003173828
63.50019454956055 -47.53774642944336 -48.32754898071289
136.96414184570312 40.384437561035156 57.515625
62.5020637512207 -27.000951766967773 -17.408218383789062
53.656124114990234 32.19316864013672 0.06623512506484985
40.756446838378906 35.87931823730469 -0.7928542494773865
-127.77239990234375 -0.22980011999607086 43.25651550292969
31.164880752563477 52.22385025024414 20.404773712158203
-97.38589477539062 -24.39051628112793 7.54343843460083
40.95088577270508 -82.62993621826172 -49.9102668762207
0.924490749835968 56.1962890625 11.695682525634766
83.10316467285156 -14.34706974029541 -83.97834777832031
142.49639892578125 70.4315185546875 60.04194641113281
73.65141296386719 -19.252777099609375 -28.02850341796875
51.73667907714844 52.64836120605469 -88.87818145751953
-109.12816619873047 -14.258041381835938 -0.5895651578903198
22.26761245727539 67.82177734375 -86.19635009765625
118.02653503417969 98.0598373413086 64.67518615722656
8.197081565856934 8.073471069335938 70.3455581665039
54.74958038330078 -67.79774475097656 -73.29143524169922
39.068111419677734 11.176427841186523 59.315433502197266
-75.30707550048828 -44.62023162841797 -80.17621612548828
-54.81414794921875 -45.403343200683594 1.5599583387374878
-2.990454912185669 -86.3725357055664 -7.164259433746338
-42.07988357543945 33.08325958251953 9.508261680603027
-147.39547729492188 20.9761905670166 19.297258377075195
-30.522462844848633 -54.762107849121094 38.41075897216797
-53.37805938720703 -65.93070220947266 -51.43223190307617
-103.90343475341797 -25.302095413208008 20.531694412231445
-54.628395080566406 22.55577278137207 -5.4657745361328125
-99.85404968261719 101.79902648925781 69.2284927368164
-16.698270797729492 39.7751350402832 38.50321578979492
-148.84275817871094 14.602460861206055 23.368791580200195
112.44325256347656 89.35505676269531 80.23760223388672
28.437055587768555 -70.50948333740234 2.2715206146240234
106.4554672241211 -25.135330200195312 21.294086456298828
46.55371856689453 -61.21062088012695 -39.35435104370117
-98.8354721069336 91.58757781982422 66.70609283447266
147.94631958007812 42.598209381103516 30.411115646362305
-121.02976989746094 -11.549271583557129 14.707904815673828
39.70442199707031 54.49301528930664 -61.11161422729492
-70.72805786132812 -37.93723678588867 -75.35572814941406
14.93569564819336 70.61316680908203 -124.17666625976562
-30.834266662597656 -45.379302978515625 49.24667739868164
12.94580078125 -89.53974914550781 -41.83315658569336
-29.358383178710938 56.01847457885742 -89.4469223022461
52.883033752441406 28.56353759765625 -52.45490264892578
68.51535034179688 20.50619125366211 -39.52684783935547
23.57355499267578 -54.94504928588867 52.30696105957031
79.08570098876953 -10.184124946594238 39.85158157348633
64.6732406616211 -8.317920684814453 43.44377517700195
-90.66779327392578 99.08440399169922 76.8583984375
69.1376953125 104.93859100341797 73.36363220214844
-111.41294860839844 10.757526397705078 7.555939674377441
-89.7524185180664 -20.99393653869629 37.089111328125
85.85701751708984 3.109330177307129 -91.66808319091797
26.567760467529297 50.3759765625 -56.60581588745117
-46.99475860595703 -70.58357238769531 -22.615705490112305
73.5683364868164 -40.50621795654297 11.964776992797852
27.28960609436035 56.09961700439453 7.981398582458496
91.57147979736328 -28.85411262512207 20.593679428100586
119.46131134033203 -8.394076347351074 24.692012786865234
11.055765151977539 74.75028991699219 -116.78582763671875
-7.411315441131592 75.43743133544922 -115.85962677001953
-26.35386085510254 -68.33821868896484 39.30828857421875
-67.80826568603516 -27.22655487060547 -56.758480072021484
-139.92050170898438 62.456844329833984 37.150150299072266
148.92483520507812 61.91043472290039 44.19256591796875
-87.85374450683594 2.9938368797302246 -101.49113464355469
35.3142204284668 -23.534255981445312 63.946231842041016
115.57122802734375 -4.92661714553833 2.0015716552734375
-80.71542358398438 -35.823936462402344 3.3230743408203125
18.241670608520508 49.78221130371094 -8.381111145019531
21.073888778686523 49.8382682800293 -23.83320426940918
-20.458894729614258 7.068131446838379 66.01738739013672
30.778486251831055 0.5603926181793213 57.8050422668457
-102.41949462890625 -20.289363861083984 31.723554611206055
18.882726669311523 -53.89028549194336 55.69108200073242
-8.558239936828613 -78.3171615600586 5.315758228302002
-69.1240005493164 2.049452543258667 -68.39482116699219
76.18267822265625 0.6872926950454712 -61.30154037475586
133.312744140625 49.61433792114258 62.84012985229492
11.878363609313965 -34.96302795410156 69.54093933105469
-81.84662628173828 -11.460590362548828 1.363988995552063
82.79864501953125 16.236400604248047 15.4574613571167
79.5401840209961 98.8433837890625 82.9534683227539
41.823368072509766 112.14410400390625 84.33786010742188
-40.87631607055664 -63.63127517700195 -22.716184616088867
119.96774291992188 18.260547637939453 7.615517616271973
9.180403709411621 -88.63890075683594 -58.20193099975586
-32.94753646850586 -84.40436553955078 -66.8951644897461
17.936838150024414 -36.42453384399414 60.80204772949219
13.231287956237793 -73.87773895263672 12.47469425201416
34.94346618652344 38.589195251464844 20.062143325805664
47.48461151123047 -74.35587310791016 -76.6272964477539
130.2451171875 -10.251431465148926 32.792808532714844
43.656089782714844 -75.2135238647461 -31.122880935668945
-4.6674275398254395 59.986488342285156 14.307087898254395
11.474285125732422 -75.43441772460938 -3.0033645629882812
156.55972290039062 52.541282653808594 51.30454635620117
-70.6727066040039 1.8104103803634644 29.48073387145996
19.813343048095703 10.406172752380371 59.28687286376953
130.48904418945312 34.6811408996582 50.87929153442383
-101.93915557861328 6.592771530151367 6.614398002624512
-127.87660217285156 66.5086669921875 70.4198989868164
-133.50466918945312 76.86521911621094 69.64801025390625
50.86427307128906 39.394813537597656 8.567261695861816
52.551185607910156 47.70148468017578 -116.33775329589844
76.65038299560547 -8.768221855163574 -75.28865814208984
74.38883209228516 -35.29096603393555 18.017019271850586
-6.714884281158447 -89.315673828125 -47.22899627685547
42.40484619140625 38.829036712646484 30.713394165039062
-26.25246810913086 35.2418212890625 55.687618255615234
69.47369384765625 26.06464195251465 -60.173580169677734
-136.8194580078125 59.045501708984375 65.91332244873047
-32.3802490234375 -29.603553771972656 61.91012954711914
124.85247802734375 32.645877838134766 47.715553283691406
-10.367317199707031 64.26531219482422 -79.77703857421875
-71.22337341308594 11.328885078430176 -6.025485038757324
-3.1018807888031006 26.64386558532715 65.87386322021484
-25.440818786621094 43.97692108154297 30.680051803588867
62.01234436035156 105.17576599121094 79.99075317382812
18.37821388244629 -84.0146484375 -66.01691436767578
31.40164566040039 50.62101364135742 -1.9488303661346436
28.436643600463867 54.70089340209961 -87.2806625366211
42.41754913330078 49.40123748779297 -92.54479217529297
-9.082263946533203 -9.813633918762207 61.759769439697266
10.39490795135498 -82.1279296875 2.642314910888672
-25.23075294494629 122.21979522705078 89.5699691772461
71.29035186767578 -4.970397472381592 -1.4157843589782715
133.22727966308594 16.905851364135742 7.289642333984375
-9.388833999633789 59.9927864074707 -53.857757568359375
5.573684215545654 57.718597412109375 -52.55516815185547
-119.65367889404297 -7.87315559387207 35.90208053588867
-71.25369262695312 19.530071258544922 -76.47692108154297
-104.7380142211914 -5.500245571136475 36.78224182128906
39.047752380371094 113.82781982421875 87.78072357177734
50.29893493652344 42.152652740478516 -19.73297691345215
51.188350677490234 41.79877853393555 -9.777198791503906
-147.4215850830078 31.860286712646484 20.826608657836914
-65.93102264404297 38.2110595703125 -95.75186157226562
-132.74179077148438 -1.4492309093475342 37.95400619506836
-66.05867004394531 17.59194564819336 -13.219897270202637
-78.24345397949219 10.837379455566406 -7.277284622192383
20.929048538208008 -45.053897857666016 52.78993225097656
19.303224563598633 24.516855239868164 61.1717643737793
10.538472175598145 66.25 -87.26831817626953
67.82525634765625 -26.96920394897461 -46.89303970336914
54.34883499145508 -43.83591079711914 11.821216583251953
-97.82762908935547 -26.637834548950195 27.770544052124023
16.37961196899414 -80.00553894042969 -28.36089324951172
-44.18896484375 41.11690139770508 -48.44820022583008
-27.7377872467041 -90.00960540771484 -71.52481079101562
-85.11863708496094 -11.587519645690918 32.65591049194336
57.335655212402344 31.998796463012695 -61.72882080078125
121.5451431274414 12.792790412902832 38.9095344543457
59.66355895996094 -34.68763732910156 -8.976723670959473
149.3746337890625 65.4679183959961 59.18871307373047
-103.04334259033203 16.329998016357422 30.278413772583008
-116.5479736328125 25.733163833618164 33.317543029785156
140.58111572265625 5.019802570343018 40.7913932800293
134.85887145996094 26.98597526550293 17.481718063354492
-11.598494529724121 70.33390808105469 -92.90257263183594
73.18455505371094 -4.527243614196777 -19.30423355102539
-109.94921875 6.626911163330078 -2.7862279415130615
27.310354232788086 -62.559566497802734 21.833084106445312
-73.42001342773438 21.746288299560547 -109.5116195678711
50.469966888427734 -14.804478645324707 44.94380187988281
-71.9085922241211 11.592570304870605 -94.66743469238281
-29.877201080322266 52.46402359008789 -38.02587890625
-73.45356750488281 1.8983864784240723 -64.69416046142578
25.518192291259766 -88.42874908447266 -58.26508712768555
-4.374155044555664 -10.422041893005371 69.49288940429688
-71.76152801513672 12.263023376464844 1.6753807067871094
-81.85604095458984 -19.48631477355957 -90.62230682373047
58.359107971191406 -39.85615158081055 -18.541107177734375
-74.23543548583984 -42.579673767089844 -88.13883972167969
-82.62074279785156 7.223821640014648 -7.607972621917725
113.1570816040039 -12.669829368591309 37.915496826171875
74.9168930053711 31.035497665405273 -90.97550964355469
20.499454498291016 45.8593635559082 35.466773986816406
-63.195838928222656 -47.80879592895508 -44.020957946777344
105.53675079345703 15.304536819458008 21.64173126220703
34.57858657836914 -40.478721618652344 55.2050895690918
49.00385284423828 33.71154022216797 -19.345136642456055
48.129974365234375 33.39598846435547 -7.9310808181762695
-60.736629486083984 36.63623809814453 -87.9632568359375
-77.39672088623047 -27.601226806640625 -94.7882308959961
43.1683464050293 18.041683197021484 57.927547454833984
142.14605712890625 12.415655136108398 33.20756912231445
-63.86353302001953 15.568770408630371 14.096030235290527
84.00804138183594 -16.39139175415039 -94.8205337524414
-18.21011734008789 26.686683654785156 57.59855270385742
-140.21438598632812 -5.92745304107666 12.973323822021484
117.23279571533203 99.01480865478516 73.459716796875
83.06578826904297 -11.914156913757324 -65.5193862915039
-38.22673797607422 42.75226593017578 16.215396881103516
-65.0736312866211 -36.2891731262207 -20.326171875
-52.51739501953125 12.023863792419434 28.713777542114258
136.43316650390625 -4.369329452514648 31.975812911987305
-66.9453353881836 -4.218419075012207 -2.6530511379241943
129.5895538330078 12.558293342590332 3.7519166469573975
-38.78488540649414 43.96440505981445 0.020088380202651024
-43.00474548339844 21.186796188354492 36.40999221801758
-5.731559753417969 -73.19917297363281 41.375953674316406
-91.69644165039062 -11.361635208129883 -97.06366729736328
59.70687484741211 -0.11380016058683395 37.84413528442383
27.589447021484375 -71.46686553955078 -25.51961326599121
-1.0415691137313843 51.82890319824219 33.53192138671875
67.16189575195312 -15.815886497497559 39.79509353637695
156.01702880859375 43.32093811035156 43.837162017822266
144.32833862304688 21.62118911743164 46.163883209228516
74.46640014648438 -33.682430267333984 28.61626434326172
21.4955997467041 -82.24507141113281 -62.12067413330078
-72.01573944091797 -21.89274024963379 -17.115676879882812
71.95098876953125 14.454668045043945 28.63603401184082
-19.81087303161621 -73.54521942138672 -26.49101448059082
39.869407653808594 -77.96063995361328 -62.189395904541016
-41.55344772338867 -4.471557140350342 56.684207916259766
88.29143524169922 -19.799503326416016 5.996005535125732
39.151222229003906 30.981704711914062 33.08332061767578
-42.12339782714844 53.67878341674805 -112.98049926757812
-83.50995635986328 -4.54075288772583 -96.91930389404297
62.65833282470703 -39.32554244995117 23.71830177307129
56.37580108642578 -65.63874816894531 -49.239593505859375
-49.91290283203125 54.279876708984375 -94.53570556640625
10.745290756225586 75.75616455078125 -124.67723083496094
14.854166030883789 60.5306510925293 -25.037519454956055
144.4341583251953 46.04939651489258 44.87047576904297
3.7065443992614746 -29.5203857421875 66.57868194580078
-135.2713623046875 45.35879898071289 62.00776672363281
-70.23286437988281 -22.84099769592285 -46.44393539428711
-133.6655731201172 27.595046997070312 19.80962371826172
33.518192291259766 44.6142463684082 -29.61663818359375
-57.40720748901367 106.27976989746094 85.48931884765625
-21.610366821289062 73.16525268554688 -121.40411376953125
-144.57177734375 52.73765182495117 59.06447982788086
-124.37419891357422 14.467475891113281 40.411949157714844
30.92160415649414 -50.55792999267578 58.46632385253906
66.5150375366211 -32.54063415527344 -27.20290756225586
-19.974103927612305 -19.763504028320312 65.71480560302734
-30.29411506652832 -72.45503234863281 17.73530387878418
-105.65955352783203 -8.871642112731934 27.17656898498535
-7.369106292724609 -90.8353042602539 -71.46334075927734
76.94816589355469 2.950288772583008 -102.66194152832031
-147.58859252929688 57.518394470214844 41.5344123840332
41.509422302246094 -86.6884536743164 -62.72573471069336
12.26418685913086 -20.373287200927734 71.18290710449219
-90.10649871826172 4.871650218963623 0.12456387281417847
83.9140853881836 -34.28452682495117 6.032085418701172
-116.66883850097656 12.163416862487793 0.15336111187934875
-13.130295753479004 56.39940643310547 -28.47714614868164
40.48257064819336 41.26608657836914 -56.08863067626953
-72.08094787597656 -8.914016723632812 -61.97517395019531
-41.6738395690918 60.17512893676758 -77.42923736572266
-49.21943664550781 15.362195014953613 55.020957946777344
76.09163665771484 -8.801300048828125 -34.12569046020508
-15.618996620178223 64.43305206298828 -103.15788269042969
52.83818817138672 -59.24598693847656 -53.14645004272461
42.070648193359375 -48.44094467163086 38.03590774536133
74.80889892578125 9.782925605773926 -70.84712219238281
-70.5887222290039 22.71688461303711 -63.171958923339844
11.18171215057373 52.984615325927734 34.66987228393555
-75.79329681396484 -1.3395028114318848 -47.24939727783203
-30.312349319458008 -40.13490676879883 60.631343841552734
-76.12626647949219 -46.8051872253418 -70.45697021484375
-29.250333786010742 54.2120246887207 -24.203765869140625
-22.156375885009766 55.547706604003906 -5.41910982131958
-35.34758758544922 -47.08892822265625 56.84983444213867
-14.876448631286621 134.47073364257812 96.5630111694336
-82.390380859375 -13.204564094543457 -73.64022827148438
64.47817993164062 31.538917541503906 -104.37716674804688
108.02589416503906 -3.685417413711548 35.01872253417969
-79.36676788330078 9.243019104003906 1.5460067987442017
-25.938064575195312 57.68790817260742 -0.08817631751298904
80.3462142944336 -6.226894378662109 24.64091682434082
105.17440795898438 -15.588278770446777 36.65435028076172
49.22580337524414 29.994403839111328 34.23464584350586
-16.81491470336914 61.29925537109375 -57.43147277832031
-22.655794143676758 4.395573616027832 58.96791076660156
-10.223284721374512 22.875171661376953 65.58953857421875
-46.19400405883789 -62.45759963989258 16.041465759277344
138.82278442382812 -8.631219863891602 13.99056339263916
58.18101119995117 -23.787107467651367 32.87905502319336
-15.999770164489746 53.944252014160156 -44.92021942138672
64.13639831542969 -29.76409339904785 36.97010803222656
49.94160079956055 -53.90720748901367 28.909025192260742
-47.22015380859375 -48.10200500488281 31.348957061767578
81.26702880859375 -25.72322654724121 -92.58746337890625
-39.68501663208008 -69.0263442993164 9.306208610534668
18.802764892578125 -75.92900848388672 -34.87141418457031
-39.36258316040039 -80.8973159790039 -57.857688903808594
20.875715255737305 35.47553253173828 53.878746032714844
21.467370986938477 64.57646942138672 -124.73348236083984
124.09941101074219 -12.741848945617676 34.951393127441406
-46.868797302246094 47.514503479003906 -102.66065979003906
-21.92992401123047 51.368934631347656 -24.385107040405273
-8.774351119995117 55.07286834716797 -6.489359378814697
-10.084052085876465 -85.8136978149414 -14.36153507232666
-96.8531723022461 87.9084701538086 73.87300109863281
31.298940658569336 43.54851150512695 5.904757976531982
32.281585693359375 -63.72135543823242 42.42442321777344
-64.7802734375 29.03105354309082 -73.74457550048828
0.04373115673661232 -84.81044006347656 -25.806978225708008
64.88687133789062 -27.678787231445312 -40.06928253173828
73.81537628173828 21.908281326293945 -111.22892761230469
-55.87289047241211 111.05000305175781 82.35076141357422
-19.757036209106445 55.21940612792969 -70.33863067626953
-43.19862747192383 66.98843383789062 -114.9351577758789
133.63278198242188 4.6331000328063965 11.363849639892578
78.93977355957031 10.155506134033203 24.431367874145508
102.63452911376953 -4.907109260559082 40.86434555053711
-134.6189422607422 -8.79184627532959 11.30077838897705
21.428634643554688 57.36635971069336 10.126446723937988
25.951696395874023 54.93879699707031 -51.84457778930664
89.333251953125 -23.796903610229492 33.963077545166016
-51.186988830566406 33.773067474365234 4.427999973297119
51.530921936035156 -49.84266662597656 3.756432056427002
-71.0486068725586 -59.63223648071289 -80.07093048095703
54.52735900878906 -54.8193473815918 -27.114198684692383
101.94486236572266 14.95324420928955 5.877521514892578
-38.23651885986328 -74.03457641601562 -55.31924057006836
35.2734260559082 10.834110260009766 52.68898010253906
