10.38796615600586 90.84481811523438 -49.65327453613281
-12.34038257598877 61.943824768066406 -12.95753288269043
4.113996982574463 4.737429141998291 5.440471172332764
15.622377395629883 32.597877502441406 42.460880279541016
11.464421272277832 69.89945983886719 -27.433704376220703
1.4989606142044067 65.10740661621094 -31.473039627075195
9.406797409057617 -6.214780807495117 22.347856521606445
10.4583101272583 12.199703216552734 33.30135726928711
12.559859275817871 48.132041931152344 -21.198944091796875
15.341695785522461 86.14612579345703 -22.354555130004883
9.815786361694336 58.82814407348633 -33.43830108642578
-1.862626075744629 91.12970733642578 3.0570387840270996
8.941925048828125 94.20800018310547 -61.14409255981445
4.415231704711914 87.19062042236328 1.466753602027893
0.2274317592382431 109.07747650146484 -46.70399856567383
-4.335278511047363 37.60612487792969 -35.73222351074219
13.619706153869629 28.469749450683594 40.34491729736328
5.485994815826416 12.8770112991333 41.82859802246094
6.719827175140381 42.73478698730469 -43.644832611083984
-5.064154148101807 95.10504913330078 -65.08869171142578
-8.525735855102539 58.986942291259766 -16.70688247680664
0.3599066138267517 107.7507553100586 -49.383087158203125
0.046447232365608215 49.38999557495117 -31.525724411010742
3.959864377975464 104.59712982177734 -30.550378799438477
-5.895594596862793 94.30291748046875 -74.33059692382812
9.103983879089355 52.99877166748047 -76.7147445678711
1.2596532106399536 46.763771057128906 -26.623960494995117
1.2200217247009277 50.7812385559082 -4.128047466278076
-3.4791746139526367 -1.1352529525756836 25.17647933959961
5.180505752563477 101.87541961669922 -19.025175094604492
8.258922576904297 -7.6548614501953125 27.23015785217285
-3.870849370956421 79.1294174194336 -36.04774856567383
-1.8692548274993896 75.60737609863281 -27.982677459716797
-6.00104284286499 92.41943359375 -82.1760025024414
-8.185263633728027 11.760714530944824 34.20586013793945
-3.2010109424591064 57.66781234741211 -5.172348976135254
-11.128111839294434 52.85767364501953 -6.048583507537842
5.163920879364014 10.726759910583496 37.96615219116211
14.47335147857666 15.200042724609375 43.14633560180664
9.18026065826416 40.30994415283203 -8.497811317443848
-7.863768100738525 15.979236602783203 44.52793502807617
13.525146484375 61.29243469238281 -25.922252655029297
-7.156033039093018 58.383087158203125 2.22564959526062
14.560892105102539 53.553192138671875 -22.817991256713867
-13.526884078979492 74.37879943847656 -23.088642120361328
-5.193843841552734 -9.673229217529297 3.601808786392212
11.079142570495605 53.106849670410156 -58.36721420288086
10.197996139526367 95.51509857177734 -53.96002960205078
8.717238426208496 45.216156005859375 -18.50872802734375
-2.6001367568969727 42.801002502441406 2.6222901344299316
5.008474826812744 93.53351593017578 -31.74030113220215
-7.765792369842529 -10.037215232849121 7.450711727142334
-6.710951805114746 88.74774932861328 -17.54256248474121
7.616268634796143 11.328995704650879 41.5446891784668
-1.2252686023712158 81.56314086914062 -14.649526596069336
-10.063145637512207 48.371070861816406 -87.55117797851562
-16.858537673950195 60.42569351196289 -19.90937042236328
-1.225311517715454 92.71553039550781 -27.330142974853516
-4.435246467590332 76.53102111816406 -32.352542877197266
-6.337774276733398 66.39463806152344 1.3412425518035889
5.849589824676514 81.53948211669922 -39.44809341430664
3.416546583175659 79.27519989013672 -38.28214645385742
3.1458451747894287 17.599422454833984 -6.7843804359436035
7.745224952697754 39.6063117980957 -41.031585693359375
-4.7310919761657715 93.12503814697266 -5.2344160079956055
5.926527976989746 -9.903961181640625 8.635969161987305
14.338428497314453 87.50975036621094 -27.325244903564453
-2.214848518371582 58.6589241027832 -11.875351905822754
-5.3241353034973145 102.39717864990234 -25.833524703979492
8.63337230682373 30.034852981567383 45.00606918334961
-6.151869773864746 92.11490631103516 -78.41917419433594
-9.488789558410645 1.5361078977584839 25.03843116760254
1.7840474843978882 70.26195526123047 -42.08906555175781
-3.72236704826355 43.63438415527344 -38.02570343017578
7.845536231994629 89.35880279541016 -89.20320892333984
1.8380043506622314 61.17970657348633 2.933274269104004
4.650716781616211 32.867576599121094 -34.3817253112793
-7.861093997955322 96.28504943847656 -74.0531997680664
11.886213302612305 52.31296920776367 -57.99810791015625
7.412509441375732 20.510848999023438 42.43059539794922
1.609822154045105 -7.121238708496094 12.707740783691406
-15.668099403381348 69.40351867675781 -16.076499938964844
2.764233350753784 -10.208362579345703 1.3065850734710693
6.930548191070557 -1.9273558855056763 0.987115740776062
3.464658498764038 91.85823059082031 -46.727230072021484
3.957242250442505 57.59492111206055 -35.88740158081055
-8.465697288513184 49.32785415649414 -88.0721435546875
-4.308594226837158 88.70616149902344 -34.952659606933594
16.62688446044922 54.98070526123047 -16.02682113647461
4.627002716064453 87.43373107910156 -93.24617004394531
-2.9154210090637207 83.78968811035156 -96.30625915527344
4.52355432510376 85.71542358398438 -37.24045181274414
-12.858000755310059 28.708887100219727 40.398826599121094
3.6828086376190186 75.42491149902344 -33.01279830932617
-11.817729949951172 32.07466125488281 44.6999626159668
-6.277201175689697 98.14278411865234 -73.02092742919922
2.9911015033721924 62.58332061767578 5.8610358238220215
8.163521766662598 33.7936897277832 -13.27767276763916
-4.395915508270264 -2.54318904876709 -3.0338211059570312
-2.555445909500122 38.7723503112793 -40.825260162353516
7.744840145111084 81.21479034423828 -15.641971588134766
6.490579605102539 48.446136474609375 -10.227672576904297
-6.421721935272217 29.03370475769043 -14.591246604919434
6.008739471435547 97.95823669433594 -79.9563980102539
-5.308661460876465 47.230224609375 -25.078134536743164
-5.559531211853027 97.13549041748047 -63.74580764770508
-4.28506326675415 43.222808837890625 -2.4999399185180664
-16.65622901916504 63.8364372253418 -18.688074111938477
5.872725963592529 94.17583465576172 -80.24842834472656
-11.456198692321777 49.08028030395508 -66.80264282226562
-2.066425323486328 96.48004913330078 -49.141845703125
2.881639242172241 96.03518676757812 -51.26152420043945
3.3809139728546143 39.55376434326172 -18.923059463500977
10.76549243927002 51.27473449707031 -78.00406646728516
-7.173765182495117 37.217071533203125 -29.406082153320312
-13.450980186462402 59.46699523925781 -11.54859447479248
5.010633945465088 94.59638214111328 -64.630126953125
6.6701250076293945 63.535919189453125 -10.014400482177734
1.443524956703186 49.06509017944336 -20.698183059692383
3.0941109657287598 84.2260971069336 3.1659138202667236
12.299391746520996 89.21735382080078 -38.82500076293945
1.2689629793167114 30.64998435974121 -9.976397514343262
4.264172554016113 26.398115158081055 -2.7383432388305664
4.884505748748779 45.03507614135742 -33.04564666748047
7.643057823181152 31.012020111083984 -16.597991943359375
6.80178689956665 96.32931518554688 -78.83965301513672
1.1225738525390625 103.2990493774414 -35.32817840576172
1.5885859727859497 106.94808197021484 -36.647796630859375
12.981023788452148 -5.872566223144531 22.080577850341797
12.108373641967773 -7.707216262817383 16.69243049621582
-14.516976356506348 6.461690425872803 15.757773399353027
-7.157651424407959 81.54821014404297 -97.46504974365234
-4.926756381988525 79.95967864990234 -97.49117279052734
14.981611251831055 50.23572540283203 42.51735305786133
12.460724830627441 65.0417251586914 -8.321473121643066
11.062599182128906 48.62520980834961 -86.11345672607422
-6.3908843994140625 60.940486907958984 -8.481416702270508
-12.367505073547363 73.44881439208984 -17.763328552246094
10.7871675491333 78.79664611816406 -22.695220947265625
-5.416018009185791 54.249637603759766 0.9243677854537964
-4.177026748657227 103.48635864257812 -35.169898986816406
4.779078483581543 85.86834716796875 -0.13514186441898346
4.528543472290039 62.81166458129883 -38.45730972290039
-6.268489360809326 8.608198165893555 39.29647445678711
16.271493911743164 93.34394836425781 -19.17898178100586
5.074806213378906 91.76513671875 -90.71837615966797
5.029753684997559 23.161277770996094 -9.759072303771973
-7.903770446777344 82.5181655883789 -9.250494956970215
4.666543483734131 81.6931381225586 -96.9674301147461
6.804515361785889 71.20398712158203 -2.286827325820923
-9.183570861816406 89.15145111083984 -40.937294006347656
-12.39126205444336 15.570284843444824 45.51184844970703
-7.32570219039917 50.44685363769531 -3.6061575412750244
5.222964763641357 6.552525520324707 34.339168548583984
-0.82487553358078 86.68418884277344 -40.185035705566406
3.2439053058624268 86.22295379638672 -41.753204345703125
-5.3039069175720215 82.87989807128906 -96.22000885009766
5.69312047958374 78.18236541748047 -27.4737548828125
9.341341018676758 89.99483489990234 -26.43539810180664
-14.206487655639648 59.08332824707031 -13.661396026611328
-2.6191320419311523 74.31427764892578 -8.84987735748291
1.4800392389297485 57.87649154663086 -27.485118865966797
10.607759475708008 4.404063701629639 35.56362533569336
7.89561128616333 85.47110748291016 -10.050980567932129
-3.0330183506011963 68.31192779541016 -1.8682724237442017
6.314526557922363 39.147029876708984 -36.04351806640625
11.984976768493652 89.44881439208984 -42.61766815185547
-5.9333176612854 86.52268981933594 -95.77149200439453
8.790830612182617 62.95429992675781 -30.29051399230957
11.926732063293457 51.02166748046875 -58.011837005615234
-7.102303981781006 68.15107727050781 -32.162654876708984
9.035883903503418 -8.582768440246582 9.139461517333984
9.977788925170898 99.42937469482422 -9.667290687561035
9.559674263000488 51.45411682128906 -27.053030014038086
6.640679836273193 96.7562484741211 -81.8768081665039
-4.0109663009643555 90.09640502929688 -0.335717111825943
4.419974327087402 85.8743896484375 -46.384788513183594
-13.375812530517578 10.90739917755127 31.936193466186523
-15.646018981933594 60.45064163208008 34.45635986328125
5.130996227264404 -7.893712997436523 19.584339141845703
2.6457295417785645 46.90021896362305 3.386195182800293
1.405268907546997 32.22307205200195 -31.277856826782227
6.008908271789551 88.7193374633789 -90.81226348876953
14.007955551147461 61.967979431152344 -9.650883674621582
-3.2810816764831543 16.804080963134766 -3.764225482940674
14.287847518920898 53.233646392822266 41.3946418762207
-5.716571807861328 -1.4186656475067139 31.75019645690918
-11.097677230834961 39.39336395263672 45.828369140625
2.4338254928588867 63.8099479675293 -2.329848051071167
8.98592472076416 40.77122116088867 -30.935176849365234
-4.836188793182373 29.43443489074707 -3.078192949295044
-7.7158355712890625 95.74696350097656 -9.346368789672852
-4.522242069244385 61.314598083496094 -39.79954147338867
4.729646682739258 42.684810638427734 -12.194106101989746
7.442861557006836 103.10502624511719 -32.66055679321289
-0.8165320754051208 86.35485076904297 2.74485182762146
18.177885055541992 59.05988693237305 31.497549057006836
6.719067573547363 102.19799041748047 -34.250221252441406
1.639113426208496 20.402801513671875 -19.041316986083984
-6.039743900299072 90.61981964111328 -52.320457458496094
1.1945977210998535 81.75738525390625 -40.709739685058594
4.042999744415283 84.58605194091797 -42.2655143737793
1.121636986732483 36.573856353759766 -30.10182762145996
-7.964365482330322 46.483585357666016 -3.782693862915039
6.155309677124023 99.32857513427734 -65.39579772949219
-2.687241554260254 24.661306381225586 -13.979157447814941
9.547945976257324 73.50531005859375 -6.230210304260254
-10.03920841217041 -3.744657039642334 10.1566743850708
-11.929177284240723 48.11839294433594 -21.957969665527344
3.2039151191711426 10.353443145751953 7.465300559997559
-4.619549751281738 -1.6113241910934448 19.5589599609375
9.370434761047363 -5.418534755706787 13.822339057922363
14.484379768371582 94.83009338378906 -24.97026252746582
1.7560815811157227 34.94284439086914 -8.27507209777832
-4.361734867095947 97.937255859375 -14.548616409301758
-10.101059913635254 -0.35223785042762756 33.33384323120117
-12.67060375213623 54.69392776489258 -80.01626586914062
-11.173054695129395 9.404082298278809 36.74375534057617
12.767498016357422 26.456357955932617 43.41121292114258
-15.392365455627441 59.92832946777344 -16.776945114135742
5.108702659606934 88.65227508544922 -37.91078186035156
11.673121452331543 10.211669921875 36.060909271240234
-4.48170280456543 94.25752258300781 -78.1278305053711
4.358094215393066 94.99394226074219 -77.355712890625
0.02520117536187172 -7.1122050285339355 -13.44395923614502
-9.118372917175293 33.042327880859375 42.79993438720703
6.022465705871582 19.046794891357422 -2.761953353881836
3.9348857402801514 89.2636489868164 -93.50154113769531
-6.342217445373535 99.03732299804688 -5.881691932678223
-11.247126579284668 51.676727294921875 -70.45736694335938
9.916525840759277 40.687156677246094 -12.587066650390625
-10.198368072509766 75.4222412109375 -10.013250350952148
8.719846725463867 1.0326998233795166 36.957157135009766
8.130127906799316 -0.8114466071128845 3.4875075817108154
-8.106600761413574 82.42147064208984 -5.449715614318848
-2.3487446308135986 96.12753295898438 -41.851863861083984
2.5798957347869873 100.79720306396484 -37.87434005737305
1.021798014640808 14.831303596496582 4.79516077041626
-12.680992126464844 0.8205181360244751 29.139253616333008
-4.52692174911499 35.66579818725586 -27.002460479736328
-0.12138456106185913 -9.161744117736816 -8.624654769897461
-10.933229446411133 53.43008804321289 -76.00454711914062
-3.8705759048461914 35.505767822265625 -18.10973358154297
-14.427340507507324 66.203125 -18.861209869384766
10.725451469421387 49.37903594970703 -89.83654022216797
11.231613159179688 85.53472137451172 -13.416020393371582
-0.7319208979606628 108.65673065185547 -29.19059944152832
-11.661283493041992 42.68571090698242 -31.31597900390625
10.784709930419922 84.5408935546875 -36.24506759643555
5.019996643066406 20.00524139404297 -5.028950214385986
6.728490829467773 42.5008659362793 -25.3426456451416
-10.477042198181152 42.988582611083984 -43.282936096191406
10.301644325256348 53.443302154541016 -18.765348434448242
12.05471134185791 69.6867446899414 -10.738780975341797
-14.596906661987305 27.321697235107422 42.31227493286133
5.092690944671631 34.71271514892578 -26.470867156982422
-15.084187507629395 60.07749938964844 32.82332229614258
0.929813802242279 106.81950378417969 -14.45798110961914
-2.117882251739502 54.629417419433594 -31.33223533630371
-9.489920616149902 36.513404846191406 -16.872154235839844
-0.4814985394477844 108.30868530273438 -12.111360549926758
3.2828712463378906 -5.214356899261475 19.757720947265625
-11.233546257019043 78.97838592529297 -15.55091381072998
-8.0104341506958 102.01326751708984 -13.416583061218262
-13.420616149902344 51.49626922607422 42.40536880493164
-4.441667556762695 8.135491371154785 36.13642120361328
16.605506896972656 36.24687576293945 42.811824798583984
-7.989933490753174 -9.544580459594727 17.175485610961914
11.72546672821045 54.39607238769531 -85.51615142822266
-6.011672019958496 104.3788070678711 -30.605443954467773
-12.849081039428711 40.465213775634766 42.915767669677734
15.43198299407959 90.0847396850586 -18.00718116760254
-15.322410583496094 50.106834411621094 44.37117004394531
6.147051811218262 5.989968299865723 38.42600631713867
0.262981116771698 100.89606475830078 -22.887975692749023
1.6880252361297607 68.3530502319336 -7.075239658355713
-0.3838868737220764 63.06016159057617 -15.631729125976562
2.932584762573242 57.66952896118164 -7.808081150054932
6.016630172729492 -1.1826342344284058 5.619571685791016
13.960719108581543 65.65043640136719 -25.90373992919922
-15.597243309020996 62.724056243896484 -14.78790283203125
4.514657497406006 54.98890686035156 -28.49065589904785
-7.726616859436035 68.08522033691406 -7.046510219573975
2.031123638153076 3.17539381980896 2.1888327598571777
-11.00294303894043 51.80759811401367 -32.68019485473633
0.4888935983181 71.7236328125 -28.306978225708008
-1.5134540796279907 36.3294677734375 -8.96477222442627
5.368405342102051 33.7839241027832 -34.52702331542969
-8.878026962280273 90.30203247070312 -55.07378387451172
5.44747257232666 3.5774810314178467 26.7968807220459
11.226852416992188 33.29643249511719 44.075843811035156
-4.530007362365723 92.44891357421875 -87.93048095703125
4.538696765899658 75.8969955444336 -6.048930644989014
0.4569636881351471 106.11503601074219 -8.107500076293945
-9.019349098205566 88.03488159179688 -47.69242858886719
6.124000072479248 73.48060607910156 -36.03107452392578
9.6183500289917 101.23419189453125 -29.018489837646484
12.51564884185791 44.125152587890625 44.09847640991211
-0.7873804569244385 36.95777130126953 -34.87832260131836
-6.248885154724121 24.74187660217285 -10.268608093261719
-6.9047722816467285 71.56536865234375 -3.1683030128479004
-0.7309004068374634 52.372581481933594 0.05266181379556656
-1.484383225440979 47.25996780395508 3.422804117202759
-7.447107791900635 79.47370910644531 -4.451501846313477
10.120149612426758 4.226837158203125 15.7654390335083
16.399635314941406 94.96031188964844 -20.7100772857666
5.050900459289551 7.250840187072754 11.814850807189941
11.092424392700195 94.12454986572266 -12.326189994812012
8.152146339416504 50.3304328918457 -62.61717224121094
5.788702964782715 1.030706763267517 12.460317611694336
2.7742066383361816 52.18044662475586 4.489096641540527
5.223354339599609 97.39869689941406 -58.311038970947266
-8.618681907653809 96.51947784423828 -7.352030277252197
2.620730400085449 40.715763092041016 -41.735626220703125
-10.28639030456543 98.52603912353516 -9.476579666137695
14.118003845214844 19.198808670043945 41.02531051635742
-8.065473556518555 94.8624038696289 -21.175125122070312
-5.8861002922058105 80.079345703125 -28.627994537353516
-2.937650442123413 52.661460876464844 -18.238914489746094
-12.573673248291016 88.71257781982422 -13.279401779174805
8.067549705505371 54.8798828125 -36.68758010864258
10.721244812011719 53.2475471496582 -39.052181243896484
12.905723571777344 50.415122985839844 -40.047325134277344
8.359957695007324 48.80957794189453 -39.39644241333008
11.824628829956055 -1.9619513750076294 28.27147102355957
-5.862189769744873 10.846920013427734 7.179110050201416
9.826048851013184 7.860284328460693 40.8503303527832
-15.006192207336426 58.2849235534668 35.89494705200195
1.7542035579681396 66.49629211425781 -26.056716918945312
6.08128547668457 22.56735610961914 -4.678643703460693
6.087357044219971 67.02312469482422 -15.058788299560547
-2.906477212905884 82.60257720947266 -39.9450798034668
-12.80059814453125 15.415840148925781 35.726776123046875
-2.073532819747925 92.84248352050781 -21.08892059326172
1.385352611541748 105.90849304199219 -19.283411026000977
-5.321056365966797 27.930564880371094 -7.926418304443359
-6.5506062507629395 -1.4815574884414673 4.807034492492676
1.9525943994522095 65.37228393554688 -34.40909957885742
0.45342540740966797 57.342063903808594 5.259260654449463
11.07812786102295 38.66172409057617 45.579002380371094
11.498819351196289 47.39487075805664 -62.07600402832031
-3.6604816913604736 97.75537109375 -23.66976547241211
-7.970405101776123 51.44181823730469 -11.056790351867676
2.0754826068878174 90.4039077758789 -41.82369613647461
-10.532449722290039 -5.0495076179504395 19.070905685424805
6.021158695220947 58.49174880981445 -14.336139678955078
-0.8695744276046753 -6.633642196655273 -5.472099781036377
-7.870875835418701 1.371330738067627 37.74497985839844
15.504329681396484 40.52106475830078 42.72217559814453
-5.306509494781494 75.99038696289062 -15.391491889953613
-14.79397964477539 42.557167053222656 45.26924133300781
-4.3954548835754395 50.171783447265625 -25.768829345703125
10.258105278015137 37.82892608642578 42.12263488769531
-7.238690376281738 25.09805679321289 44.109764099121094
5.596574306488037 33.75732421875 -36.06462097167969
-5.395003318786621 66.08621978759766 -15.384939193725586
-1.3913729190826416 24.493274688720703 -22.755048751831055
0.23658807575702667 4.085178852081299 12.285487174987793
10.814997673034668 55.21261215209961 -6.39522123336792
12.34542179107666 49.821624755859375 -57.13477325439453
-3.6299376487731934 54.08405303955078 -2.9604339599609375
-3.3647701740264893 -5.901830673217773 17.30771255493164
-1.486855387687683 41.78300476074219 -9.866482734680176
-0.773439347743988 -2.5511462688446045 16.41252326965332
-2.145751953125 61.7036247253418 -30.01767921447754
2.408445358276367 22.061199188232422 -14.657716751098633
16.703657150268555 46.753089904785156 40.92142868041992
10.614751815795898 91.324951171875 -20.15841293334961
-6.2110795974731445 36.220298767089844 -13.725103378295898
12.950105667114258 43.290130615234375 -15.998091697692871
3.334245204925537 80.23152160644531 -34.05369567871094
-7.815983772277832 37.97252655029297 -20.181224822998047
8.731508255004883 17.418445587158203 43.51039123535156
-10.292116165161133 8.99063777923584 30.71669578552246
0.41234344244003296 107.96393585205078 -39.47727584838867
9.636691093444824 89.53434753417969 -13.0197114944458
-11.940712928771973 98.91132354736328 -14.151896476745605
3.2718052864074707 13.496050834655762 -1.686083197593689
-1.3742090463638306 14.151212692260742 -14.109450340270996
-5.379912376403809 3.3866183757781982 10.384114265441895
10.770133018493652 42.938289642333984 -32.15993881225586
-0.29434722661972046 32.31427764892578 -19.292158126831055
1.6332534551620483 77.03460693359375 1.9873336553573608
-9.297741889953613 103.35382843017578 -19.143583297729492
-1.054222822189331 63.139930725097656 -4.1171722412109375
-9.147528648376465 100.60828399658203 -18.743993759155273
-0.4830314517021179 17.492109298706055 -15.5763521194458
-2.361560344696045 103.09061431884766 -11.326271057128906
-2.835583448410034 98.15042114257812 -38.667850494384766
-8.17063045501709 81.8940658569336 -26.25937843322754
-0.10705431550741196 68.58796691894531 4.845791339874268
-3.1084542274475098 29.646188735961914 -15.39764404296875
-12.627504348754883 51.46837615966797 -10.190532684326172
11.036237716674805 53.63278579711914 -74.04933166503906
-5.839682579040527 96.26970672607422 -78.55267333984375
10.745361328125 51.22844696044922 -44.40565490722656
-3.787672281265259 41.123634338378906 -29.33075523376465
-0.5455455780029297 39.71295928955078 1.8630911111831665
-4.655996322631836 14.487839698791504 2.019096851348877
-7.863438129425049 32.10174560546875 -16.45598602294922
10.282320022583008 80.96507263183594 -9.734824180603027
7.339443206787109 60.09839630126953 -1.3591731786727905
-13.869997024536133 59.52678298950195 -24.661256790161133
14.053023338317871 87.1584701538086 -34.376766204833984
-3.19480562210083 -7.760961532592773 12.230838775634766
7.218123435974121 3.9880244731903076 16.0073184967041
9.941268920898438 3.2745437622070312 23.706029891967773
-12.562233924865723 13.866491317749023 40.38399124145508
-4.068443298339844 16.95325469970703 -7.792140960693359
2.7623581886291504 64.78853607177734 6.0003485679626465
-8.782031059265137 49.503231048583984 -57.721500396728516
16.159896850585938 64.2129135131836 -17.587800979614258
-3.2707102298736572 88.86824035644531 -29.06938934326172
-10.985503196716309 95.49761962890625 -51.91553497314453
2.4036219120025635 78.95906066894531 -41.22917556762695
4.391593933105469 82.09146881103516 -42.828495025634766
7.051275730133057 83.52179718017578 -44.92787170410156
10.327107429504395 45.700950622558594 -27.92775535583496
-2.9352731704711914 11.358128547668457 -4.066590785980225
10.012649536132812 53.182655334472656 -80.23966217041016
6.0005645751953125 95.44775390625 -72.88945007324219
16.327611923217773 58.778350830078125 34.85980987548828
6.923591613769531 30.46566390991211 -18.574094772338867
1.9738658666610718 41.265777587890625 -2.1375839710235596
6.536987781524658 18.562896728515625 38.630001068115234
-10.259257316589355 48.69706344604492 -91.22655487060547
1.3317655324935913 107.13383483886719 -51.69206619262695
-5.49123477935791 6.441792964935303 13.25927734375
0.9325425028800964 77.84846496582031 -23.412776947021484
9.99782943725586 40.8288459777832 -44.61631774902344
6.966328144073486 91.75251770019531 -60.407676696777344
-9.43819522857666 -7.445491313934326 11.579707145690918
-0.7625928521156311 77.80326843261719 6.542103290557861
-10.241168022155762 51.41984176635742 -89.32498168945312
-8.722566604614258 97.188232421875 -15.060251235961914
-4.844643592834473 85.33775329589844 -48.49848937988281
10.301145553588867 75.65440368652344 -16.57103729248047
0.984764575958252 97.76206970214844 -27.624942779541016
6.091176509857178 55.46617889404297 0.5330413579940796
16.206298828125 89.13772583007812 -20.61518669128418
-3.2290260791778564 -3.969006061553955 27.144723892211914
5.059778213500977 -4.076636791229248 26.365386962890625
8.623764991760254 -9.385821342468262 14.897371292114258
-3.643110752105713 102.79633331298828 -19.499008178710938
3.241859197616577 34.526832580566406 -35.15096664428711
13.618487358093262 87.24848175048828 -16.527379989624023
-5.337575912475586 70.3349838256836 3.3429412841796875
-3.3653106689453125 25.993223190307617 -1.56591796875
-9.85420036315918 51.40027618408203 -65.04095458984375
-12.818994522094727 11.260334014892578 38.87090301513672
-17.25839614868164 62.19622039794922 27.17323112487793
10.12965202331543 43.54439926147461 -23.440141677856445
9.74100399017334 63.602989196777344 -34.21663284301758
3.3462443351745605 95.80022430419922 -8.335433006286621
-0.46654871106147766 65.90274810791016 -9.367107391357422
9.315762519836426 50.58504104614258 -85.31558990478516
-10.475292205810547 53.805152893066406 -20.004152297973633
-6.312378883361816 -3.0977580547332764 -0.5679799318313599
3.7263784408569336 29.493432998657227 -19.898096084594727
-2.1659882068634033 76.10161590576172 -42.15791320800781
-8.984198570251465 22.1181583404541 42.123191833496094
-3.843111991882324 18.407711029052734 1.6110345125198364
-6.9607157707214355 60.2512092590332 3.9721362590789795
-6.671067237854004 54.10295104980469 -23.411649703979492
-10.489850044250488 52.12067794799805 -60.501747131347656
3.2865357398986816 5.814016819000244 13.96407413482666
-6.199362277984619 -8.356827735900879 17.77609634399414
1.5550295114517212 39.12342834472656 -39.740447998046875
-9.268179893493652 51.44619369506836 -70.99395751953125
9.566706657409668 77.35057830810547 -26.91135025024414
-4.053127288818359 33.39528274536133 -33.476985931396484
15.768638610839844 51.321266174316406 -19.838794708251953
-2.369929790496826 38.63265609741211 -14.948135375976562
4.940981388092041 103.54401397705078 -10.229301452636719
-8.089899063110352 37.42131042480469 -32.79511642456055
-7.050306797027588 -10.172256469726562 12.125216484069824
-8.938705444335938 4.047610282897949 38.17820358276367
-8.097150802612305 43.02724075317383 -8.342345237731934
-8.433666229248047 88.430908203125 -97.94776153564453
8.64424991607666 1.7620391845703125 18.83475112915039
-2.792011260986328 94.23551940917969 -46.98153305053711
-8.123944282531738 89.08148193359375 -10.768308639526367
1.0541393756866455 56.63409423828125 -41.404685974121094
15.664566040039062 36.966678619384766 45.38510513305664
-5.753204822540283 32.05283737182617 -19.086528778076172
0.5897767543792725 82.23063659667969 -28.683666229248047
12.532233238220215 90.8142318725586 -32.99361038208008
7.018596172332764 4.659750938415527 15.374299049377441
-5.155399322509766 2.748361349105835 14.189375877380371
-3.278017044067383 50.73871994018555 -36.15055847167969
-6.878854274749756 88.7723159790039 -8.4522123336792
-15.289108276367188 16.62163543701172 40.695804595947266
7.561498165130615 97.46316528320312 -24.62908172607422
-7.191769123077393 94.26798248291016 -64.61286926269531
1.2058156728744507 90.72872161865234 -6.326257228851318
-11.896106719970703 56.08063507080078 -79.62743377685547
1.2064321041107178 79.2883529663086 -42.29716110229492
-4.7917890548706055 90.11631774902344 -92.04497528076172
-4.789907932281494 80.0889892578125 -39.45058822631836
-0.0035801385529339314 77.94459533691406 -38.94453048706055
-6.448279857635498 -2.3428022861480713 22.8649845123291
-15.301752090454102 52.979225158691406 40.87007141113281
3.2929155826568604 -9.747406959533691 -5.986931324005127
3.9425408840179443 0.9260736703872681 29.565261840820312
-3.331200361251831 -0.48195308446884155 29.16207504272461
6.290530204772949 8.910161972045898 5.52115535736084
3.2370126247406006 88.28606414794922 -24.102863311767578
11.20889949798584 41.94381332397461 -42.96225357055664
-3.1240923404693604 96.70199584960938 -0.2740206718444824
-11.771419525146484 34.30049514770508 41.94725799560547
4.46272087097168 91.62054443359375 -40.65336608886719
-12.817159652709961 49.51567840576172 -37.91038513183594
12.848076820373535 46.269893646240234 -43.59686279296875
-12.861035346984863 83.45692443847656 -27.80597496032715
-12.06057357788086 63.352603912353516 -8.543251991271973
-9.33292293548584 72.28434753417969 -7.256284236907959
13.386929512023926 92.0258560180664 -40.10837173461914
-13.53902816772461 88.19590759277344 -20.95175552368164
10.056085586547852 52.56394577026367 -33.343997955322266
6.247269630432129 65.24778747558594 2.6662232875823975
-4.103869438171387 3.771491765975952 32.085853576660156
-4.547983646392822 63.19478225708008 4.5805768966674805
8.280130386352539 95.46099090576172 -64.81237030029297
2.152158737182617 56.74018859863281 -2.9073543548583984
10.276277542114258 14.00139331817627 40.91838455200195
5.922107219696045 37.60404968261719 -30.89006996154785
3.847507953643799 90.3806381225586 -54.05714797973633
-5.07495641708374 60.734703063964844 -35.475032806396484
-12.28881549835205 52.49662780761719 -46.382049560546875
10.886614799499512 -4.178797245025635 11.064608573913574
17.773353576660156 50.651607513427734 42.53569793701172
7.4301347732543945 53.50109100341797 -12.901023864746094
-3.78059983253479 92.91144561767578 -12.907970428466797
-10.358560562133789 91.69241333007812 -10.729353904724121
-13.654254913330078 49.64090347290039 -41.66019821166992
-10.510135650634766 93.54166412353516 -15.870758056640625
-3.3542640209198 71.48161315917969 -4.098093032836914
-12.247270584106445 62.1292724609375 -5.547154903411865
6.836020469665527 58.6942138671875 -22.590713500976562
-0.4673239588737488 102.43272399902344 -2.2531771659851074
-6.952367782592773 60.67631149291992 -0.3529594838619232
-14.343817710876465 3.5916407108306885 32.816925048828125
12.959575653076172 15.224279403686523 38.43566131591797
-8.457402229309082 92.55442810058594 -61.325958251953125
-10.624353408813477 53.68387985229492 -45.54985809326172
1.8644518852233887 -9.964893341064453 4.283777713775635
15.707728385925293 96.31868743896484 -17.137666702270508
7.788242816925049 81.62545013427734 -6.5086350440979
0.30724018812179565 67.52608489990234 -40.99649429321289
-4.774282455444336 36.02735900878906 -6.341516017913818
-4.410514831542969 55.48406219482422 -38.98609924316406
-3.0554471015930176 11.159523010253906 2.786539316177368
-11.257774353027344 84.39014434814453 -31.924776077270508
6.198256015777588 84.0518569946289 -94.97366333007812
3.3244974613189697 90.82078552246094 -17.032682418823242
2.614771842956543 108.80323791503906 -21.457462310791016
-0.2963995039463043 44.516204833984375 -40.33931350708008
3.769197463989258 2.912829875946045 37.06819152832031
-2.424102306365967 12.666764259338379 -7.964365482330322
10.189675331115723 47.85938262939453 -65.0370101928711
11.559383392333984 45.306453704833984 -38.76732635498047
5.355749130249023 8.81619930267334 2.4097747802734375
-12.091798782348633 67.99530029296875 -26.13201141357422
-2.006227731704712 83.3104476928711 6.236084938049316
6.135056972503662 100.35269165039062 -4.7971906661987305
-15.193766593933105 5.2051239013671875 17.183273315429688
-9.684784889221191 100.2120590209961 -30.53778648376465
-11.06216812133789 54.24930191040039 -40.30459976196289
4.471067428588867 70.96861267089844 -40.15618896484375
3.133258819580078 96.1759033203125 -56.233306884765625
0.8643380999565125 95.67835998535156 -42.21512222290039
4.349664688110352 94.2493667602539 -58.0546875
-1.4134800434112549 11.239846229553223 -10.474716186523438
-6.4648542404174805 91.3701171875 -89.1305160522461
-12.159741401672363 50.5242805480957 -90.18927001953125
-1.7266607284545898 7.161121368408203 -1.426237940788269
-4.213125228881836 0.014111209660768509 -1.8348828554153442
6.908375263214111 96.72044372558594 -63.660892486572266
-1.8081756830215454 75.70881652832031 2.968698024749756
1.668021321296692 91.2630386352539 0.43371105194091797
2.4102189540863037 72.43730163574219 4.909544944763184
-11.904547691345215 50.10173797607422 -75.01783752441406
3.5069286823272705 60.40981674194336 -29.084426879882812
7.341586589813232 89.03334045410156 -52.11997985839844
9.605032920837402 102.79584503173828 -20.299373626708984
13.165350914001465 88.0580062866211 -22.258872985839844
-4.424493312835693 85.91802215576172 -23.932666778564453
-5.833466053009033 99.7806625366211 -34.702213287353516
-10.080750465393066 49.86337661743164 -83.72080993652344
10.951716423034668 89.5809326171875 -10.347023010253906
7.901444911956787 79.72699737548828 -34.50981521606445
0.25925707817077637 15.288930892944336 -11.13025188446045
8.636363983154297 44.39995574951172 -7.598348140716553
-5.395397663116455 99.22592163085938 -0.6103248000144958
1.8223094940185547 30.630712509155273 1.3315874338150024
-6.79107141494751 63.824859619140625 -3.4575273990631104
-2.54836368560791 22.116777420043945 -6.573369026184082
-7.183991432189941 96.33473205566406 -28.505632400512695
-1.6627516746520996 -11.104073524475098 4.823451519012451
8.527246475219727 98.09933471679688 -43.20437240600586
0.6303839087486267 25.29615592956543 -23.579679489135742
5.559000492095947 54.467491149902344 -6.683468818664551
11.721697807312012 1.6941663026809692 27.978683471679688
-8.935114860534668 75.07141876220703 -25.730365753173828
1.4828895330429077 22.8132266998291 1.527164340019226
-13.050174713134766 70.58575439453125 -10.520692825317383
-11.860877990722656 42.8070182800293 -36.70044708251953
-7.094186782836914 -7.4448089599609375 5.789769649505615
-9.937774658203125 53.97252655029297 -63.14315414428711
4.28095006942749 45.73676681518555 -22.31932830810547
4.442015171051025 38.219390869140625 -10.607789039611816
-11.293072700500488 14.890298843383789 45.220645904541016
-10.024100303649902 43.70408630371094 -48.6547737121582
12.393209457397461 54.56236267089844 -81.4385757446289
-4.309030055999756 54.64183807373047 -15.931446075439453
5.342134475708008 34.260738372802734 -4.279411792755127
6.216261863708496 39.91121292114258 -4.217344760894775
0.7882344722747803 52.266197204589844 -22.75823211669922
5.343776226043701 83.35504913330078 -4.4037184715271
-4.5854315757751465 56.587284088134766 5.067405700683594
7.813758373260498 35.75730895996094 -9.420132637023926
3.440688133239746 -4.453776836395264 -2.2567782402038574
-6.720315456390381 51.836666107177734 -20.319984436035156
-10.888897895812988 50.28609848022461 -52.92047119140625
-2.29736328125 107.60189056396484 -24.548303604125977
10.336737632751465 46.54414749145508 -47.3781852722168
3.6234610080718994 36.086299896240234 -37.456233978271484
-8.943739891052246 59.13865280151367 -29.197507858276367
12.429232597351074 1.60466730594635 34.247745513916016
8.713011741638184 3.3347079753875732 24.431257247924805
-8.53988265991211 -10.397587776184082 16.414121627807617
7.5644636154174805 5.014953136444092 11.33808708190918
-11.31147575378418 18.604969024658203 42.03146743774414
-11.025755882263184 70.45026397705078 -28.36810874938965
-12.556341171264648 94.99565124511719 -12.498833656311035
4.409260272979736 93.01505279541016 -0.5150237083435059
5.491393566131592 -0.9218282103538513 23.16014289855957
-3.1179354190826416 21.037817001342773 -11.942262649536133
-1.4575018882751465 -2.7237861156463623 3.6516213417053223
-4.96644926071167 2.243962049484253 35.97104263305664
11.168641090393066 85.43795776367188 -29.407384872436523
-3.7473254203796387 95.09516906738281 -31.251127243041992
9.591741561889648 67.00350189208984 -21.272958755493164
14.572504997253418 74.01576232910156 -20.118181228637695
13.303295135498047 35.32776641845703 41.25287628173828
-9.714957237243652 52.05789566040039 -40.32658004760742
5.100695610046387 63.34951400756836 -21.6528377532959
-7.897642612457275 80.03557586669922 -31.190547943115234
-9.729989051818848 98.27876281738281 -7.01340389251709
10.182655334472656 85.00865936279297 -43.56382751464844
10.314105987548828 23.197471618652344 44.38850784301758
-6.315460681915283 48.40011978149414 -18.054170608520508
10.226963996887207 50.40098190307617 -61.358863830566406
-10.901000022888184 4.343562126159668 24.714269638061523
8.739731788635254 75.9347152709961 -5.297236442565918
-6.34028959274292 95.67561340332031 -69.64974212646484
6.311352729797363 84.4970703125 -28.373632431030273
-0.6849749684333801 94.05340576171875 1.990835428237915
-2.5326128005981445 100.23641967773438 -18.237163543701172
10.183710098266602 48.21122360229492 -56.93287658691406
-6.766245365142822 96.28744506835938 -52.38085174560547
-4.237148761749268 90.43882751464844 -55.38321304321289
-7.930649757385254 43.181617736816406 -32.64556121826172
-16.272281646728516 48.5311279296875 41.37915802001953
10.563365936279297 68.02255249023438 -32.02659225463867
14.32490062713623 22.14045524597168 38.68220901489258
-14.946443557739258 71.62274932861328 -21.113080978393555
-13.656704902648926 94.65567016601562 -25.61904525756836
-4.65198278427124 93.72099304199219 -83.9564208984375
1.4454548358917236 70.5838851928711 -2.014664888381958
2.8227744102478027 40.882259368896484 -26.716896057128906
-8.783143997192383 -4.318898677825928 26.610759735107422
-10.096663475036621 48.5296516418457 -65.0869140625
0.23793020844459534 43.49345779418945 4.634626388549805
4.89166259765625 56.289520263671875 -40.22614669799805
3.8455193042755127 97.10286712646484 -25.206819534301758
4.568727970123291 10.377375602722168 -0.46218380331993103
-4.377083778381348 49.50730895996094 -4.946691036224365
2.248417854309082 62.189109802246094 -20.13548469543457
-0.8430496454238892 73.73605346679688 -1.7579967975616455
-0.8663052320480347 13.47927188873291 -1.4741336107254028
2.3619961738586426 90.507080078125 -28.639808654785156
10.654212951660156 61.4072380065918 -8.50290584564209
11.251958847045898 49.56159973144531 -7.989469528198242
-15.469274520874023 49.47427749633789 -18.140901565551758
5.976994037628174 90.10873413085938 -94.3598861694336
-8.21545124053955 51.202571868896484 -91.41397094726562
8.946703910827637 98.63102722167969 -7.5557379722595215
3.1930465698242188 67.3556900024414 -17.359142303466797
-11.594294548034668 2.3501524925231934 33.03567123413086
-2.602431535720825 58.47159957885742 0.8637159466743469
-5.308220863342285 8.63150691986084 9.588814735412598
-8.330185890197754 7.272067546844482 13.989569664001465
9.558085441589355 13.745758056640625 43.9301872253418
0.9429214596748352 29.436649322509766 -26.403806686401367
-1.3501670360565186 106.70196533203125 -34.3087158203125
-6.697072982788086 34.51423645019531 -35.88245391845703
5.111513137817383 82.2318344116211 -43.170387268066406
7.4081034660339355 88.29463195800781 -93.76109313964844
-8.065430641174316 67.87015533447266 -13.24901294708252
5.664474010467529 101.02275085449219 -37.46886444091797
-3.422774076461792 80.06082916259766 0.9282031655311584
13.952095985412598 50.14938735961914 -50.085140228271484
-12.780068397521973 83.26596069335938 -19.30023193359375
-12.99246883392334 80.89053344726562 -17.641952514648438
-12.558890342712402 4.662263870239258 27.732101440429688
-6.09352445602417 98.56266021728516 -68.1435775756836
7.127475261688232 90.5336685180664 -30.22669219970703
-6.780415058135986 23.7106990814209 -5.412775993347168
2.153003215789795 75.64002990722656 -18.34492301940918
-0.550451934337616 100.99784088134766 -33.86646270751953
13.948159217834473 60.90209197998047 -19.99652862548828
-1.840578317642212 56.3508186340332 -22.778160095214844
0.8065445423126221 80.13945007324219 -4.957102298736572
6.779308795928955 94.9552993774414 -52.3043327331543
7.416327953338623 35.37569808959961 -16.863901138305664
12.308187484741211 47.36214828491211 -41.73141860961914
-13.018314361572266 91.8804702758789 -32.240814208984375
0.7876359820365906 7.7313361167907715 -4.62203311920166
-11.563094139099121 44.72673797607422 -16.465557098388672
16.340381622314453 44.039520263671875 44.553619384765625
-3.1583447456359863 13.671954154968262 7.162821292877197
-10.160473823547363 49.098121643066406 -60.37735366821289
12.721261024475098 46.390132904052734 -93.64111328125
-7.978714466094971 84.63502502441406 -97.48592376708984
-10.072521209716797 101.21922302246094 -26.818775177001953
-11.417120933532715 12.945441246032715 33.06869125366211
-10.520419120788574 54.20852279663086 -56.46552658081055
9.626275062561035 51.9842529296875 -73.38095092773438
-7.8325347900390625 96.05155944824219 -48.973533630371094
8.382933616638184 81.11251068115234 -30.8861141204834
6.8872528076171875 -7.479526519775391 26.23907470703125
-11.516901969909668 95.20977783203125 -48.75153732299805
-8.458267211914062 82.66683959960938 -44.881683349609375
8.955130577087402 6.797129154205322 13.72314453125
6.822113037109375 94.10238647460938 -66.88510131835938
-9.236471176147461 53.310211181640625 -35.618247985839844
10.491070747375488 60.423683166503906 -2.6530001163482666
-4.1382365226745605 34.95954513549805 -2.0376687049865723
-4.4930033683776855 72.53438568115234 1.0931957960128784
7.39496374130249 30.04931640625 -8.64089298248291
0.3759719133377075 13.52210807800293 7.791356086730957
-6.8790459632873535 75.68265533447266 -4.283275604248047
17.6627197265625 61.350948333740234 28.2994441986084
-1.0627795457839966 9.90776252746582 9.847451210021973
4.984642505645752 45.43034362792969 -41.79729080200195
-3.431015968322754 -7.2237701416015625 -7.335037708282471
-2.608042001724243 83.71575927734375 -97.25515747070312
5.55800199508667 85.32548522949219 -96.00724029541016
7.6300835609436035 13.690752983093262 35.366981506347656
9.591933250427246 -1.1857086420059204 10.537141799926758
-4.612362384796143 85.19996643066406 -44.950157165527344
4.234989643096924 -0.3985506594181061 -1.0560201406478882
11.576151847839355 2.415414810180664 22.77448844909668
10.86693000793457 4.291952610015869 18.061452865600586
-6.758026123046875 33.067901611328125 -10.881195068359375
7.588128089904785 83.3766860961914 -97.23944854736328
-1.5009164810180664 26.982410430908203 -26.32378387451172
-7.983479976654053 47.1856803894043 -22.66888999938965
-4.136068344116211 102.50701904296875 -35.66257858276367
-15.699934959411621 91.08068084716797 -28.670663833618164
-6.296047687530518 30.753009796142578 -5.4625773429870605
3.0734853744506836 36.957061767578125 -0.3831280469894409
4.7018818855285645 100.09700012207031 -40.134765625
11.0259428024292 59.36542510986328 -13.629307746887207
-9.886737823486328 100.05670166015625 -22.30763816833496
-10.159393310546875 46.67115783691406 -29.176345825195312
6.092594623565674 49.76347732543945 -40.6743278503418
13.428987503051758 97.60310363769531 -14.29694652557373
-3.228843927383423 88.92239379882812 -48.104103088378906
5.332150459289551 78.24967956542969 -34.34409713745117
1.4500066041946411 38.15020751953125 -4.755039215087891
9.446932792663574 40.16027069091797 -18.94839096069336
4.985860824584961 -7.317122936248779 4.897326946258545
-6.911843299865723 1.6146161556243896 28.484344482421875
13.638274192810059 14.042113304138184 34.809165954589844
-3.21425461769104 -7.437668323516846 0.011300609447062016
2.3181679248809814 70.51905059814453 -34.64350509643555
12.312789916992188 51.75838851928711 -75.79060363769531
-10.327787399291992 38.15753936767578 -13.489388465881348
-10.114920616149902 46.07472229003906 -7.6938652992248535
-9.807668685913086 60.25102996826172 -1.164088249206543
-8.336402893066406 82.7376708984375 -45.21826171875
-6.756174564361572 22.87973976135254 -7.036409854888916
9.457703590393066 100.60307312011719 -14.54559326171875
3.6988179683685303 98.72613525390625 -35.00495147705078
-8.628469467163086 36.14837646484375 -9.736303329467773
6.273491859436035 71.8832015991211 -9.499374389648438
-15.423653602600098 49.75516891479492 -14.11291790008545
-6.453609943389893 0.9354546070098877 21.653148651123047
-16.714313507080078 60.761314392089844 31.158092498779297
14.252044677734375 54.70820617675781 -11.929003715515137
-4.774106979370117 94.22087860107422 -86.01171875
0.16090069711208344 75.8001708984375 -31.49615478515625
-4.553774356842041 95.46034240722656 -57.39263153076172
-10.132194519042969 0.05787019431591034 20.253948211669922
11.774995803833008 -2.848999261856079 20.11891746520996
-13.36465072631836 87.66390991210938 -37.881805419921875
2.684129476547241 8.220274925231934 0.2711217403411865
9.508816719055176 -4.051224231719971 27.66339111328125
9.888510704040527 6.412242889404297 38.978572845458984
10.591070175170898 63.12784957885742 -15.344287872314453
-8.367363929748535 38.86565017700195 -42.99616241455078
-7.516322135925293 44.50004196166992 -12.856274604797363
3.7845940589904785 57.04426193237305 -17.599409103393555
-3.427687883377075 -10.205669403076172 -5.519283771514893
-7.4539031982421875 94.65836334228516 -84.44454193115234
-8.659326553344727 94.49864196777344 -58.640655517578125
-1.8717074394226074 91.34172821044922 -42.48602294921875
2.596876859664917 88.96647644042969 -43.27503204345703
-13.243328094482422 49.61080551147461 -93.23953247070312
12.103580474853516 51.110252380371094 -63.84031677246094
3.3020334243774414 97.69210815429688 -15.924015045166016
11.410888671875 43.400428771972656 -13.8771333694458
12.136113166809082 8.943036079406738 31.81686019897461
8.05000114440918 -4.525296211242676 9.329591751098633
8.824986457824707 85.22621154785156 -48.7230110168457
6.432417869567871 0.7970929741859436 34.6832160949707
0.5637608766555786 82.84504699707031 -33.96419906616211
4.995174407958984 95.96820831298828 -45.62812042236328
-1.657736897468567 96.50032806396484 -46.96232986450195
10.538176536560059 43.503173828125 -36.90070724487305
-11.862676620483398 51.042972564697266 -84.194091796875
5.665676593780518 97.93155670166016 -0.4451444149017334
-11.497507095336914 48.2879638671875 -9.279621124267578
-13.409404754638672 49.547752380371094 -46.12486267089844
10.286745071411133 92.8436050415039 -45.55057907104492
-4.678644180297852 72.56719207763672 -36.76612091064453
9.298846244812012 94.84532928466797 -39.44602584838867
5.726268768310547 104.18962860107422 -24.257009506225586
14.380802154541016 49.55561447143555 -46.09687805175781
13.936220169067383 49.81913757324219 -14.492472648620605
4.284142017364502 32.82664108276367 -22.21149253845215
14.328131675720215 91.9455337524414 -37.84340286254883
-12.224808692932129 49.76539993286133 -64.6387710571289
4.602186679840088 82.95083618164062 -20.076274871826172
8.259062767028809 103.7951889038086 -17.30543327331543
-10.839399337768555 53.85982131958008 -82.91795349121094
2.641033887863159 89.0634536743164 -32.93523025512695
11.35258960723877 46.08446502685547 -32.53762435913086
-12.327635765075684 80.64203643798828 -22.376497268676758
5.692846775054932 66.4745864868164 -38.491416931152344
-4.3029608726501465 83.72379302978516 -3.9345080852508545
-1.6333087682724 6.524844646453857 5.188070297241211
-9.321296691894531 -4.509843349456787 29.173076629638672
11.889653205871582 82.62496948242188 -28.93572235107422
-9.6924467086792 66.272216796875 -3.9244508743286133
10.588290214538574 77.10690307617188 -10.818821907043457
-5.029988765716553 -5.824790954589844 22.746620178222656
15.602998733520508 39.310028076171875 47.46028518676758
8.219780921936035 94.58090209960938 -57.27944564819336
-6.320988655090332 12.020331382751465 4.326057434082031
-1.525187373161316 85.27943420410156 -10.800492286682129
9.350641250610352 10.354283332824707 39.344078063964844
6.424236297607422 68.1795425415039 -37.0688362121582
-0.6523909568786621 109.68394470214844 -16.443613052368164
-0.47838202118873596 70.09580993652344 -15.4017915725708
-2.9773759841918945 83.18972778320312 -21.443620681762695
-11.308298110961914 51.66920852661133 -26.87483787536621
-11.14008617401123 82.82682037353516 -17.545915603637695
9.850750923156738 96.2266845703125 -32.836692810058594
6.1493988037109375 91.79932403564453 -68.30509948730469
-12.860150337219238 43.614810943603516 -13.272595405578613
2.1367881298065186 74.87175750732422 -14.028640747070312
-8.622247695922852 42.25754928588867 -24.389793395996094
-8.398465156555176 83.369873046875 -40.13932800292969
9.747648239135742 55.9388313293457 -2.139324903488159
-13.525080680847168 68.01483154296875 -11.995376586914062
9.556792259216309 92.34634399414062 -25.744285583496094
-3.098235607147217 49.93315887451172 -20.213300704956055
9.026330947875977 3.8296780586242676 28.070531845092773
2.3000333309173584 17.861888885498047 -0.17637109756469727
-1.041361927986145 32.595794677734375 -27.555469512939453
-9.6670560836792 53.21664047241211 -57.301151275634766
7.111263275146484 71.2618637084961 -29.207489013671875
1.8699092864990234 11.054899215698242 -10.732827186584473
2.442321300506592 98.79512023925781 -1.4987999200820923
-9.278621673583984 56.591773986816406 -2.8183302879333496
-11.236933708190918 61.916324615478516 -20.405132293701172
6.966342449188232 -1.0013328790664673 16.020816802978516
-5.888119220733643 5.723002910614014 38.17673110961914
0.8570898771286011 10.555418968200684 -6.611947059631348
14.159855842590332 18.56660270690918 36.19066619873047
9.933752059936523 85.71841430664062 -16.109540939331055
-1.2792640924453735 47.16917037963867 -8.046038627624512
-14.512958526611328 95.53668212890625 -18.658641815185547
-11.714981079101562 46.71641540527344 -34.11134719848633
0.3841787278652191 68.34114074707031 -20.760562896728516
-11.579654693603516 94.13218688964844 -47.332828521728516
10.076329231262207 46.37167739868164 -92.49687957763672
12.338936805725098 82.69110107421875 -19.795238494873047
-14.348917961120605 53.17045593261719 -10.695732116699219
1.7122353315353394 92.55062103271484 -37.649044036865234
-10.75423526763916 52.10354232788086 -78.11905670166016
-0.04668901115655899 107.73577880859375 -43.09786605834961
-4.576638221740723 41.882362365722656 -42.53522491455078
0.8395845293998718 51.756256103515625 -11.911462783813477
8.794665336608887 65.8821792602539 -4.470747947692871
6.948825836181641 95.91625213623047 -3.6548728942871094
-4.842423439025879 1.6756435632705688 16.51775550842285
9.778471946716309 41.18948745727539 -29.086782455444336
-8.497517585754395 38.488311767578125 -8.504278182983398
4.124673366546631 51.192237854003906 -37.45620346069336
-9.665294647216797 40.48648452758789 -28.528366088867188
-11.434510231018066 52.19633483886719 -55.88750076293945
0.19363003969192505 19.48704719543457 -18.414566040039062
1.0365594625473022 47.819305419921875 -16.496614456176758
-14.700469970703125 55.70956802368164 -12.184807777404785
6.555959701538086 93.01885223388672 -86.77565002441406
-16.572467803955078 37.3188362121582 42.51949691772461
-6.32713508605957 28.205768585205078 -4.288049697875977
-14.167057991027832 52.97983932495117 39.44182205200195
10.35694408416748 20.827861785888672 39.2633056640625
-2.3929858207702637 53.81712341308594 -7.4885640144348145
6.761245250701904 72.0802230834961 -21.890649795532227
-5.563966274261475 97.29739379882812 -41.86634063720703
-3.7051239013671875 41.96177673339844 -21.280805587768555
-13.349539756774902 53.67497253417969 -14.23446273803711
13.81354808807373 93.00187683105469 -37.67055892944336
-5.327446937561035 96.83348846435547 -71.92327880859375
-1.1057683229446411 31.796430587768555 -1.0700621604919434
-1.9708969593048096 37.138938903808594 -38.50471496582031
-9.024465560913086 5.603168487548828 33.45097351074219
-1.844313383102417 64.76240539550781 -0.8097956776618958
5.975046157836914 83.50391387939453 -35.740142822265625
-13.373086929321289 5.094083309173584 15.892770767211914
-10.727311134338379 -1.008447527885437 14.846149444580078
-16.509197235107422 56.59441375732422 36.590087890625
12.401697158813477 97.51692199707031 -18.595184326171875
-0.010090373456478119 58.94794845581055 -43.63248062133789
-7.82567834854126 88.21113586425781 -6.142592906951904
2.6858725547790527 18.125837326049805 -13.513153076171875
-3.4061734676361084 100.90231323242188 0.010374076664447784
-10.87667465209961 46.336769104003906 -38.315277099609375
-0.9833948612213135 52.882198333740234 -42.81675338745117
12.980545043945312 45.04813003540039 -18.786191940307617
9.463117599487305 51.87236404418945 -66.35275268554688
-3.6779837608337402 62.0869026184082 -22.949975967407227
-6.390982151031494 91.25821685791016 -59.33226776123047
6.9498796463012695 90.13603973388672 -4.974968910217285
-8.962735176086426 47.979103088378906 -45.83857345581055
4.473773956298828 93.05442810058594 -86.51876068115234
5.9715657234191895 106.1199951171875 -17.521215438842773
-0.38947656750679016 25.018125534057617 -17.925432205200195
-1.2725557088851929 8.121196746826172 12.120049476623535
7.443687915802002 93.19091033935547 -82.70928955078125
-2.824201822280884 104.56732177734375 -8.495404243469238
11.554237365722656 50.43953323364258 -66.98348999023438
-8.086681365966797 10.855974197387695 39.91741180419922
14.440768241882324 36.561767578125 46.99024200439453
-2.087801933288574 1.1625620126724243 0.14195993542671204
-12.957233428955078 10.21588134765625 33.57248306274414
-7.69644021987915 37.66904067993164 -38.62089157104492
3.5223464965820312 96.67747497558594 -55.20437240600586
-6.970893859863281 83.09175109863281 -15.736204147338867
-4.172152519226074 88.41062927246094 -4.41897439956665
-4.88560152053833 107.15644836425781 -19.21131134033203
-5.4907145500183105 -1.5800001621246338 12.820618629455566
-1.922332763671875 -9.52591323852539 8.120302200317383
5.946624279022217 37.815887451171875 -24.6744441986084
-2.802910089492798 100.9087142944336 -38.23733901977539
1.8644050359725952 2.4160349369049072 15.764859199523926
-15.859856605529785 54.76154327392578 -15.651575088500977
5.611637115478516 61.77656555175781 4.70082426071167
8.101644515991211 26.301799774169922 42.76850509643555
-2.4953343868255615 77.23709106445312 -3.390155076980591
-15.79858684539795 54.18037414550781 -18.66018295288086
6.318617343902588 98.3484878540039 -71.82048797607422
16.854984283447266 60.78022384643555 30.92351531982422
14.748787879943848 62.19935989379883 -12.630126953125
-6.860413074493408 15.666131019592285 39.32576370239258
2.9634182453155518 -10.1234712600708 14.417457580566406
5.155344486236572 30.1646785736084 -14.078380584716797
4.0697832107543945 108.98101806640625 -16.29094886779785
8.628302574157715 87.47175598144531 -44.048343658447266
-5.084425449371338 49.535640716552734 -41.483421325683594
-4.862338066101074 8.372879028320312 33.36488342285156
-6.608051776885986 26.617033004760742 -13.235126495361328
3.746182680130005 80.34528350830078 -11.710027694702148
14.171954154968262 70.18952941894531 -21.349136352539062
11.437701225280762 50.32346725463867 -53.65864944458008
7.151467323303223 90.0354995727539 -87.8626708984375
-2.5463650226593018 3.339653968811035 7.7327752113342285
-2.762805461883545 81.44287872314453 4.4260478019714355
0.386817991733551 -11.287124633789062 -3.8699183464050293
-3.3391010761260986 28.805959701538086 -21.226303100585938
4.435056686401367 78.3674545288086 -0.8386527299880981
-14.551653861999512 21.47127342224121 39.382080078125
-6.305814266204834 93.91007232666016 -79.04061126708984
1.2521657943725586 74.29034423828125 -41.013362884521484
5.492648124694824 13.567853927612305 1.5506982803344727
0.6922017335891724 35.87725067138672 -20.228740692138672
-9.237932205200195 2.0737969875335693 15.180159568786621
10.671335220336914 52.296512603759766 -49.82997512817383
10.996819496154785 53.55466079711914 -63.402034759521484
9.375845909118652 52.26913833618164 -57.87805938720703
-8.770828247070312 4.507439613342285 12.83694076538086
-8.667105674743652 0.21430332958698273 11.4452486038208
7.5595197677612305 14.992101669311523 38.57402420043945
4.939871788024902 47.859798431396484 -1.9899283647537231
-12.951919555664062 48.41074752807617 43.45869064331055
-11.157336235046387 94.06783294677734 -42.140254974365234
13.6538724899292 46.87620544433594 -17.304811477661133
0.3491116166114807 81.19403076171875 5.023844242095947
12.461950302124023 2.148219108581543 23.615644454956055
13.878257751464844 4.855291366577148 21.235881805419922
-0.800923228263855 79.9961929321289 -42.274139404296875
-5.105978488922119 82.29009246826172 -43.156639099121094
16.841567993164062 54.4229621887207 38.26044464111328
3.538027286529541 96.30278015136719 1.677908182144165
2.7973647117614746 85.26922607421875 -4.536133766174316
-10.226739883422852 58.2205696105957 -7.489758491516113
-5.863673686981201 75.32286834716797 -21.53185272216797
0.060610562562942505 84.34888458251953 -0.1618308424949646
-12.55448055267334 6.447389602661133 14.9214448928833
-8.884220123291016 86.96878814697266 -25.415367126464844
-2.2188682556152344 64.16686248779297 -37.9421272277832
4.339458465576172 85.92420196533203 -13.507640838623047
-1.1981446743011475 100.49844360351562 -6.1687164306640625
3.673586845397949 50.31192398071289 -43.67335891723633
11.98659896850586 51.26224136352539 -82.42578887939453
-6.097146511077881 68.81533813476562 -22.80698013305664
-1.3703680038452148 93.99717712402344 -33.26976776123047
-8.258829116821289 95.82359313964844 -35.97832107543945
