12.499980926513672 -5.149491310119629 -58.992774963378906
-13.63331127166748 -6.8518829345703125 -38.878509521484375
23.141117095947266 -14.844018936157227 -20.18537712097168
30.627395629882812 -15.9918212890625 -86.31514739990234
-8.204743385314941 -13.509149551391602 -40.22249984741211
-13.565719604492188 8.797200202941895 9.779119491577148
-14.838888168334961 6.066742420196533 -9.832107543945312
20.313800811767578 -16.794647216796875 -53.42680740356445
52.468807220458984 1.7500495910644531 51.64676284790039
-20.642118453979492 -6.154065132141113 -71.41326141357422
83.84661865234375 17.173810958862305 -6.547678470611572
-18.569364547729492 -9.243119239807129 83.13710021972656
-15.135973930358887 -7.077866077423096 -116.91912841796875
-37.836727142333984 -10.796897888183594 59.89112091064453
21.039472579956055 -3.3770089149475098 24.641218185424805
2.2192487716674805 11.581089973449707 -3.329303026199341
-22.51992416381836 -9.506414413452148 -101.19034576416016
66.32516479492188 -8.675878524780273 38.030364990234375
4.204908847808838 -2.5662803649902344 88.1376724243164
-78.78645324707031 9.37872314453125 -3.4962282180786133
-77.55169677734375 4.881640911102295 -3.685098886489868
-6.257975101470947 -8.489171981811523 55.03868865966797
-2.8939335346221924 0.14821164309978485 110.66468811035156
31.126100540161133 9.881542205810547 -135.751953125
-9.615214347839355 9.447036743164062 -25.81989288330078
52.22336196899414 -11.456385612487793 60.97888946533203
12.369144439697266 -18.714548110961914 17.19342613220215
7.298342227935791 2.914703369140625 130.2288055419922
-19.15241050720215 -16.814857482910156 74.10111236572266
-65.71975708007812 0.0701400563120842 39.258033752441406
24.802425384521484 5.3592915534973145 -137.92051696777344
14.056753158569336 2.6770424842834473 69.21199035644531
-70.09749603271484 4.0579423904418945 16.272018432617188
8.24783706665039 -12.646748542785645 130.35035705566406
57.9757080078125 -0.006816834677010775 36.590511322021484
70.45755767822266 3.1827638149261475 36.840572357177734
7.645130634307861 14.10930061340332 52.38373565673828
66.33841705322266 5.502880096435547 31.059221267700195
-13.343194961547852 -9.370863914489746 28.264848709106445
-7.250640392303467 -12.290124893188477 88.2614517211914
-40.86194610595703 -16.126232147216797 66.08070373535156
23.454246520996094 -4.0959625244140625 -83.24706268310547
-17.9432430267334 -2.385927677154541 77.91771697998047
24.377161026000977 -5.17671012878418 -115.1318588256836
18.799333572387695 -1.9482684135437012 -65.0345458984375
-19.584199905395508 6.313636779785156 -131.9112091064453
15.216459274291992 -0.5033339858055115 -56.17015075683594
-6.43303108215332 -12.406423568725586 -27.607431411743164
-24.07007598876953 0.9270522594451904 82.06495666503906
27.80897331237793 -8.022197723388672 -66.30516052246094
-3.7459018230438232 3.8112592697143555 108.4376449584961
19.33071517944336 2.5086827278137207 -4.4423017501831055
18.076602935791016 -9.46884536743164 -112.30624389648438
-13.112990379333496 -21.15431022644043 3.8551955223083496
14.597615242004395 -1.5829014778137207 10.003511428833008
-20.318044662475586 -3.855557918548584 -5.271098613739014
-13.330907821655273 -16.924623489379883 -65.63902282714844
-4.90731954574585 -6.514340400695801 114.14097595214844
3.8835272789001465 0.2729552090167999 65.02410125732422
24.668617248535156 -2.290037155151367 56.94586944580078
29.71333122253418 -2.6943492889404297 86.57942962646484
-9.807653427124023 -12.986067771911621 -13.32666301727295
24.36933135986328 20.562440872192383 -138.1881103515625
71.935546875 -4.518035411834717 34.05705642700195
-18.72748565673828 -10.292471885681152 -83.56623077392578
-30.988554000854492 3.025244951248169 73.67707061767578
-38.772220611572266 -8.399811744689941 75.11285400390625
17.09912872314453 -16.770742416381836 16.616018295288086
-6.709783554077148 -7.939012050628662 130.28707885742188
-21.787147521972656 -8.833126068115234 -113.28290557861328
23.06934356689453 1.814619541168213 -132.6207733154297
27.85245704650879 -17.58949089050293 -90.70271301269531
-12.750082969665527 -20.13612937927246 -68.91361236572266
-73.40299987792969 -1.2528178691864014 10.327481269836426
-7.5290985107421875 -1.2508878707885742 121.49214935302734
-43.21609878540039 -5.423410415649414 69.0107421875
-0.8566411733627319 3.577298402786255 43.065425872802734
-49.948360443115234 0.7922593355178833 49.71742248535156
-23.141386032104492 -1.746945858001709 -38.12851333618164
-3.3792877197265625 14.558876037597656 27.151756286621094
18.70395851135254 -18.10474967956543 -69.05098724365234
10.352444648742676 0.08346719294786453 116.3693618774414
-10.57005500793457 12.494026184082031 43.8031120300293
-6.096938133239746 5.475283622741699 -16.48516273498535
28.471454620361328 -11.89242172241211 -135.220947265625
-26.73838996887207 -12.478312492370605 -89.8387451171875
25.238128662109375 6.755551338195801 62.85625457763672
82.23065948486328 4.027634620666504 4.1972198486328125
-12.911565780639648 -16.512727737426758 -23.33448600769043
12.126035690307617 -0.9809938669204712 -28.020992279052734
17.92790985107422 -21.965158462524414 -90.55048370361328
75.73513793945312 21.63312530517578 10.66886043548584
-19.283246994018555 7.026478290557861 67.41458129882812
47.533512115478516 -12.780887603759766 70.34050750732422
4.452469348907471 -10.407600402832031 56.75081253051758
21.393558502197266 -10.5599365234375 -97.22523498535156
21.540916442871094 -14.134159088134766 54.903682708740234
73.28160095214844 11.187359809875488 15.059467315673828
9.57792854309082 -10.615605354309082 -28.732547760009766
-0.7706542611122131 -17.197526931762695 93.2414321899414
-16.28339958190918 -5.828420162200928 88.6165771484375
9.617931365966797 -16.793642044067383 82.8792495727539
-7.795590400695801 -1.9393829107284546 -53.50626754760742
0.5540652275085449 2.253296375274658 10.895548820495605
6.235835552215576 -10.79654312133789 112.87071990966797
-20.748104095458984 -3.3275864124298096 -12.881220817565918
15.855245590209961 -2.788106918334961 -1.275915503501892
11.348743438720703 -10.73155689239502 -58.34709167480469
-9.07406997680664 -7.985955238342285 70.85833740234375
15.14732837677002 -10.115983963012695 42.858821868896484
-19.914846420288086 -6.5704522132873535 -57.705322265625
40.13097381591797 -5.366598606109619 81.3031234741211
16.20945930480957 11.463980674743652 74.67859649658203
-22.553918838500977 -6.701146602630615 -10.95266342163086
58.05900573730469 -10.58062744140625 55.88694763183594
17.426334381103516 -2.000720262527466 89.82417297363281
-25.258129119873047 4.107724666595459 74.99777221679688
-17.738971710205078 -17.792438507080078 -136.4271697998047
-4.607789039611816 -17.96661376953125 -7.058997631072998
18.17889976501465 -7.327682971954346 -81.63655853271484
-22.755373001098633 -14.224164009094238 86.18677520751953
21.68569564819336 -19.955297470092773 77.35961151123047
-5.147458553314209 -15.133496284484863 -23.110607147216797
7.24177360534668 -16.02259635925293 51.7111930847168
-71.49075317382812 9.479265213012695 13.832558631896973
-59.75589370727539 2.887091875076294 33.055789947509766
-7.171779155731201 3.725613594055176 14.047562599182129
-17.48404884338379 -3.9898014068603516 -82.27770233154297
68.06570434570312 -6.667135715484619 33.46974563598633
24.587045669555664 -5.511325359344482 -125.78247833251953
-21.691818237304688 20.57680892944336 -136.3506622314453
4.051302909851074 -19.367206573486328 92.88743591308594
-5.941209316253662 -3.957925796508789 54.13969039916992
-16.159523010253906 -14.379105567932129 -128.78904724121094
-19.55317497253418 -14.268478393554688 -8.369876861572266
-14.038862228393555 -17.611833572387695 -103.93150329589844
-15.083215713500977 1.4612022638320923 25.442739486694336
44.930084228515625 -1.3144643306732178 58.109474182128906
-10.339452743530273 -9.951886177062988 -71.70589447021484
-18.646411895751953 -21.446434020996094 -104.25164794921875
-23.87369155883789 -9.3270902633667 -122.41291809082031
13.116863250732422 -16.087265014648438 -22.315696716308594
23.53489875793457 4.263476848602295 7.209537029266357
18.878725051879883 6.141580104827881 61.55906677246094
-38.741336822509766 -14.419193267822266 66.07645416259766
1.0828757286071777 -0.23022451996803284 30.067569732666016
-9.35698127746582 5.035330295562744 33.626705169677734
20.15437126159668 -16.023326873779297 -22.31318473815918
-3.6121737957000732 -10.95357894897461 1.8908830881118774
27.193239212036133 -6.327164173126221 77.60663604736328
42.55915069580078 -8.884997367858887 80.29356384277344
6.964295387268066 -2.019357442855835 96.32270812988281
2.8907625675201416 -13.795817375183105 23.061948776245117
18.324634552001953 -12.099319458007812 -52.65924072265625
-5.369837284088135 13.527233123779297 72.15618896484375
9.536941528320312 -20.050893783569336 88.77137756347656
80.71158599853516 -1.070264220237732 2.6032047271728516
-8.387948989868164 9.943957328796387 -20.135358810424805
8.68370246887207 -3.1898906230926514 -20.284517288208008
-10.755206108093262 -16.864925384521484 -88.50674438476562
30.087873458862305 1.1321245431900024 -132.09263610839844
-26.117141723632812 11.172558784484863 -134.0401153564453
26.5780086517334 13.1339750289917 -134.00770568847656
28.58785057067871 -12.404541969299316 -125.309326171875
-30.570463180541992 -0.945385217666626 85.7475357055664
25.2030029296875 -12.447662353515625 -35.772029876708984
-27.375572204589844 -16.338930130004883 69.45332336425781
-17.622982025146484 -12.04786491394043 -13.348532676696777
18.74858283996582 -18.286251068115234 -100.41205596923828
-17.829631805419922 -12.725240707397461 -118.99075317382812
-55.33934020996094 -7.518435955047607 54.22056579589844
7.502303123474121 -12.752885818481445 3.8856687545776367
16.361251831054688 -5.323751926422119 -70.47525024414062
-6.332208156585693 -12.760339736938477 56.33499526977539
-29.343769073486328 11.756019592285156 -137.5323944091797
-14.59748363494873 8.153156280517578 23.31927490234375
0.6334962844848633 6.793993949890137 71.1697998046875
-12.371598243713379 -0.5319847464561462 21.238872528076172
-0.4845215082168579 -10.105381965637207 44.283512115478516
-50.08104705810547 -3.9427356719970703 57.93534469604492
-2.9402170181274414 -8.562065124511719 -23.121416091918945
-71.26102447509766 13.579629898071289 20.02948570251465
-21.01660919189453 -19.04021644592285 -71.07574462890625
29.916772842407227 -12.7030611038208 -76.2336196899414
1.5043175220489502 12.813956260681152 13.129480361938477
-13.324609756469727 8.353341102600098 -32.95848846435547
8.375242233276367 14.717884063720703 32.218482971191406
25.272645950317383 -10.945303916931152 -116.3188247680664
-17.13126564025879 -9.384468078613281 -66.84306335449219
36.35060501098633 -10.780508995056152 65.82460021972656
22.646602630615234 -14.447428703308105 -60.44822692871094
16.798185348510742 -8.417281150817871 0.7205017805099487
-18.389514923095703 3.438307285308838 1.738345980644226
-17.111915588378906 0.4304563105106354 -50.7723274230957
22.410749435424805 10.587995529174805 -136.228515625
26.03790855407715 -9.325313568115234 -77.00567626953125
14.268982887268066 -4.093482494354248 14.88126277923584
83.19703674316406 10.89782428741455 -8.949135780334473
-15.9269437789917 -13.300199508666992 -33.25309753417969
32.948246002197266 -7.535736083984375 84.93451690673828
18.338947296142578 9.083234786987305 29.628938674926758
4.163755893707275 3.566088914871216 105.7528076171875
7.772861480712891 -9.980563163757324 14.374237060546875
55.56294631958008 -10.962688446044922 47.839168548583984
-22.032978057861328 -0.8136888146400452 8.017759323120117
-0.6400967240333557 9.447400093078613 27.172393798828125
-13.983951568603516 9.198474884033203 -19.36943817138672
-27.77128791809082 -9.06882095336914 78.59121704101562
46.483482360839844 0.7802983522415161 65.1693344116211
5.314793586730957 -17.178783416748047 129.39285278320312
10.613421440124512 -16.330598831176758 96.40213012695312
-46.01108932495117 -0.8422059416770935 63.564754486083984
24.444236755371094 -4.197375774383545 11.96346378326416
9.206620216369629 -12.299201965332031 104.75695037841797
10.636016845703125 11.780241012573242 11.381224632263184
-4.910763740539551 9.270386695861816 -11.48904800415039
34.87149429321289 3.29121994972229 73.3552017211914
37.5560417175293 -16.578317642211914 77.1627426147461
23.24820899963379 -15.801243782043457 -55.50752639770508
-3.018805980682373 -2.01450252532959 -19.468002319335938
56.52151870727539 -2.150359630584717 42.170982360839844
4.395880222320557 -8.29638671875 67.44518280029297
-2.6274054050445557 -13.5164213180542 116.63507080078125
-47.525794982910156 -5.412625312805176 62.00907897949219
0.5146611928939819 -16.946813583374023 53.25825119018555
32.929115295410156 16.215354919433594 -135.39663696289062
63.12427520751953 -4.138311386108398 51.48656463623047
21.261825561523438 -19.956134796142578 84.3486328125
11.082404136657715 -1.4908982515335083 84.9372329711914
18.08722686767578 7.40130615234375 8.070466995239258
22.035531997680664 -14.403749465942383 -35.59146499633789
-2.51107120513916 -3.987064838409424 -33.10078811645508
8.818137168884277 1.098616600036621 -33.406097412109375
-49.0352897644043 -5.242958068847656 44.13065719604492
16.891010284423828 11.806718826293945 1.6407780647277832
-9.125761032104492 11.883132934570312 76.83914184570312
21.14854621887207 -6.040264129638672 -110.78517150878906
18.21055793762207 -10.005488395690918 -74.87809753417969
49.574031829833984 -7.450238227844238 63.08487319946289
-60.46769332885742 -3.655062198638916 48.571495056152344
-19.80894660949707 -6.479602813720703 7.238222122192383
-14.572429656982422 -7.094781398773193 -75.01856231689453
-24.944353103637695 -12.588006973266602 -78.9396743774414
11.527347564697266 -11.435495376586914 47.103885650634766
23.787010192871094 5.085117340087891 44.28070831298828
18.32803726196289 -7.052435874938965 91.40540313720703
-15.603277206420898 -7.680334568023682 -125.84870147705078
-11.81957721710205 10.252574920654297 54.28919219970703
-2.9334919452667236 -18.023212432861328 77.83287048339844
-13.682076454162598 -16.80864715576172 -19.940645217895508
26.938182830810547 -7.623635292053223 -81.79033660888672
21.391616821289062 -15.052229881286621 -77.55738830566406
-36.5980339050293 -16.444807052612305 69.68461608886719
24.91092872619629 -9.546873092651367 6.059013843536377
17.748027801513672 -17.80465316772461 -108.32762908935547
29.03226089477539 -7.100185871124268 -88.31578826904297
30.140666961669922 -14.948928833007812 -84.53593444824219
-15.742515563964844 -11.435443878173828 -23.864484786987305
22.627931594848633 5.8822221755981445 2.7853190898895264
2.5233874320983887 7.239167213439941 123.0667495727539
-9.733160018920898 2.8634231090545654 9.804350852966309
-6.678454399108887 -9.695995330810547 99.81748962402344
-78.24103546142578 6.6340532302856445 10.311610221862793
-18.623123168945312 -14.692835807800293 -57.06800079345703
20.228836059570312 7.705999374389648 -19.660615921020508
-1.6517817974090576 -20.296728134155273 56.55610275268555
83.66519165039062 15.699332237243652 -1.8234925270080566
83.93834686279297 11.018852233886719 -1.3136049509048462
-9.297956466674805 13.261720657348633 24.46134376525879
-15.70708179473877 -12.46617317199707 79.36137390136719
15.073332786560059 -5.873757839202881 -53.28128433227539
25.35541534423828 -3.5047402381896973 -57.55216598510742
-16.270246505737305 3.0924599170684814 -33.565128326416016
10.818809509277344 -7.239216327667236 128.5042266845703
-26.56694221496582 -10.081596374511719 65.42745208740234
-30.408573150634766 14.401264190673828 -137.0900115966797
76.13277435302734 22.071596145629883 9.26551342010498
-35.0611457824707 -1.3469791412353516 73.36016082763672
-7.030700206756592 12.86362075805664 60.87071228027344
19.443485260009766 -20.044645309448242 -0.2877562642097473
-12.176558494567871 -0.8945707678794861 -56.52341079711914
-16.980966567993164 0.5558429956436157 -135.39431762695312
2.3758370876312256 -5.701498985290527 -3.0741732120513916
-10.488677024841309 -18.856460571289062 -75.59662628173828
-4.643875598907471 -2.4124603271484375 96.09431457519531
36.568634033203125 -12.722305297851562 84.82825469970703
82.81025695800781 11.535441398620605 5.883357524871826
76.50054931640625 20.373231887817383 9.32154655456543
-25.57105255126953 1.1470264196395874 68.36437225341797
20.793956756591797 -6.964053630828857 -115.12776947021484
15.696414947509766 -18.639833450317383 -14.827653884887695
-18.055524826049805 6.951811790466309 6.421346664428711
-18.628665924072266 -1.8330549001693726 23.80074691772461
-16.26677131652832 -21.199493408203125 -88.0501708984375
-8.542391777038574 -16.557933807373047 -23.93777847290039
-61.691402435302734 -8.924113273620605 35.93706130981445
-16.100635528564453 -1.8977291584014893 70.6656494140625
-19.957088470458984 -3.1955862045288086 -126.91890716552734
-11.721981048583984 -18.49280548095703 -13.884093284606934
23.895402908325195 -11.228011131286621 -6.9107465744018555
-19.641216278076172 -0.7481842637062073 87.37103271484375
23.468095779418945 20.543033599853516 -137.23611450195312
41.39002227783203 -2.1484265327453613 63.12090301513672
77.58345031738281 16.094392776489258 11.91227912902832
-7.789024829864502 -19.121326446533203 5.616221904754639
27.97747802734375 -17.423946380615234 80.82955169677734
-21.148426055908203 -11.31457233428955 -61.34349822998047
14.436044692993164 -14.747817039489746 -64.82539367675781
-76.65292358398438 -0.6192847490310669 7.1173834800720215
26.02472496032715 -11.23306941986084 -36.929527282714844
79.26788330078125 9.61396312713623 17.965530395507812
-13.878572463989258 11.376191139221191 74.46383666992188
-15.222750663757324 -14.143622398376465 91.29570770263672
-46.99845504760742 -0.14318689703941345 61.89498519897461
2.7067952156066895 8.924854278564453 34.33031463623047
-2.3484878540039062 -12.863304138183594 106.84288024902344
-16.164119720458984 8.623289108276367 0.4063308537006378
68.851806640625 -4.205150127410889 38.6274528503418
31.52227020263672 4.845644950866699 70.84442901611328
-42.63429641723633 -1.6881263256072998 57.781105041503906
76.87783813476562 2.5038890838623047 26.149389266967773
22.337085723876953 -11.449532508850098 82.20817565917969
-43.93649673461914 1.9509836435317993 61.47532272338867
20.868877410888672 7.782538890838623 -3.2392020225524902
7.205338001251221 -8.72031021118164 -19.51412582397461
-1.7391583919525146 -5.588551998138428 -21.068706512451172
10.320870399475098 -21.276063919067383 63.93018341064453
15.715468406677246 -15.167692184448242 -44.74436569213867
22.68416976928711 -19.426362991333008 -65.75709533691406
14.62957763671875 -17.72354507446289 65.62471771240234
-17.703960418701172 -21.78602409362793 -98.67430114746094
-16.77069664001465 11.36449146270752 -138.02700805664062
10.021547317504883 -11.515911102294922 -41.46426010131836
-25.788772583007812 -14.485590934753418 -82.63078308105469
-7.044051170349121 -3.1827805042266846 125.47262573242188
-20.74901008605957 0.13554848730564117 -45.34953689575195
-12.23771858215332 -12.846135139465332 -49.17341613769531
76.37000274658203 12.867758750915527 16.48434829711914
5.393329620361328 14.1983642578125 41.50893020629883
-12.268449783325195 -8.696210861206055 39.57126235961914
-78.94023895263672 15.518829345703125 -1.41316819190979
-79.22000885009766 10.43106746673584 -2.750379800796509
13.007149696350098 13.056041717529297 45.33079528808594
-22.1130313873291 -3.0864131450653076 3.7446489334106445
-11.998448371887207 -4.6962761878967285 -50.184200286865234
-4.138123989105225 13.037281036376953 43.215885162353516
-28.433788299560547 -6.981729030609131 70.13540649414062
-77.80219268798828 3.247102737426758 2.8941538333892822
25.30997657775879 -5.449833869934082 -112.13058471679688
-6.830657005310059 -20.6066951751709 12.967459678649902
-29.945709228515625 -2.7908120155334473 65.1540298461914
2.429083824157715 -21.832542419433594 81.73075103759766
-56.209476470947266 -1.9732599258422852 51.85224533081055
-18.592052459716797 1.3234329223632812 11.509387969970703
82.24320220947266 4.483922481536865 -5.943399429321289
80.48023986816406 -1.7543727159500122 -3.3735318183898926
21.90211296081543 3.2591428756713867 18.312795639038086
1.9989153146743774 5.129269599914551 28.729778289794922
5.468706130981445 9.549086570739746 0.3204409182071686
24.167329788208008 -11.074901580810547 -45.78312301635742
-14.015752792358398 -10.379924774169922 -101.12049102783203
-6.886497497558594 -21.84402847290039 -1.19740891456604
-13.011837005615234 -5.373235702514648 62.00244903564453
-6.496497631072998 -3.7085633277893066 11.154640197753906
-20.1282901763916 -6.15310525894165 60.59177017211914
28.869598388671875 -14.647905349731445 87.40111541748047
18.72859764099121 -11.72584056854248 -40.62001037597656
-10.867278099060059 8.260767936706543 -28.02172088623047
24.787696838378906 -1.9006030559539795 -24.82594108581543
-2.3870744705200195 12.763195037841797 21.139564514160156
-17.464374542236328 -5.003884315490723 -113.66935729980469
-60.262107849121094 0.11715976148843765 44.56141662597656
4.035253047943115 -15.883805274963379 126.57890319824219
83.43980407714844 10.2888765335083 -3.0194649696350098
81.82588958740234 5.44145393371582 -5.84195613861084
-14.857417106628418 5.63665246963501 74.80899047851562
25.405912399291992 -3.812268018722534 0.613082766532898
-21.524869918823242 -13.773727416992188 -135.41265869140625
12.89781665802002 10.08340835571289 18.110849380493164
-14.175983428955078 -18.108463287353516 -57.95104217529297
-4.687585830688477 7.10816764831543 20.44436264038086
6.828291416168213 -16.34368324279785 20.929428100585938
-15.397083282470703 -11.433463096618652 52.907012939453125
22.998546600341797 -9.096257209777832 -41.11014175415039
19.412416458129883 7.824269771575928 40.24012756347656
59.395896911621094 3.048353672027588 41.14146423339844
-24.833864212036133 -10.248245239257812 -128.5378875732422
15.458911895751953 11.782489776611328 -3.0738091468811035
26.02761459350586 -2.1258795261383057 -10.330118179321289
-18.976680755615234 -6.064802646636963 -106.26811218261719
-11.78455638885498 -20.55228042602539 10.9099760055542
9.808263778686523 0.48770642280578613 90.21037292480469
9.111388206481934 4.589295387268066 -22.79825782775879
-21.649410247802734 0.25346145033836365 -15.978821754455566
-23.524486541748047 -8.4616060256958 -91.77928161621094
13.276126861572266 13.150598526000977 26.521072387695312
2.2948315143585205 -13.12352180480957 -1.4026386737823486
-50.16154861450195 -4.986557483673096 42.431610107421875
-11.891212463378906 -15.937727928161621 -38.97660446166992
-7.243441581726074 -14.176323890686035 -44.791019439697266
-20.863658905029297 5.6059417724609375 -10.854573249816895
-13.934651374816895 -6.544896125793457 18.714113235473633
5.2591328620910645 -15.479438781738281 111.0931625366211
64.11758422851562 -7.189661502838135 51.47863006591797
-21.147991180419922 1.5434834957122803 -39.14497375488281
-8.820915222167969 -18.226816177368164 79.25643157958984
-76.2328872680664 0.264957994222641 12.469520568847656
-12.160073280334473 -4.986226558685303 -79.66146087646484
-18.37156105041504 7.106823444366455 51.26264953613281
26.027856826782227 18.20903778076172 -137.34146118164062
-11.486784934997559 -13.153655052185059 11.144641876220703
10.869057655334473 -5.309568405151367 34.869388580322266
-11.307605743408203 -15.51496696472168 64.8135986328125
2.487440347671509 -11.560637474060059 132.59420776367188
-14.086125373840332 2.925781488418579 65.52943420410156
-2.42059063911438 -13.594198226928711 129.58111572265625
3.255885124206543 -4.047364234924316 23.930274963378906
18.577957153320312 9.967578887939453 12.437204360961914
-69.70584106445312 14.784112930297852 17.817859649658203
15.364086151123047 -6.839488506317139 81.4046859741211
21.478918075561523 -16.83134651184082 86.4173355102539
16.717655181884766 -19.309797286987305 63.51556396484375
-0.21785350143909454 3.3160359859466553 126.2965316772461
-19.014753341674805 -11.117857933044434 -30.813968658447266
-24.050355911254883 -19.52965545654297 -93.1812973022461
23.352258682250977 0.38598400354385376 43.7864990234375
6.423542022705078 3.8437256813049316 24.147945404052734
16.838300704956055 -6.117461204528809 70.51630401611328
-15.430867195129395 9.381918907165527 56.333946228027344
14.789794921875 -20.613182067871094 -83.88259887695312
20.79261016845703 -7.782824516296387 43.65556335449219
-2.4113268852233887 -21.597633361816406 71.31436920166016
-21.859485626220703 -8.451504707336426 -22.24297523498535
8.556259155273438 12.019627571105957 74.78047943115234
-18.536481857299805 7.789572715759277 -5.1334757804870605
-77.93550109863281 10.435410499572754 4.494999885559082
22.01555824279785 -9.123727798461914 -135.9620361328125
-17.827098846435547 6.088005542755127 -132.5011444091797
-9.551348686218262 4.7033514976501465 -32.19057846069336
22.331674575805664 -8.921449661254883 -18.154144287109375
10.647329330444336 10.804593086242676 -18.7166805267334
-11.504535675048828 -0.34241563081741333 8.175071716308594
-34.0852165222168 -8.137616157531738 80.8741455078125
-19.09662437438965 17.824026107788086 -137.27162170410156
20.869539260864258 -16.64733123779297 -10.703145980834961
34.63695526123047 -11.131979942321777 79.15921020507812
24.17085075378418 -20.128694534301758 -74.19496154785156
-55.177978515625 -0.23825587332248688 47.7217903137207
76.0293197631836 -0.4732225835323334 21.579021453857422
-21.402843475341797 -10.137714385986328 -18.395998001098633
-41.23612976074219 -9.497503280639648 61.66377258300781
8.248149871826172 -3.151311159133911 111.98870849609375
20.81163215637207 7.801395893096924 -31.16462516784668
-9.155370712280273 -0.5548512935638428 -47.21837615966797
5.23275089263916 5.936105728149414 118.46945190429688
-14.99985122680664 10.476258277893066 62.00148010253906
28.62554931640625 -9.927874565124512 -107.30559539794922
-74.26471710205078 -1.353250503540039 11.515995025634766
-51.07260513305664 -1.3252956867218018 43.56184387207031
-23.869647979736328 -6.682639122009277 -99.17267608642578
0.27978527545928955 -16.97797393798828 15.217464447021484
11.583269119262695 -15.421097755432129 98.4531021118164
17.674367904663086 -4.860424518585205 -84.4453125
-10.329434394836426 -0.3548732399940491 84.94953918457031
20.93960952758789 1.2097020149230957 -137.5772247314453
11.218626022338867 -13.14145565032959 -35.562843322753906
1.7671846151351929 -7.482752323150635 7.186788082122803
-19.382102966308594 -3.8039913177490234 -91.57776641845703
14.61170482635498 -19.965391159057617 -85.82255554199219
11.58896255493164 -4.644675254821777 124.33350372314453
-14.09089469909668 -6.071416854858398 -87.90973663330078
-71.52183532714844 4.783053874969482 27.084888458251953
15.003124237060547 -14.277396202087402 -80.04979705810547
28.47258949279785 -7.031721591949463 -97.05104064941406
-1.2805696725845337 -10.6315336227417 31.59168243408203
-21.103300094604492 -6.048559188842773 -36.96267318725586
13.298483848571777 -18.296903610229492 56.0073356628418
25.526817321777344 1.732876181602478 -17.672121047973633
-1.7039979696273804 -6.061878204345703 61.656856536865234
-47.473663330078125 -7.872603893280029 65.25440979003906
-12.124166488647461 -7.794191360473633 -60.46299362182617
-11.41038990020752 -18.871673583984375 -96.91080474853516
15.24234676361084 -15.944856643676758 -51.36522674560547
-16.15656280517578 1.853166103363037 54.13948440551758
-14.661008834838867 -4.414352893829346 33.86214828491211
11.77175235748291 7.188606262207031 -7.330202579498291
25.36289405822754 -2.771679162979126 -52.32010269165039
43.76832962036133 -5.145885467529297 75.99227905273438
-20.502120971679688 -12.674248695373535 -50.75471115112305
-31.747011184692383 -5.768619060516357 86.62017822265625
-11.490188598632812 -15.912223815917969 -44.68877029418945
-23.6153564453125 -8.448904991149902 -83.33110046386719
-2.6297194957733154 1.1954549551010132 -22.711299896240234
-7.7465338706970215 4.57167911529541 -40.78126907348633
-14.078319549560547 5.383862495422363 61.43585205078125
-61.804656982421875 -7.175436019897461 47.194950103759766
-61.84674072265625 -9.376469612121582 46.3447265625
-18.32614517211914 -5.267932891845703 -100.11106872558594
24.540523529052734 1.8176147937774658 -45.58103561401367
29.0927734375 -9.247578620910645 89.86802673339844
1.2890102863311768 -17.02447509765625 107.44256591796875
-69.8861083984375 22.129608154296875 10.130414009094238
-13.864542961120605 -5.354608535766602 -104.49134826660156
-22.497522354125977 0.8799622058868408 -31.66141128540039
14.470634460449219 11.513495445251465 77.64347076416016
-5.964085102081299 10.952139854431152 -17.03131675720215
-11.638398170471191 -4.8693060874938965 4.782674312591553
15.128891944885254 -19.428180694580078 -5.471054553985596
-15.633298873901367 -12.698939323425293 -42.61836242675781
-17.956655502319336 5.283201694488525 24.8060359954834
-11.16469955444336 -22.71953582763672 -92.0042495727539
-3.718759298324585 12.455044746398926 32.97422409057617
-37.294219970703125 -3.8483662605285645 68.7002944946289
-8.449578285217285 -13.451146125793457 48.339603424072266
10.756842613220215 -17.104455947875977 6.575901985168457
4.61012601852417 -1.7649444341659546 123.76251220703125
28.004852294921875 0.54517662525177 -20.713590621948242
35.880584716796875 -1.744581937789917 81.72661590576172
-16.413768768310547 5.431541919708252 31.737506866455078
54.677337646484375 0.7068846821784973 47.56667709350586
21.76718521118164 5.249724388122559 -26.662107467651367
-19.418142318725586 -9.318511009216309 -0.8304543495178223
-9.56833267211914 -14.520547866821289 96.00426483154297
8.070192337036133 -0.8185177445411682 4.593635082244873
-16.180692672729492 2.9596848487854004 81.85419464111328
-17.864761352539062 -1.7742390632629395 -60.01094055175781
27.986722946166992 -8.482963562011719 -114.16666412353516
6.308896064758301 -15.967845916748047 92.44463348388672
14.762208938598633 6.000089168548584 -36.01859664916992
-56.63150405883789 -7.724766254425049 48.6340446472168
-0.944320023059845 2.632415294647217 49.83354187011719
-21.601747512817383 11.409469604492188 -133.1382293701172
-19.799665451049805 -11.437460899353027 -38.20465087890625
25.249977111816406 6.693039417266846 58.41680145263672
17.70473861694336 -13.701225280761719 -107.03396606445312
14.292121887207031 -17.7231502532959 -63.29017639160156
14.682147026062012 -13.03471565246582 -93.96066284179688
-11.414118766784668 -20.269550323486328 -5.448081016540527
-15.713027000427246 -17.54734992980957 9.381437301635742
2.8442671298980713 16.377185821533203 45.95729446411133
-0.5584413409233093 4.4515862464904785 65.10447692871094
-12.375962257385254 11.746846199035645 -2.6567177772521973
-9.71401596069336 -13.234475135803223 -2.1168735027313232
13.893906593322754 3.478929042816162 52.938743591308594
-24.973413467407227 -5.235807418823242 87.01569366455078
-17.275455474853516 7.336898326873779 -26.529726028442383
74.62652587890625 6.667922019958496 15.764907836914062
-7.943680286407471 8.260534286499023 80.07563018798828
-71.78486633300781 19.18146514892578 14.065617561340332
18.0572452545166 -13.400156021118164 -110.079345703125
23.6324405670166 -9.928582191467285 -52.924156188964844
-17.44831657409668 -4.582116603851318 -94.05541229248047
22.04887580871582 -10.781786918640137 59.33514404296875
-57.89421081542969 -7.8541975021362305 36.098079681396484
-11.386463165283203 -10.923507690429688 -80.98126220703125
-17.02286148071289 7.330962657928467 -136.35205078125
-16.000585556030273 -19.324581146240234 -75.55189514160156
-9.726022720336914 -11.555059432983398 27.042085647583008
-9.222018241882324 -13.882246017456055 -57.65058135986328
-5.5489606857299805 10.041051864624023 -0.45572009682655334
-7.0931572914123535 5.951254367828369 83.84880065917969
21.895360946655273 -12.220931053161621 -123.02971649169922
-4.164212226867676 -14.739598274230957 124.01704406738281
14.310155868530273 8.934226036071777 -22.666385650634766
13.416083335876465 -11.287649154663086 31.973501205444336
2.2457735538482666 11.841456413269043 46.47530746459961
9.367904663085938 13.260313987731934 23.359487533569336
16.817829132080078 -22.25298309326172 -86.30696105957031
-1.1642522811889648 -20.28744125366211 61.56842803955078
-2.3724405765533447 11.372405052185059 38.21331024169922
82.37733459472656 4.56146240234375 -2.484259843826294
80.62361907958984 -1.6152442693710327 -1.9473220109939575
-5.181589603424072 2.4646224975585938 58.05449295043945
-75.89509582519531 5.642446041107178 17.642168045043945
-19.28579330444336 5.8896284103393555 6.1228742599487305
3.6706912517547607 14.451314926147461 17.704360961914062
10.482057571411133 7.617480278015137 41.27651596069336
81.4701919555664 5.301973819732666 -7.748788833618164
-22.58481788635254 -9.929694175720215 92.10665130615234
23.284509658813477 -11.483095169067383 -30.63466453552246
-10.649873733520508 -7.3070292472839355 92.25601959228516
-10.557160377502441 -4.524270534515381 45.922096252441406
-5.66546106338501 12.859068870544434 50.790706634521484
-14.85142993927002 -17.35832405090332 -113.2114486694336
13.546345710754395 -9.86009407043457 97.03792572021484
-27.403827667236328 -15.425061225891113 86.90469360351562
34.19530487060547 -5.1053690910339355 86.41289520263672
6.340214729309082 -19.75625228881836 57.589561462402344
-59.80849075317383 1.3736282587051392 39.173580169677734
54.361961364746094 -11.196760177612305 53.37300491333008
2.1868655681610107 11.170206069946289 4.636981010437012
3.7270078659057617 -18.348527908325195 123.04095458984375
-76.43984985351562 4.009942531585693 8.380827903747559
9.786518096923828 -14.169570922851562 -18.115480422973633
15.814728736877441 -8.617709159851074 -74.80680847167969
11.690491676330566 -16.825590133666992 59.86095428466797
24.16843032836914 -17.680912017822266 -105.04499816894531
21.851438522338867 -4.4568376541137695 -75.84407806396484
28.696508407592773 -13.324360847473145 -96.86334991455078
-6.311314105987549 -2.011016845703125 118.69093322753906
82.72523498535156 5.826877593994141 9.916831970214844
19.905099868774414 -12.944628715515137 19.093088150024414
12.266880989074707 10.992364883422852 72.0543441772461
-14.658069610595703 -1.488852858543396 30.16159439086914
-5.782755374908447 -17.15236473083496 94.22776794433594
22.359561920166016 17.631511688232422 -137.73257446289062
9.5867919921875 -13.249724388122559 66.25562286376953
18.32377815246582 6.3166117668151855 1.2506471872329712
58.312374114990234 -5.529890537261963 39.045108795166016
-13.530799865722656 -18.543087005615234 -96.38724517822266
42.28422546386719 -11.160713195800781 75.93106079101562
16.630538940429688 2.0298519134521484 -19.633432388305664
-2.817213773727417 1.5706760883331299 4.0682291984558105
18.86061668395996 -9.252668380737305 31.340755462646484
-21.21668243408203 2.0360324382781982 58.13666534423828
7.894523620605469 6.2732110023498535 64.26036071777344
-18.771337509155273 -16.630876541137695 -67.40856170654297
-5.244452476501465 -11.057872772216797 80.97049713134766
-13.554823875427246 -15.025792121887207 -114.71286010742188
-17.488712310791016 -15.418523788452148 -27.359281539916992
25.848703384399414 -2.835547685623169 -39.90227508544922
13.746322631835938 -6.444976329803467 -63.822235107421875
-8.23486328125 2.505566120147705 -2.6216893196105957
-25.02085304260254 -4.649832248687744 64.31684875488281
-7.359221458435059 -18.41181182861328 -14.30294132232666
5.336122512817383 -8.901639938354492 37.507328033447266
2.219313621520996 -15.756576538085938 100.81195831298828
11.73597526550293 -1.7465842962265015 -48.05068588256836
23.893064498901367 -12.587848663330078 -86.69054412841797
16.058813095092773 -19.856800079345703 80.79917907714844
33.533634185791016 17.329748153686523 -137.4138946533203
37.85210418701172 -1.51870596408844 75.78243255615234
-10.793338775634766 -12.499544143676758 -96.75830078125
21.148345947265625 -15.638075828552246 3.375899076461792
-14.554862976074219 -11.341495513916016 -109.67839813232422
-38.55802536010742 -13.845340728759766 75.80687713623047
-25.448949813842773 16.057178497314453 -136.9340057373047
-36.87995529174805 -14.055395126342773 78.9730224609375
25.712425231933594 -6.692692756652832 -72.85350799560547
10.2549467086792 -3.9561731815338135 97.43367767333984
27.55923080444336 1.5070563554763794 76.66633605957031
-9.372776985168457 9.780145645141602 -7.648723125457764
13.382392883300781 -19.283178329467773 14.494841575622559
-6.097546100616455 -1.1173216104507446 131.10829162597656
23.037784576416016 -7.047154903411865 -26.21573829650879
18.09249496459961 -10.022406578063965 25.8740177154541
-22.466917037963867 -8.689186096191406 -34.31239700317383
-10.140340805053711 -19.647642135620117 87.40927124023438
-11.240396499633789 -12.009714126586914 6.7318854331970215
58.47902297973633 -3.1731016635894775 55.78316879272461
0.19497527182102203 -18.61421775817871 3.1463937759399414
4.321079730987549 13.460371017456055 75.71898651123047
17.203405380249023 -20.31371307373047 86.37409973144531
60.05118179321289 -10.424481391906738 50.85069274902344
-17.809410095214844 4.270081520080566 -131.81716918945312
23.27437400817871 4.662370681762695 -38.320106506347656
11.96572208404541 -4.34072732925415 59.44901657104492
-47.16337203979492 -13.347392082214355 63.321998596191406
24.18003273010254 5.399014949798584 79.60781860351562
74.6774673461914 5.458282947540283 20.924884796142578
-21.382356643676758 -7.872861862182617 -78.77591705322266
-20.743988037109375 -16.757678985595703 -106.056884765625
5.857223987579346 -18.251935958862305 12.435314178466797
25.089628219604492 -11.822538375854492 -21.39091682434082
17.721830368041992 -2.1311280727386475 -13.338428497314453
15.321051597595215 -16.87574577331543 -60.733707427978516
7.3582258224487305 -15.274136543273926 120.83216094970703
20.507572174072266 -10.658180236816406 11.675390243530273
16.425323486328125 -16.776596069335938 -98.52587127685547
-0.6847311854362488 -18.804637908935547 86.58413696289062
20.642887115478516 -18.46747398376465 -60.5074462890625
-66.42462158203125 7.045832633972168 25.983844757080078
4.40702486038208 -7.8719563484191895 119.5155258178711
-5.928428649902344 -12.559992790222168 -18.84552001953125
-14.567660331726074 -9.64063549041748 -129.9948272705078
5.884670734405518 6.733055591583252 71.74402618408203
-3.7319388389587402 -9.48107624053955 75.90898895263672
-30.03172492980957 -15.382671356201172 77.58794403076172
37.176368713378906 -2.8505945205688477 63.44940185546875
64.9200668334961 -6.924344539642334 46.18032455444336
1.784788966178894 10.958229064941406 114.09542846679688
74.09537506103516 5.561212062835693 24.086801528930664
16.84890365600586 -12.491375923156738 64.6179428100586
12.8026762008667 13.364709854125977 40.16926193237305
-17.654809951782227 -17.180410385131836 64.87125396728516
-12.622756004333496 10.220230102539062 2.3266358375549316
9.831982612609863 -6.688915252685547 102.40791320800781
11.18893051147461 -15.463881492614746 48.048255920410156
-22.212343215942383 -13.094853401184082 -127.92901611328125
20.855865478515625 -3.173887014389038 -58.26252365112305
7.402720928192139 0.03857645392417908 10.086309432983398
3.5726630687713623 -11.063196182250977 78.66632080078125
-78.9394760131836 3.395427942276001 -0.033996839076280594
-76.53079223632812 -1.568603515625 1.1421259641647339
-1.8280826807022095 -1.8338871002197266 -14.323323249816895
5.852331161499023 0.26229730248451233 -17.177349090576172
25.66707992553711 -12.000960350036621 -39.321983337402344
16.5389347076416 -15.736780166625977 19.84609603881836
-10.08615779876709 -15.592941284179688 17.26999855041504
9.125714302062988 13.435482025146484 64.36204528808594
-32.43083953857422 -0.9580656290054321 79.55889892578125
-6.0379319190979 -6.8331522941589355 -54.05534362792969
-22.319900512695312 -13.078292846679688 -74.54193115234375
33.288326263427734 -17.48423194885254 83.87586975097656
27.506595611572266 4.640334606170654 69.13526916503906
-8.313188552856445 12.970453262329102 33.04380416870117
19.935392379760742 -15.937508583068848 -135.7044677734375
27.549509048461914 -16.89347267150879 -78.74578857421875
20.936983108520508 -6.058984756469727 49.049888610839844
-53.40517044067383 -3.058814287185669 37.15670394897461
-63.963443756103516 -8.115480422973633 38.957252502441406
22.689382553100586 -5.152379512786865 -99.75411987304688
18.575395584106445 -7.136135578155518 -105.61688232421875
25.850929260253906 -11.350369453430176 -71.12017822265625
10.636263847351074 -11.862543106079102 34.779319763183594
-18.87382698059082 -6.591611862182617 -51.4364128112793
13.810635566711426 -15.335411071777344 -72.05524444580078
-14.72297477722168 2.625762939453125 -42.53273010253906
-19.181028366088867 2.6207754611968994 -44.495933532714844
-21.661314010620117 -3.529430389404297 -34.02257537841797
-3.619507312774658 10.76806354522705 13.12761402130127
29.680387496948242 -9.416976928710938 -92.01146697998047
-78.56381225585938 10.714776039123535 -7.345056533813477
62.320674896240234 -7.586174964904785 52.64673614501953
-36.26999282836914 -5.152574062347412 57.56715393066406
59.41302490234375 -9.151232719421387 44.56950759887695
14.168891906738281 -10.815778732299805 -10.705289840698242
6.880896091461182 1.4276304244995117 -22.734445571899414
-21.942663192749023 -18.55695915222168 68.54080200195312
-11.236980438232422 -1.6164864301681519 -20.799110412597656
19.145084381103516 9.869671821594238 70.79857635498047
-5.005270004272461 8.041858673095703 -19.28093719482422
-7.493793964385986 -2.8752424716949463 -12.790548324584961
-0.8491443991661072 -8.874048233032227 93.55313873291016
-1.0282833576202393 10.928506851196289 72.20720672607422
13.832985877990723 9.181811332702637 57.912662506103516
-42.25090789794922 0.46924400329589844 65.22608184814453
-8.411775588989258 -6.038888931274414 26.459877014160156
-13.240374565124512 -2.8676891326904297 -64.95449829101562
-19.274158477783203 -12.829347610473633 -43.99987030029297
17.32332992553711 2.7324588298797607 -45.49624252319336
-73.09099578857422 0.004204871132969856 15.917521476745605
14.665687561035156 -15.97799301147461 -86.92636108398438
-6.33717679977417 7.158279895782471 -24.74665069580078
12.063676834106445 5.24777889251709 -0.18520531058311462
21.31517791748047 -12.882838249206543 0.36128249764442444
15.302667617797852 13.451949119567871 68.7497787475586
-16.438413619995117 -18.37026023864746 -111.21286010742188
5.459218978881836 8.711790084838867 51.730831146240234
26.3131160736084 -10.5319242477417 -41.14240264892578
-1.5767908096313477 12.56647777557373 76.73743438720703
20.877168655395508 -7.065094947814941 -89.3328857421875
26.592744827270508 -8.754141807556152 -58.506290435791016
29.445520401000977 -14.624763488769531 72.55693054199219
18.75554656982422 -8.056201934814453 39.14093017578125
25.52098274230957 2.6875874996185303 61.17451095581055
50.35190963745117 1.0473642349243164 55.34577560424805
83.4044418334961 10.985427856445312 -9.643317222595215
14.774666786193848 -1.5772112607955933 76.91300964355469
-47.31106948852539 -6.346258640289307 47.07241439819336
10.238187789916992 1.9409815073013306 124.05032348632812
-2.8406805992126465 9.772428512573242 49.23969650268555
-19.59477996826172 -17.765539169311523 -96.24900817871094
-19.090665817260742 2.2896552085876465 20.346364974975586
16.247089385986328 -17.1294002532959 9.524850845336914
13.962944984436035 -13.752655029296875 97.7132568359375
22.40730094909668 -12.625568389892578 91.91725158691406
-9.970433235168457 5.214062213897705 82.44993591308594
21.31415557861328 -9.313849449157715 -132.02740478515625
-75.01598358154297 14.342225074768066 13.1495943069458
-7.696861743927002 10.293264389038086 7.277553558349609
-4.915716171264648 -14.775589942932129 68.83209228515625
-25.074859619140625 -15.78796672821045 -88.56080627441406
57.968624114990234 -6.59515905380249 55.96406173706055
14.767812728881836 -14.014566421508789 54.3411750793457
36.15503692626953 1.6201645135879517 68.17455291748047
-2.488161087036133 -5.435122966766357 129.35980224609375
1.145310878753662 6.48890495300293 36.783538818359375
-22.536304473876953 -16.4033145904541 -111.3658676147461
-8.460394859313965 -17.126859664916992 54.151973724365234
-8.406716346740723 1.0293223857879639 68.71257019042969
22.19502830505371 7.075094699859619 67.94510650634766
27.24460792541504 -3.2366292476654053 66.46607208251953
8.18392562866211 -13.429621696472168 -8.329676628112793
-22.210737228393555 -5.612400531768799 -102.47386932373047
-14.122941970825195 3.5333220958709717 -48.312660217285156
9.049123764038086 -8.61098861694336 90.200439453125
27.539241790771484 -1.12056303024292 60.90076446533203
-33.55985641479492 -7.014682769775391 64.55064392089844
79.46319580078125 1.6576862335205078 9.778722763061523
17.524402618408203 -19.82939338684082 -79.2718276977539
-19.189680099487305 3.0225412845611572 47.12888717651367
22.883764266967773 4.438093185424805 52.443397521972656
24.2213134765625 -6.8012261390686035 14.943622589111328
-20.023849487304688 -4.926909923553467 -87.2700424194336
23.768484115600586 -8.500333786010742 -105.34894561767578
-23.519140243530273 -4.296187400817871 -17.823528289794922
1.9643813371658325 15.26025676727295 24.89205551147461
63.70783996582031 -6.3465962409973145 36.22652053833008
-8.758941650390625 12.587715148925781 37.63230895996094
-16.786663055419922 -10.519530296325684 -93.01165008544922
6.438487529754639 -14.17801570892334 88.46441650390625
-66.4530258178711 -0.4279017150402069 31.56226921081543
-3.464535713195801 -7.598799705505371 -5.866930961608887
10.769705772399902 -11.569148063659668 125.71316528320312
15.173626899719238 11.99919605255127 20.96267318725586
-6.307504653930664 -1.6658685207366943 -36.7925910949707
-23.028636932373047 6.420071125030518 -134.8387908935547
78.4373550415039 0.3574342429637909 16.319639205932617
-56.891807556152344 -6.645962238311768 40.02406692504883
-47.361106872558594 -11.179503440856934 55.09146499633789
22.755882263183594 -1.340468406677246 7.473012447357178
3.1034936904907227 3.811342239379883 -3.0788512229919434
-15.287403106689453 -6.586097717285156 -134.48329162597656
1.7341336011886597 -0.300687313079834 98.78941345214844
0.80638587474823 4.851226329803467 102.22575378417969
11.153423309326172 -9.527442932128906 -48.40058517456055
4.636356830596924 12.124373435974121 32.97048568725586
-5.7829413414001465 -7.1193013191223145 -46.744895935058594
-22.880277633666992 -3.5395517349243164 -133.3314208984375
-2.732234239578247 13.221244812011719 64.5454330444336
-7.270605087280273 8.965519905090332 64.59329223632812
-1.3800122737884521 -16.890886306762695 8.73118782043457
19.72287940979004 -15.377572059631348 -112.56684875488281
1.6791892051696777 8.761491775512695 110.09236907958984
-12.923840522766113 -6.234445571899414 -96.14645385742188
71.0985336303711 -0.3642406165599823 28.718778610229492
-2.3642003536224365 -0.5560174584388733 102.73152160644531
-14.486712455749512 -16.073768615722656 -29.6859073638916
-33.795745849609375 2.2898659706115723 67.76834106445312
2.4352848529815674 14.676339149475098 68.11522674560547
6.160489082336426 6.275485038757324 14.27656364440918
-15.583281517028809 -2.002562999725342 16.335969924926758
-6.545767307281494 10.422843933105469 -14.3783597946167
26.523155212402344 -14.294717788696289 -68.59107971191406
-13.01648998260498 9.940353393554688 46.79896926879883
10.724318504333496 6.51677942276001 83.6356430053711
1.867742657661438 13.053608894348145 62.13284683227539
46.469017028808594 -12.970993995666504 65.10768127441406
12.930749893188477 -11.15208625793457 24.289003372192383
81.56439208984375 12.214346885681152 13.359925270080566
4.312548637390137 -17.72879409790039 -0.6386296153068542
-1.7857284545898438 -18.158348083496094 -1.4546635150909424
26.127748489379883 -8.834023475646973 65.11356353759766
-77.74081420898438 10.608153343200684 -5.833375453948975
-12.31502914428711 6.190856456756592 39.97370529174805
17.829797744750977 -17.419111251831055 -94.20849609375
71.31477355957031 -1.205163598060608 35.773460388183594
-1.5423316955566406 6.877659320831299 116.5333023071289
-17.68623924255371 -15.041175842285156 -133.34950256347656
52.75018310546875 -3.5406100749969482 51.58484649658203
-15.916068077087402 6.710325717926025 -18.090688705444336
-1.6638822555541992 3.631565570831299 -6.1558451652526855
2.120821475982666 -11.069965362548828 10.253556251525879
13.801826477050781 4.45621395111084 7.035954475402832
-1.9815950393676758 -14.285564422607422 19.433385848999023
-19.468046188354492 -13.62841796875 7.00382661819458
-37.41671371459961 1.8371882438659668 62.20980453491211
-30.913747787475586 -12.534821510314941 86.31172180175781
8.03750228881836 -0.44384825229644775 104.57230377197266
9.716361999511719 -11.432918548583984 118.71955108642578
-37.20954895019531 -16.001243591308594 74.45808410644531
59.92158508300781 -1.911637306213379 49.79020309448242
-70.5696792602539 16.862262725830078 13.369260787963867
-22.62054443359375 -13.399242401123047 -67.9288330078125
0.8646547198295593 -11.72880744934082 85.25325775146484
-25.564010620117188 -4.3983154296875 77.67266082763672
-6.84602689743042 -1.1897153854370117 47.390892028808594
0.3669499158859253 -15.496021270751953 63.863243103027344
20.730506896972656 -4.699850082397461 -96.47923278808594
22.55410385131836 -21.34724235534668 -86.00174713134766
25.217039108276367 -2.058023452758789 85.86554718017578
31.781864166259766 -14.23841667175293 89.20366668701172
4.151027679443359 -10.978001594543457 124.5098648071289
23.023815155029297 -6.858636856079102 -66.06229400634766
13.041990280151367 11.656503677368164 2.003101348876953
-19.306692123413086 12.998753547668457 -136.06369018554688
26.86988639831543 7.033722400665283 -132.96115112304688
21.730037689208984 0.4525916278362274 -50.26119613647461
-17.938011169433594 -11.569437026977539 13.804048538208008
71.47494506835938 5.908693313598633 30.114328384399414
8.725703239440918 -6.999176502227783 -43.84238052368164
52.56895446777344 -0.9278157949447632 59.71608352661133
15.467161178588867 -15.051168441772461 91.35505676269531
17.384309768676758 4.668086051940918 80.10728454589844
2.522707939147949 -0.530373752117157 103.2375259399414
10.573790550231934 -20.135669708251953 -10.14122486114502
-0.9366985559463501 -4.822882175445557 -9.280454635620117
6.881146430969238 -3.5142338275909424 -10.661942481994629
70.28311920166016 -6.521738529205322 35.28365707397461
-10.674901008605957 -16.260286331176758 -29.53584098815918
34.65302276611328 11.817599296569824 -134.65374755859375
20.856470108032227 7.551973342895508 -12.837451934814453
31.697603225708008 -0.540525496006012 83.72294616699219
2.1927568912506104 8.240927696228027 58.21050262451172
74.06243133544922 3.9559502601623535 31.970121383666992
-78.25318908691406 4.381444454193115 -1.726971983909607
-75.90361022949219 -1.5949207544326782 -1.548850655555725
16.103099822998047 -6.381911754608154 -60.34910583496094
-19.52675437927246 -4.881492614746094 -65.91716766357422
18.944908142089844 -16.159074783325195 72.51382446289062
4.689725875854492 -13.371037483215332 59.12770080566406
-10.854973793029785 7.496509075164795 -37.52214050292969
12.163346290588379 -13.216554641723633 74.56153869628906
3.0252482891082764 -20.586698532104492 56.499637603759766
6.696670055389404 1.1269971132278442 43.86424255371094
-54.99980545043945 2.2516679763793945 39.53865051269531
22.431819915771484 -0.9986123442649841 -33.91777420043945
74.82675170898438 0.322875052690506 17.393394470214844
12.989566802978516 7.248548984527588 30.765710830688477
22.928287506103516 -14.026456832885742 -46.163883209228516
24.911914825439453 -14.520895957946777 -56.033409118652344
48.308250427246094 -9.637456893920898 70.20034790039062
0.3450012803077698 -4.174875259399414 114.71614837646484
42.49637985229492 -0.2639414370059967 73.35104370117188
-69.88957214355469 9.183300018310547 22.4244384765625
1.8155392408370972 -17.20149803161621 119.12032318115234
-21.97411346435547 -10.18552303314209 69.59718322753906
-18.704591751098633 -2.921483278274536 46.18666458129883
-64.41268157958984 2.64530873298645 27.669069290161133
22.379825592041016 -17.2066650390625 65.83570098876953
-11.89806842803955 -4.970258712768555 -6.217373847961426
6.814497947692871 -18.592084884643555 64.35406494140625
5.496530055999756 -3.325843572616577 -4.419826984405518
17.813020706176758 -12.56148624420166 47.56108856201172
-0.1678999364376068 7.4764533042907715 110.22514343261719
15.487936973571777 -4.472158908843994 41.04690933227539
11.393317222595215 13.63118839263916 36.60788345336914
27.66500473022461 -4.791286945343018 -20.59176254272461
23.81338882446289 -21.7606258392334 -96.52489471435547
-7.713256359100342 8.701501846313477 28.122568130493164
4.526216983795166 -9.240614891052246 98.20709228515625
-23.727861404418945 -17.32695198059082 -82.08628845214844
3.2477529048919678 15.715436935424805 32.11803436279297
15.06579875946045 -14.153566360473633 -56.502227783203125
62.08232498168945 3.7489285469055176 42.874908447265625
-19.452486038208008 1.228653907775879 -24.516803741455078
24.669462203979492 -15.482087135314941 -131.649658203125
-20.55316734313965 -10.587867736816406 55.06731033325195
-1.1296242475509644 0.8714494109153748 91.48987579345703
-13.494665145874023 -10.600826263427734 95.3109130859375
4.776682376861572 1.4753730297088623 55.552860260009766
-3.6254305839538574 -2.3554840087890625 68.02619171142578
11.164763450622559 -6.368655681610107 115.11917877197266
-17.252521514892578 7.54224157333374 -133.7754669189453
62.79430389404297 -0.6020461916923523 33.62812805175781
64.57926177978516 -0.13208624720573425 39.44682312011719
-4.813305377960205 -12.557500839233398 27.28156089782715
3.126667022705078 -6.632656097412109 53.69657516479492
26.878084182739258 -2.9832677841186523 -136.5778045654297
-16.17594337463379 -16.0937557220459 -1.7752206325531006
3.7971532344818115 6.149880409240723 80.56751251220703
8.64146900177002 -13.197213172912598 112.5424575805664
-33.08936309814453 -17.276790618896484 73.00405883789062
-5.7272233963012695 -2.5859553813934326 -27.71240234375
18.751916885375977 7.8758015632629395 48.144325256347656
42.71687698364258 -13.318948745727539 67.49949645996094
-10.642510414123535 5.538751125335693 48.214927673339844
2.59857177734375 7.0442118644714355 106.40823364257812
-25.65604019165039 -12.713750839233398 -84.50057220458984
-4.747447490692139 -0.6421561241149902 36.897056579589844
-24.478788375854492 -15.141512870788574 -98.1161880493164
-9.743186950683594 -21.774494171142578 69.05591583251953
1.799521565437317 -18.26658058166504 74.55792236328125
-61.319252014160156 -4.26699686050415 34.52824020385742
-63.02158737182617 -6.6187520027160645 42.83810043334961
-54.02644729614258 -2.5129802227020264 54.11491012573242
-8.462904930114746 -8.270041465759277 -32.7030029296875
-51.748313903808594 -8.311389923095703 44.54862594604492
77.38883209228516 16.96546173095703 16.80402183532715
40.65300369262695 -9.052684783935547 60.30266189575195
-7.084805488586426 -1.1133676767349243 77.46147918701172
-19.39559555053711 -18.835485458374023 -113.3899154663086
4.51015043258667 -2.8080477714538574 76.09675598144531
-6.900667667388916 -10.562745094299316 123.1185073852539
4.728588581085205 11.969656944274902 25.478612899780273
-19.7946720123291 -5.597274303436279 -29.85146713256836
19.894420623779297 -18.15571403503418 -105.16331481933594
7.083468437194824 -0.2509480118751526 32.60393142700195
26.377399444580078 -7.800037384033203 56.07308578491211
10.939621925354004 3.172055959701538 -40.99586868286133
-11.058001518249512 -11.23074722290039 84.50037384033203
-3.8179991245269775 -2.6481401920318604 83.76223754882812
24.402997970581055 -4.166446685791016 19.10643196105957
28.491802215576172 -10.436562538146973 -129.6837158203125
28.93219757080078 -19.15038299560547 -84.92145538330078
9.7530517578125 -21.367271423339844 71.03736114501953
-9.530659675598145 11.229031562805176 69.90050506591797
15.972624778747559 -14.082197189331055 -31.589313507080078
-48.725982666015625 -2.45228910446167 51.06173324584961
-4.777705669403076 -7.2458720207214355 16.379016876220703
-66.09880828857422 6.152905464172363 31.41455841064453
6.38304328918457 -5.173994541168213 132.72979736328125
2.0833165645599365 -5.83424186706543 103.99272918701172
-70.2927017211914 2.180602788925171 22.431190490722656
-20.166061401367188 -6.198472499847412 -44.96519470214844
15.25228214263916 -11.221439361572266 -22.139192581176758
11.017362594604492 7.769145965576172 -15.92817497253418
46.038414001464844 -4.067415237426758 69.37651824951172
-71.4535903930664 20.986146926879883 10.133411407470703
-77.56806945800781 14.940011978149414 6.2473602294921875
-15.388435363769531 -7.887233734130859 69.87178039550781
-23.777395248413086 -9.453405380249023 -70.65225982666016
-9.626519203186035 10.776187896728516 -14.39448356628418
-4.376622200012207 0.2846858501434326 25.825387954711914
37.47365188598633 -6.622313022613525 71.49539184570312
19.490652084350586 -3.7074289321899414 34.20909118652344
56.658668518066406 -11.481180191040039 56.59703063964844
3.056593656539917 9.888052940368652 114.96890258789062
11.382018089294434 -3.9007046222686768 -38.078819274902344
66.03389739990234 1.2234593629837036 43.15025329589844
-20.568510055541992 -14.035930633544922 61.64504623413086
0.9383308291435242 -2.2210803031921387 16.289995193481445
45.23906326293945 -10.161421775817871 57.399234771728516
11.44652271270752 -17.542512893676758 -0.7307702302932739
65.84255981445312 4.745782852172852 36.16067123413086
-24.88482093811035 -12.041470527648926 -104.66214752197266
-12.721436500549316 8.023738861083984 18.195518493652344
-17.54953956604004 -5.678040981292725 13.124183654785156
25.59868812561035 -3.8626365661621094 -46.634822845458984
9.001004219055176 -4.191463947296143 49.7751350402832
-19.973764419555664 0.3065750300884247 -4.00662899017334
17.23995590209961 -11.58011245727539 -101.4236831665039
-2.300694227218628 14.873895645141602 55.49516296386719
